3000
4
825.7801513671875
575.7431030273438
705.6965942382812
861.9697265625
829.070068359375
628.3825073242188
1337.3690185546875
860.32470703125
830.715087890625
575.7431030273438
1126.8115234375
894.8693237304688
829.070068359375
575.7431030273438
1337.3690185546875
853.7448120117188
840.5849609375
602.0628051757812
1337.3690185546875
824.1351318359375
842.2299194335938
523.103759765625
916.2540283203125
863.6146850585938
830.715087890625
575.7431030273438
1337.3690185546875
832.3600463867188
838.9400024414062
549.4234619140625
916.2540283203125
886.6444091796875
835.6500244140625
549.4234619140625
916.2540283203125
880.064453125
824.1351318359375
654.7021484375
1337.3690185546875
838.9400024414062
830.715087890625
654.7021484375
916.2540283203125
863.6146850585938
834.0050048828125
628.3825073242188
705.6965942382812
861.9697265625
810.9752807617188
602.0628051757812
705.6965942382812
870.194580078125
814.2652587890625
602.0628051757812
916.2540283203125
870.194580078125
809.330322265625
628.3825073242188
1126.8115234375
852.0997924804688
822.4901733398438
681.0218505859375
1126.8115234375
837.2949829101562
832.3600463867188
613.5776977539062
705.6965942382812
853.7448120117188
819.2001953125
587.2579956054688
705.6965942382812
857.0347290039062
817.5552368164062
590.5479125976562
810.9752807617188
861.9697265625
806.0403442382812
669.5070190429688
1232.09033203125
865.2596435546875
807.6853637695312
648.1222534179688
916.2540283203125
863.6146850585938
794.5255126953125
639.8973388671875
916.2540283203125
861.9697265625
807.6853637695312
597.1278686523438
810.9752807617188
865.2596435546875
809.330322265625
582.3230590820312
810.9752807617188
850.454833984375
814.2652587890625
681.0218505859375
1337.3690185546875
837.2949829101562
820.84521484375
598.7728271484375
600.4178466796875
838.9400024414062
815.9102783203125
597.1278686523438
705.6965942382812
871.839599609375
819.2001953125
611.9326782226562
810.9752807617188
880.064453125
817.5552368164062
644.832275390625
916.2540283203125
847.1648559570312
819.2001953125
672.7969360351562
916.2540283203125
845.5198974609375
829.070068359375
639.8973388671875
705.6965942382812
835.6500244140625
834.0050048828125
654.7021484375
810.9752807617188
853.7448120117188
834.0050048828125
684.3118286132812
1021.5327758789062
857.0347290039062
835.6500244140625
695.82666015625
1021.5327758789062
860.32470703125
822.4901733398438
743.5311279296875
1126.8115234375
843.8749389648438
817.5552368164062
699.1166381835938
705.6965942382812
848.8098754882812
815.9102783203125
694.1817016601562
810.9752807617188
858.6797485351562
807.6853637695312
662.9270629882812
705.6965942382812
868.5496215820312
802.7504272460938
679.3768920898438
916.2540283203125
860.32470703125
824.1351318359375
681.0218505859375
705.6965942382812
852.0997924804688
812.6203002929688
634.96240234375
600.4178466796875
850.454833984375
806.0403442382812
740.2411499023438
1232.09033203125
838.9400024414062
820.84521484375
725.4363403320312
916.2540283203125
855.3897705078125
814.2652587890625
677.7318725585938
810.9752807617188
860.32470703125
812.6203002929688
753.4010009765625
1337.3690185546875
855.3897705078125
817.5552368164062
682.6668701171875
600.4178466796875
863.6146850585938
810.9752807617188
656.34716796875
705.6965942382812
871.839599609375
812.6203002929688
756.6909790039062
1232.09033203125
845.5198974609375
830.715087890625
743.5311279296875
1021.5327758789062
832.3600463867188
829.070068359375
694.1817016601562
1021.5327758789062
815.9102783203125
815.9102783203125
776.4307250976562
1442.647705078125
809.330322265625
848.8098754882812
710.6315307617188
810.9752807617188
832.3600463867188
843.8749389648438
689.2467651367188
810.9752807617188
838.9400024414062
843.8749389648438
764.9158325195312
1021.5327758789062
834.0050048828125
824.1351318359375
699.1166381835938
600.4178466796875
861.9697265625
807.6853637695312
717.21142578125
810.9752807617188
840.5849609375
840.5849609375
736.951171875
810.9752807617188
842.2299194335938
835.6500244140625
815.9102783203125
1232.09033203125
855.3897705078125
834.0050048828125
783.0106201171875
810.9752807617188
848.8098754882812
838.9400024414062
761.6259155273438
810.9752807617188
863.6146850585938
832.3600463867188
712.2764892578125
600.4178466796875
855.3897705078125
857.0347290039062
700.7615966796875
600.4178466796875
848.8098754882812
857.0347290039062
784.6556396484375
1021.5327758789062
852.0997924804688
838.9400024414062
787.945556640625
810.9752807617188
853.7448120117188
840.5849609375
727.081298828125
475.3993225097656
852.0997924804688
845.5198974609375
741.8861083984375
896.5142822265625
843.8749389648438
847.1648559570312
809.330322265625
1317.6292724609375
834.0050048828125
847.1648559570312
781.3656616210938
896.5142822265625
853.7448120117188
842.2299194335938
774.7857666015625
896.5142822265625
853.7448120117188
858.6797485351562
797.8154907226562
896.5142822265625
863.6146850585938
870.194580078125
738.59619140625
685.956787109375
853.7448120117188
853.7448120117188
819.2001953125
1317.6292724609375
834.0050048828125
847.1648559570312
870.194580078125
1317.6292724609375
834.0050048828125
857.0347290039062
735.3062133789062
475.3993225097656
847.1648559570312
845.5198974609375
848.8098754882812
1317.6292724609375
830.715087890625
863.6146850585938
822.4901733398438
896.5142822265625
837.2949829101562
834.0050048828125
792.8805541992188
896.5142822265625
843.8749389648438
809.330322265625
896.5142822265625
1317.6292724609375
822.4901733398438
822.4901733398438
801.1054077148438
685.956787109375
842.2299194335938
832.3600463867188
799.46044921875
685.956787109375
842.2299194335938
834.0050048828125
820.84521484375
896.5142822265625
825.7801513671875
838.9400024414062
855.3897705078125
685.956787109375
825.7801513671875
848.8098754882812
801.1054077148438
264.8418273925781
847.1648559570312
845.5198974609375
812.6203002929688
264.8418273925781
848.8098754882812
838.9400024414062
834.0050048828125
264.8418273925781
848.8098754882812
845.5198974609375
837.2949829101562
264.8418273925781
848.8098754882812
837.2949829101562
812.6203002929688
264.8418273925781
842.2299194335938
842.2299194335938
829.070068359375
264.8418273925781
840.5849609375
850.454833984375
756.6909790039062
54.28435134887695
853.7448120117188
835.6500244140625
829.070068359375
685.956787109375
853.7448120117188
832.3600463867188
866.9046630859375
685.956787109375
852.0997924804688
830.715087890625
799.46044921875
475.3993225097656
842.2299194335938
812.6203002929688
868.5496215820312
896.5142822265625
835.6500244140625
815.9102783203125
845.5198974609375
685.956787109375
843.8749389648438
810.9752807617188
886.6444091796875
896.5142822265625
837.2949829101562
815.9102783203125
866.9046630859375
475.3993225097656
848.8098754882812
824.1351318359375
764.9158325195312
264.8418273925781
857.0347290039062
809.330322265625
843.8749389648438
896.5142822265625
843.8749389648438
809.330322265625
843.8749389648438
685.956787109375
850.454833984375
804.3953857421875
896.5142822265625
1107.07177734375
834.0050048828125
809.330322265625
922.833984375
1107.07177734375
830.715087890625
814.2652587890625
843.8749389648438
685.956787109375
842.2299194335938
804.3953857421875
896.5142822265625
896.5142822265625
845.5198974609375
810.9752807617188
843.8749389648438
475.3993225097656
858.6797485351562
814.2652587890625
870.194580078125
896.5142822265625
824.1351318359375
815.9102783203125
896.5142822265625
896.5142822265625
832.3600463867188
829.070068359375
896.5142822265625
896.5142822265625
827.4251098632812
825.7801513671875
922.833984375
896.5142822265625
832.3600463867188
817.5552368164062
870.194580078125
475.3993225097656
832.3600463867188
824.1351318359375
896.5142822265625
896.5142822265625
814.2652587890625
804.3953857421875
922.833984375
896.5142822265625
806.0403442382812
799.46044921875
896.5142822265625
685.956787109375
817.5552368164062
806.0403442382812
949.1536865234375
1107.07177734375
804.3953857421875
804.3953857421875
929.4138793945312
685.956787109375
802.7504272460938
809.330322265625
848.8098754882812
580.6780395507812
809.330322265625
807.6853637695312
955.7335815429688
1317.6292724609375
799.46044921875
789.590576171875
903.09423828125
580.6780395507812
804.3953857421875
771.4957885742188
922.833984375
896.5142822265625
787.945556640625
764.9158325195312
921.18896484375
791.2355346679688
778.07568359375
746.8211059570312
1006.7279663085938
1317.6292724609375
756.6909790039062
741.8861083984375
1010.0179443359375
1001.7930297851562
732.0162353515625
723.7913208007812
996.8580932617188
896.5142822265625
718.8563842773438
700.7615966796875
1018.2428588867188
791.2355346679688
697.4716796875
684.3118286132812
1059.3673095703125
685.956787109375
669.5070190429688
656.34716796875
1154.7762451171875
896.5142822265625
646.477294921875
656.34716796875
1217.285400390625
896.5142822265625
646.477294921875
651.4122314453125
1228.80029296875
896.5142822265625
620.1575927734375
669.5070190429688
1223.8653564453125
896.5142822265625
623.4475708007812
666.217041015625
1278.1497802734375
1107.07177734375
634.96240234375
672.7969360351562
1304.4693603515625
896.5142822265625
643.1873168945312
682.6668701171875
1294.5994873046875
685.956787109375
657.9921264648438
695.82666015625
1283.084716796875
685.956787109375
684.3118286132812
697.4716796875
1312.6943359375
1107.07177734375
697.4716796875
727.081298828125
1223.8653564453125
685.956787109375
713.9214477539062
733.6612548828125
1194.2557373046875
685.956787109375
748.466064453125
761.6259155273438
1218.930419921875
685.956787109375
751.7560424804688
787.945556640625
1159.711181640625
475.3993225097656
771.4957885742188
786.3005981445312
1241.960205078125
1107.07177734375
786.3005981445312
812.6203002929688
1291.3095703125
1317.6292724609375
789.590576171875
825.7801513671875
1169.5810546875
685.956787109375
825.7801513671875
843.8749389648438
1156.421142578125
896.5142822265625
829.070068359375
838.9400024414062
1090.6219482421875
685.956787109375
852.0997924804688
850.454833984375
1051.1424560546875
685.956787109375
861.9697265625
863.6146850585938
1130.1014404296875
1107.07177734375
857.0347290039062
881.70947265625
1149.84130859375
896.5142822265625
871.839599609375
896.5142822265625
1087.33203125
896.5142822265625
893.2243041992188
894.8693237304688
1110.3616943359375
1107.07177734375
886.6444091796875
899.8042602539062
1136.681396484375
1107.07177734375
884.9994506835938
898.1592407226562
1061.0123291015625
896.5142822265625
894.8693237304688
908.0291748046875
1077.462158203125
1107.07177734375
903.09423828125
922.833984375
1008.3729248046875
685.956787109375
912.964111328125
911.319091796875
995.213134765625
896.5142822265625
911.319091796875
906.3841552734375
1074.172119140625
1107.07177734375
901.44921875
911.319091796875
1065.947265625
896.5142822265625
912.964111328125
904.7391967773438
1095.556884765625
1107.07177734375
908.0291748046875
909.6741333007812
1087.33203125
896.5142822265625
927.7689208984375
911.319091796875
1028.1126708984375
896.5142822265625
932.703857421875
911.319091796875
1024.82275390625
896.5142822265625
926.1239624023438
927.7689208984375
883.3544311523438
475.3993225097656
939.2837524414062
924.4789428710938
934.3488159179688
1107.07177734375
929.4138793945312
914.6090698242188
886.6444091796875
685.956787109375
935.9938354492188
919.5440063476562
899.8042602539062
1001.7930297851562
934.3488159179688
924.4789428710938
934.3488159179688
896.5142822265625
929.4138793945312
931.0588989257812
814.2652587890625
370.1205749511719
931.0588989257812
926.1239624023438
847.1648559570312
475.3993225097656
927.7689208984375
926.1239624023438
778.07568359375
159.56309509277344
939.2837524414062
932.703857421875
812.6203002929688
475.3993225097656
940.9287719726562
931.0588989257812
886.6444091796875
580.6780395507812
919.5440063476562
929.4138793945312
922.833984375
475.3993225097656
926.1239624023438
916.2540283203125
949.1536865234375
475.3993225097656
926.1239624023438
914.6090698242188
932.703857421875
475.3993225097656
935.9938354492188
912.964111328125
977.1183471679688
685.956787109375
932.703857421875
903.09423828125
978.7633056640625
685.956787109375
911.319091796875
896.5142822265625
950.7986450195312
580.6780395507812
911.319091796875
888.2893676757812
922.833984375
475.3993225097656
904.7391967773438
893.2243041992188
947.5086669921875
791.2355346679688
906.3841552734375
896.5142822265625
955.7335815429688
791.2355346679688
908.0291748046875
889.9343872070312
916.2540283203125
580.6780395507812
899.8042602539062
873.4845581054688
1021.5327758789062
1212.3504638671875
880.064453125
876.7745361328125
975.4733276367188
580.6780395507812
888.2893676757812
878.4194946289062
876.7745361328125
370.1205749511719
898.1592407226562
873.4845581054688
916.2540283203125
791.2355346679688
889.9343872070312
873.4845581054688
870.194580078125
580.6780395507812
893.2243041992188
875.1295166015625
850.454833984375
580.6780395507812
893.2243041992188
873.4845581054688
883.3544311523438
791.2355346679688
883.3544311523438
873.4845581054688
870.194580078125
791.2355346679688
883.3544311523438
863.6146850585938
830.715087890625
791.2355346679688
884.9994506835938
847.1648559570312
909.6741333007812
1212.3504638671875
868.5496215820312
848.8098754882812
896.5142822265625
791.2355346679688
865.2596435546875
857.0347290039062
810.9752807617188
580.6780395507812
883.3544311523438
858.6797485351562
817.5552368164062
791.2355346679688
881.70947265625
858.6797485351562
896.5142822265625
1001.7930297851562
857.0347290039062
858.6797485351562
863.6146850585938
580.6780395507812
865.2596435546875
850.454833984375
838.9400024414062
621.8025512695312
868.5496215820312
850.454833984375
878.4194946289062
937.6387939453125
863.6146850585938
848.8098754882812
878.4194946289062
937.6387939453125
868.5496215820312
850.454833984375
845.5198974609375
832.3600463867188
871.839599609375
847.1648559570312
858.6797485351562
832.3600463867188
855.3897705078125
837.2949829101562
792.8805541992188
516.5238037109375
868.5496215820312
837.2949829101562
832.3600463867188
937.6387939453125
868.5496215820312
835.6500244140625
931.0588989257812
1358.7537841796875
850.454833984375
834.0050048828125
891.579345703125
832.3600463867188
843.8749389648438
840.5849609375
845.5198974609375
727.081298828125
852.0997924804688
847.1648559570312
838.9400024414062
832.3600463867188
857.0347290039062
842.2299194335938
792.8805541992188
727.081298828125
861.9697265625
842.2299194335938
838.9400024414062
1042.91748046875
853.7448120117188
840.5849609375
871.839599609375
1148.1962890625
848.8098754882812
843.8749389648438
806.0403442382812
727.081298828125
845.5198974609375
835.6500244140625
766.5608520507812
727.081298828125
855.3897705078125
832.3600463867188
825.7801513671875
1148.1962890625
847.1648559570312
837.2949829101562
789.590576171875
621.8025512695312
853.7448120117188
842.2299194335938
779.720703125
621.8025512695312
861.9697265625
847.1648559570312
766.5608520507812
621.8025512695312
865.2596435546875
837.2949829101562
801.1054077148438
832.3600463867188
847.1648559570312
835.6500244140625
797.8154907226562
621.8025512695312
847.1648559570312
843.8749389648438
806.0403442382812
621.8025512695312
834.0050048828125
837.2949829101562
778.07568359375
411.2450866699219
827.4251098632812
834.0050048828125
738.59619140625
411.2450866699219
837.2949829101562
820.84521484375
871.839599609375
1253.4749755859375
815.9102783203125
832.3600463867188
848.8098754882812
832.3600463867188
827.4251098632812
838.9400024414062
796.1704711914062
621.8025512695312
840.5849609375
827.4251098632812
771.4957885742188
516.5238037109375
848.8098754882812
834.0050048828125
740.2411499023438
516.5238037109375
845.5198974609375
827.4251098632812
773.1407470703125
727.081298828125
840.5849609375
817.5552368164062
819.2001953125
937.6387939453125
832.3600463867188
825.7801513671875
834.0050048828125
937.6387939453125
837.2949829101562
825.7801513671875
761.6259155273438
305.9663391113281
830.715087890625
827.4251098632812
797.8154907226562
727.081298828125
830.715087890625
835.6500244140625
814.2652587890625
727.081298828125
832.3600463867188
822.4901733398438
781.3656616210938
516.5238037109375
837.2949829101562
837.2949829101562
810.9752807617188
727.081298828125
850.454833984375
835.6500244140625
755.0459594726562
516.5238037109375
855.3897705078125
829.070068359375
774.7857666015625
937.6387939453125
847.1648559570312
832.3600463867188
804.3953857421875
937.6387939453125
832.3600463867188
832.3600463867188
755.0459594726562
937.6387939453125
852.0997924804688
837.2949829101562
824.1351318359375
1148.1962890625
830.715087890625
838.9400024414062
708.9865112304688
516.5238037109375
840.5849609375
827.4251098632812
774.7857666015625
1148.1962890625
842.2299194335938
827.4251098632812
715.5664672851562
727.081298828125
852.0997924804688
824.1351318359375
781.3656616210938
1358.7537841796875
824.1351318359375
832.3600463867188
778.07568359375
1148.1962890625
825.7801513671875
819.2001953125
801.1054077148438
1148.1962890625
822.4901733398438
829.070068359375
750.1110229492188
516.5238037109375
832.3600463867188
848.8098754882812
720.5014038085938
516.5238037109375
845.5198974609375
832.3600463867188
797.8154907226562
727.081298828125
840.5849609375
829.070068359375
741.8861083984375
305.9663391113281
838.9400024414062
827.4251098632812
763.2708740234375
516.5238037109375
830.715087890625
819.2001953125
735.3062133789062
516.5238037109375
835.6500244140625
830.715087890625
776.4307250976562
727.081298828125
829.070068359375
832.3600463867188
773.1407470703125
727.081298828125
835.6500244140625
832.3600463867188
794.5255126953125
727.081298828125
829.070068359375
830.715087890625
766.5608520507812
516.5238037109375
843.8749389648438
832.3600463867188
787.945556640625
516.5238037109375
838.9400024414062
834.0050048828125
875.1295166015625
937.6387939453125
829.070068359375
835.6500244140625
886.6444091796875
727.081298828125
852.0997924804688
840.5849609375
837.2949829101562
727.081298828125
834.0050048828125
837.2949829101562
838.9400024414062
727.081298828125
827.4251098632812
820.84521484375
883.3544311523438
937.6387939453125
835.6500244140625
824.1351318359375
873.4845581054688
621.8025512695312
837.2949829101562
829.070068359375
850.454833984375
621.8025512695312
838.9400024414062
830.715087890625
827.4251098632812
621.8025512695312
842.2299194335938
825.7801513671875
875.1295166015625
832.3600463867188
832.3600463867188
824.1351318359375
884.9994506835938
727.081298828125
840.5849609375
819.2001953125
883.3544311523438
727.081298828125
843.8749389648438
824.1351318359375
829.070068359375
411.2450866699219
838.9400024414062
829.070068359375
814.2652587890625
516.5238037109375
850.454833984375
825.7801513671875
957.3785400390625
1358.7537841796875
840.5849609375
825.7801513671875
942.57373046875
832.3600463867188
832.3600463867188
832.3600463867188
881.70947265625
516.5238037109375
835.6500244140625
830.715087890625
878.4194946289062
621.8025512695312
829.070068359375
830.715087890625
853.7448120117188
516.5238037109375
830.715087890625
824.1351318359375
883.3544311523438
727.081298828125
843.8749389648438
810.9752807617188
926.1239624023438
832.3600463867188
820.84521484375
810.9752807617188
917.8990478515625
727.081298828125
807.6853637695312
806.0403442382812
894.8693237304688
937.6387939453125
814.2652587890625
791.2355346679688
973.828369140625
1358.7537841796875
804.3953857421875
773.1407470703125
911.319091796875
727.081298828125
778.07568359375
745.1760864257812
911.319091796875
727.081298828125
750.1110229492188
718.8563842773438
934.3488159179688
727.081298828125
728.726318359375
682.6668701171875
875.1295166015625
516.5238037109375
679.3768920898438
653.0571899414062
894.8693237304688
727.081298828125
657.9921264648438
634.96240234375
931.0588989257812
937.6387939453125
631.6724243164062
590.5479125976562
1023.1777954101562
1148.1962890625
593.837890625
574.09814453125
898.1592407226562
305.9663391113281
593.837890625
547.7784423828125
947.5086669921875
937.6387939453125
575.7431030273438
529.6836547851562
924.4789428710938
727.081298828125
552.71337890625
526.3937377929688
931.0588989257812
937.6387939453125
554.3583984375
536.2636108398438
970.5383911132812
1148.1962890625
554.3583984375
551.0684204101562
894.8693237304688
727.081298828125
567.5181884765625
569.1632080078125
881.70947265625
727.081298828125
602.0628051757812
572.4531860351562
944.2186889648438
1042.91748046875
595.48291015625
585.6129760742188
894.8693237304688
727.081298828125
600.4178466796875
593.837890625
855.3897705078125
727.081298828125
606.9977416992188
615.22265625
842.2299194335938
727.081298828125
625.092529296875
626.7374877929688
852.0997924804688
727.081298828125
646.477294921875
656.34716796875
812.6203002929688
727.081298828125
676.0869140625
677.7318725585938
789.590576171875
832.3600463867188
687.601806640625
704.0515747070312
621.8025512695312
305.9663391113281
715.5664672851562
728.726318359375
648.1222534179688
937.6387939453125
745.1760864257812
735.3062133789062
684.3118286132812
937.6387939453125
748.466064453125
771.4957885742188
542.843505859375
305.9663391113281
781.3656616210938
789.590576171875
608.6427001953125
1042.91748046875
794.5255126953125
807.6853637695312
572.4531860351562
832.3600463867188
810.9752807617188
814.2652587890625
536.2636108398438
937.6387939453125
825.7801513671875
824.1351318359375
496.7840576171875
832.3600463867188
840.5849609375
852.0997924804688
335.57598876953125
200.68760681152344
873.4845581054688
853.7448120117188
363.5406494140625
937.6387939453125
876.7745361328125
866.9046630859375
333.9309997558594
727.081298828125
866.9046630859375
891.579345703125
287.8715515136719
727.081298828125
894.8693237304688
889.9343872070312
310.9012756347656
832.3600463867188
888.2893676757812
896.5142822265625
276.356689453125
832.3600463867188
904.7391967773438
893.2243041992188
327.35107421875
1042.91748046875
919.5440063476562
896.5142822265625
302.6763916015625
832.3600463867188
917.8990478515625
901.44921875
281.2916259765625
832.3600463867188
921.18896484375
909.6741333007812
307.611328125
937.6387939453125
931.0588989257812
914.6090698242188
332.2860412597656
937.6387939453125
929.4138793945312
914.6090698242188
345.44586181640625
937.6387939453125
924.4789428710938
932.703857421875
393.1502990722656
1148.1962890625
939.2837524414062
932.703857421875
353.6707763671875
832.3600463867188
940.9287719726562
908.0291748046875
360.2507019042969
1042.91748046875
921.18896484375
911.319091796875
419.4700012207031
1042.91748046875
911.319091796875
914.6090698242188
310.9012756347656
305.9663391113281
917.8990478515625
919.5440063476562
384.9254150390625
1023.1777954101562
912.964111328125
919.5440063476562
417.82501220703125
917.8990478515625
911.319091796875
916.2540283203125
358.605712890625
391.50531005859375
922.833984375
919.5440063476562
404.6651611328125
707.341552734375
921.18896484375
929.4138793945312
404.6651611328125
602.0628051757812
929.4138793945312
908.0291748046875
345.44586181640625
602.0628051757812
919.5440063476562
898.1592407226562
424.4049377441406
1023.1777954101562
908.0291748046875
880.064453125
490.2041320800781
1128.45654296875
888.2893676757812
896.5142822265625
483.62420654296875
812.6203002929688
880.064453125
898.1592407226562
463.88446044921875
602.0628051757812
896.5142822265625
878.4194946289062
457.3045349121094
602.0628051757812
883.3544311523438
881.70947265625
437.56475830078125
602.0628051757812
894.8693237304688
866.9046630859375
542.843505859375
1233.7352294921875
884.9994506835938
873.4845581054688
496.7840576171875
707.341552734375
873.4845581054688
861.9697265625
477.0443115234375
707.341552734375
860.32470703125
860.32470703125
483.62420654296875
812.6203002929688
873.4845581054688
858.6797485351562
556.0033569335938
1128.45654296875
852.0997924804688
870.194580078125
513.23388671875
707.341552734375
858.6797485351562
858.6797485351562
509.94390869140625
707.341552734375
853.7448120117188
855.3897705078125
467.1744079589844
496.7840576171875
861.9697265625
853.7448120117188
539.5535278320312
1128.45654296875
861.9697265625
857.0347290039062
509.94390869140625
707.341552734375
881.70947265625
843.8749389648438
585.6129760742188
1128.45654296875
848.8098754882812
850.454833984375
542.843505859375
496.7840576171875
860.32470703125
838.9400024414062
523.103759765625
496.7840576171875
858.6797485351562
838.9400024414062
615.22265625
917.8990478515625
827.4251098632812
850.454833984375
569.1632080078125
496.7840576171875
843.8749389648438
835.6500244140625
605.352783203125
707.341552734375
829.070068359375
830.715087890625
641.5423583984375
707.341552734375
837.2949829101562
842.2299194335938
575.7431030273438
496.7840576171875
857.0347290039062
838.9400024414062
595.48291015625
707.341552734375
843.8749389648438
829.070068359375
615.22265625
707.341552734375
825.7801513671875
829.070068359375
608.6427001953125
707.341552734375
827.4251098632812
820.84521484375
595.48291015625
496.7840576171875
835.6500244140625
817.5552368164062
667.8619995117188
917.8990478515625
834.0050048828125
824.1351318359375
608.6427001953125
286.2265930175781
850.454833984375
829.070068359375
641.5423583984375
707.341552734375
840.5849609375
837.2949829101562
634.96240234375
496.7840576171875
848.8098754882812
840.5849609375
595.48291015625
496.7840576171875
861.9697265625
840.5849609375
694.1817016601562
1128.45654296875
850.454833984375
832.3600463867188
634.96240234375
496.7840576171875
848.8098754882812
830.715087890625
615.22265625
496.7840576171875
847.1648559570312
829.070068359375
713.9214477539062
917.8990478515625
832.3600463867188
838.9400024414062
707.341552734375
707.341552734375
832.3600463867188
835.6500244140625
727.081298828125
707.341552734375
837.2949829101562
848.8098754882812
674.4419555664062
286.2265930175781
847.1648559570312
840.5849609375
595.48291015625
286.2265930175781
842.2299194335938
832.3600463867188
681.0218505859375
917.8990478515625
832.3600463867188
834.0050048828125
681.0218505859375
917.8990478515625
834.0050048828125
830.715087890625
720.5014038085938
917.8990478515625
827.4251098632812
837.2949829101562
651.4122314453125
496.7840576171875
850.454833984375
837.2949829101562
648.1222534179688
496.7840576171875
850.454833984375
832.3600463867188
654.7021484375
496.7840576171875
842.2299194335938
829.070068359375
671.1519775390625
496.7840576171875
837.2949829101562
832.3600463867188
704.0515747070312
707.341552734375
838.9400024414062
815.9102783203125
710.6315307617188
707.341552734375
827.4251098632812
820.84521484375
661.2821044921875
496.7840576171875
837.2949829101562
822.4901733398438
697.4716796875
707.341552734375
827.4251098632812
829.070068359375
723.7913208007812
707.341552734375
829.070068359375
834.0050048828125
667.8619995117188
496.7840576171875
845.5198974609375
819.2001953125
750.1110229492188
1128.45654296875
825.7801513671875
829.070068359375
743.5311279296875
917.8990478515625
834.0050048828125
840.5849609375
684.3118286132812
707.341552734375
825.7801513671875
838.9400024414062
792.8805541992188
1339.0140380859375
819.2001953125
847.1648559570312
713.9214477539062
496.7840576171875
838.9400024414062
850.454833984375
736.951171875
1128.45654296875
834.0050048828125
840.5849609375
759.9808959960938
1128.45654296875
829.070068359375
847.1648559570312
690.8917236328125
917.8990478515625
838.9400024414062
830.715087890625
740.2411499023438
1128.45654296875
834.0050048828125
830.715087890625
702.4066162109375
707.341552734375
845.5198974609375
827.4251098632812
741.8861083984375
917.8990478515625
834.0050048828125
835.6500244140625
692.5367431640625
707.341552734375
843.8749389648438
834.0050048828125
746.8211059570312
1128.45654296875
838.9400024414062
832.3600463867188
736.951171875
917.8990478515625
832.3600463867188
832.3600463867188
769.850830078125
1128.45654296875
834.0050048828125
842.2299194335938
764.9158325195312
707.341552734375
842.2299194335938
840.5849609375
704.0515747070312
707.341552734375
845.5198974609375
840.5849609375
738.59619140625
707.341552734375
847.1648559570312
830.715087890625
776.4307250976562
917.8990478515625
838.9400024414062
832.3600463867188
758.3359375
707.341552734375
837.2949829101562
840.5849609375
733.6612548828125
707.341552734375
848.8098754882812
840.5849609375
764.9158325195312
917.8990478515625
840.5849609375
840.5849609375
779.720703125
917.8990478515625
827.4251098632812
838.9400024414062
741.8861083984375
707.341552734375
838.9400024414062
842.2299194335938
774.7857666015625
812.6203002929688
842.2299194335938
847.1648559570312
715.5664672851562
496.7840576171875
858.6797485351562
847.1648559570312
697.4716796875
602.0628051757812
868.5496215820312
837.2949829101562
786.3005981445312
1128.45654296875
855.3897705078125
830.715087890625
794.5255126953125
1023.1777954101562
852.0997924804688
815.9102783203125
801.1054077148438
1023.1777954101562
825.7801513671875
812.6203002929688
766.5608520507812
812.6203002929688
815.9102783203125
817.5552368164062
753.4010009765625
812.6203002929688
825.7801513671875
819.2001953125
750.1110229492188
812.6203002929688
824.1351318359375
822.4901733398438
794.5255126953125
1023.1777954101562
830.715087890625
822.4901733398438
758.3359375
707.341552734375
829.070068359375
824.1351318359375
750.1110229492188
707.341552734375
837.2949829101562
820.84521484375
778.07568359375
812.6203002929688
842.2299194335938
820.84521484375
771.4957885742188
812.6203002929688
843.8749389648438
824.1351318359375
771.4957885742188
917.8990478515625
834.0050048828125
829.070068359375
751.7560424804688
917.8990478515625
842.2299194335938
825.7801513671875
761.6259155273438
1023.1777954101562
840.5849609375
825.7801513671875
837.2949829101562
1233.7352294921875
827.4251098632812
825.7801513671875
791.2355346679688
812.6203002929688
842.2299194335938
835.6500244140625
804.3953857421875
812.6203002929688
834.0050048828125
848.8098754882812
728.726318359375
496.7840576171875
853.7448120117188
834.0050048828125
820.84521484375
1233.7352294921875
842.2299194335938
843.8749389648438
889.9343872070312
1339.0140380859375
834.0050048828125
843.8749389648438
794.5255126953125
602.0628051757812
847.1648559570312
845.5198974609375
778.07568359375
602.0628051757812
845.5198974609375
847.1648559570312
745.1760864257812
602.0628051757812
838.9400024414062
827.4251098632812
787.945556640625
917.8990478515625
822.4901733398438
834.0050048828125
840.5849609375
1023.1777954101562
830.715087890625
834.0050048828125
804.3953857421875
707.341552734375
832.3600463867188
824.1351318359375
764.9158325195312
707.341552734375
835.6500244140625
820.84521484375
784.6556396484375
917.8990478515625
834.0050048828125
824.1351318359375
820.84521484375
917.8990478515625
820.84521484375
830.715087890625
778.07568359375
707.341552734375
834.0050048828125
827.4251098632812
807.6853637695312
707.341552734375
840.5849609375
834.0050048828125
738.59619140625
496.7840576171875
825.7801513671875
825.7801513671875
768.205810546875
917.8990478515625
829.070068359375
830.715087890625
834.0050048828125
1128.45654296875
834.0050048828125
830.715087890625
771.4957885742188
707.341552734375
838.9400024414062
827.4251098632812
850.454833984375
1128.45654296875
837.2949829101562
840.5849609375
801.1054077148438
707.341552734375
835.6500244140625
835.6500244140625
768.205810546875
707.341552734375
830.715087890625
837.2949829101562
745.1760864257812
707.341552734375
834.0050048828125
829.070068359375
741.8861083984375
707.341552734375
827.4251098632812
830.715087890625
781.3656616210938
917.8990478515625
822.4901733398438
829.070068359375
830.715087890625
917.8990478515625
817.5552368164062
840.5849609375
796.1704711914062
618.5126342773438
832.3600463867188
835.6500244140625
778.07568359375
723.7913208007812
832.3600463867188
830.715087890625
806.0403442382812
1039.6275634765625
822.4901733398438
832.3600463867188
810.9752807617188
1144.9063720703125
814.2652587890625
827.4251098632812
799.46044921875
1039.6275634765625
817.5552368164062
817.5552368164062
773.1407470703125
1039.6275634765625
815.9102783203125
825.7801513671875
807.6853637695312
1144.9063720703125
822.4901733398438
825.7801513671875
822.4901733398438
1144.9063720703125
819.2001953125
830.715087890625
843.8749389648438
1355.4637451171875
817.5552368164062
832.3600463867188
881.70947265625
1355.4637451171875
820.84521484375
835.6500244140625
783.0106201171875
618.5126342773438
827.4251098632812
834.0050048828125
756.6909790039062
723.7913208007812
825.7801513671875
830.715087890625
794.5255126953125
829.070068359375
830.715087890625
830.715087890625
853.7448120117188
1144.9063720703125
832.3600463867188
827.4251098632812
838.9400024414062
934.34881