3000
4
842.2299194335938
797.8154907226562
710.6315307617188
838.9400024414062
837.2949829101562
857.0347290039062
1026.4677734375
830.715087890625
845.5198974609375
824.1351318359375
710.6315307617188
822.4901733398438
850.454833984375
817.5552368164062
710.6315307617188
829.070068359375
852.0997924804688
857.0347290039062
710.6315307617188
825.7801513671875
858.6797485351562
745.1760864257812
184.23779296875
838.9400024414062
850.454833984375
778.07568359375
605.352783203125
827.4251098632812
842.2299194335938
935.9938354492188
1131.7464599609375
820.84521484375
847.1648559570312
876.7745361328125
605.352783203125
832.3600463867188
845.5198974609375
824.1351318359375
605.352783203125
840.5849609375
848.8098754882812
810.9752807617188
605.352783203125
845.5198974609375
848.8098754882812
778.07568359375
605.352783203125
845.5198974609375
843.8749389648438
810.9752807617188
815.9102783203125
829.070068359375
843.8749389648438
889.9343872070312
1026.4677734375
820.84521484375
848.8098754882812
810.9752807617188
605.352783203125
819.2001953125
848.8098754882812
804.3953857421875
710.6315307617188
827.4251098632812
842.2299194335938
909.6741333007812
1131.7464599609375
830.715087890625
848.8098754882812
857.0347290039062
710.6315307617188
840.5849609375
840.5849609375
857.0347290039062
921.18896484375
834.0050048828125
845.5198974609375
857.0347290039062
710.6315307617188
829.070068359375
847.1648559570312
751.7560424804688
500.07403564453125
835.6500244140625
837.2949829101562
804.3953857421875
921.18896484375
824.1351318359375
838.9400024414062
804.3953857421875
710.6315307617188
832.3600463867188
842.2299194335938
804.3953857421875
710.6315307617188
843.8749389648438
838.9400024414062
804.3953857421875
710.6315307617188
840.5849609375
840.5849609375
857.0347290039062
1131.7464599609375
829.070068359375
842.2299194335938
909.6741333007812
1131.7464599609375
825.7801513671875
852.0997924804688
857.0347290039062
710.6315307617188
832.3600463867188
852.0997924804688
857.0347290039062
710.6315307617188
835.6500244140625
857.0347290039062
804.3953857421875
500.07403564453125
845.5198974609375
853.7448120117188
804.3953857421875
921.18896484375
843.8749389648438
852.0997924804688
909.6741333007812
1131.7464599609375
832.3600463867188
860.32470703125
791.2355346679688
500.07403564453125
842.2299194335938
852.0997924804688
797.8154907226562
710.6315307617188
837.2949829101562
852.0997924804688
857.0347290039062
921.18896484375
838.9400024414062
852.0997924804688
857.0347290039062
710.6315307617188
837.2949829101562
852.0997924804688
817.5552368164062
710.6315307617188
834.0050048828125
852.0997924804688
830.715087890625
710.6315307617188
835.6500244140625
860.32470703125
745.1760864257812
500.07403564453125
838.9400024414062
853.7448120117188
850.454833984375
921.18896484375
827.4251098632812
848.8098754882812
857.0347290039062
710.6315307617188
834.0050048828125
838.9400024414062
791.2355346679688
710.6315307617188
840.5849609375
838.9400024414062
909.6741333007812
1131.7464599609375
829.070068359375
838.9400024414062
778.07568359375
500.07403564453125
840.5849609375
838.9400024414062
804.3953857421875
710.6315307617188
834.0050048828125
837.2949829101562
843.8749389648438
710.6315307617188
829.070068359375
835.6500244140625
830.715087890625
710.6315307617188
825.7801513671875
847.1648559570312
791.2355346679688
710.6315307617188
842.2299194335938
850.454833984375
791.2355346679688
710.6315307617188
835.6500244140625
848.8098754882812
791.2355346679688
815.9102783203125
832.3600463867188
847.1648559570312
922.833984375
1447.5826416015625
827.4251098632812
858.6797485351562
870.194580078125
921.18896484375
824.1351318359375
857.0347290039062
870.194580078125
921.18896484375
830.715087890625
858.6797485351562
764.9158325195312
605.352783203125
845.5198974609375
852.0997924804688
817.5552368164062
1026.4677734375
842.2299194335938
855.3897705078125
896.5142822265625
1237.0252685546875
838.9400024414062
855.3897705078125
896.5142822265625
1131.7464599609375
835.6500244140625
855.3897705078125
870.194580078125
921.18896484375
838.9400024414062
857.0347290039062
791.2355346679688
710.6315307617188
835.6500244140625
860.32470703125
817.5552368164062
921.18896484375
837.2949829101562
857.0347290039062
843.8749389648438
1026.4677734375
834.0050048828125
855.3897705078125
791.2355346679688
605.352783203125
838.9400024414062
843.8749389648438
791.2355346679688
710.6315307617188
840.5849609375
842.2299194335938
791.2355346679688
605.352783203125
843.8749389648438
840.5849609375
791.2355346679688
921.18896484375
834.0050048828125
847.1648559570312
791.2355346679688
921.18896484375
830.715087890625
847.1648559570312
791.2355346679688
1026.4677734375
827.4251098632812
853.7448120117188
738.59619140625
605.352783203125
830.715087890625
848.8098754882812
685.956787109375
500.07403564453125
840.5849609375
847.1648559570312
791.2355346679688
1131.7464599609375
837.2949829101562
850.454833984375
738.59619140625
500.07403564453125
845.5198974609375
845.5198974609375
738.59619140625
710.6315307617188
837.2949829101562
847.1648559570312
791.2355346679688
1026.4677734375
837.2949829101562
840.5849609375
843.8749389648438
1131.7464599609375
829.070068359375
855.3897705078125
791.2355346679688
815.9102783203125
840.5849609375
861.9697265625
791.2355346679688
710.6315307617188
852.0997924804688
855.3897705078125
791.2355346679688
710.6315307617188
848.8098754882812
845.5198974609375
843.8749389648438
1026.4677734375
835.6500244140625
840.5849609375
843.8749389648438
1026.4677734375
834.0050048828125
840.5849609375
896.5142822265625
1131.7464599609375
830.715087890625
858.6797485351562
738.59619140625
289.51654052734375
843.8749389648438
858.6797485351562
738.59619140625
500.07403564453125
843.8749389648438
858.6797485351562
791.2355346679688
921.18896484375
843.8749389648438
853.7448120117188
791.2355346679688
710.6315307617188
842.2299194335938
845.5198974609375
738.59619140625
710.6315307617188
838.9400024414062
840.5849609375
738.59619140625
710.6315307617188
829.070068359375
837.2949829101562
685.956787109375
500.07403564453125
835.6500244140625
837.2949829101562
791.2355346679688
1131.7464599609375
829.070068359375
840.5849609375
896.5142822265625
1342.303955078125
824.1351318359375
842.2299194335938
791.2355346679688
500.07403564453125
838.9400024414062
838.9400024414062
791.2355346679688
710.6315307617188
835.6500244140625
840.5849609375
738.59619140625
500.07403564453125
845.5198974609375
842.2299194335938
738.59619140625
500.07403564453125
843.8749389648438
842.2299194335938
843.8749389648438
921.18896484375
830.715087890625
852.0997924804688
843.8749389648438
710.6315307617188
832.3600463867188
848.8098754882812
791.2355346679688
500.07403564453125
842.2299194335938
840.5849609375
843.8749389648438
921.18896484375
838.9400024414062
843.8749389648438
843.8749389648438
921.18896484375
843.8749389648438
845.5198974609375
791.2355346679688
710.6315307617188
845.5198974609375
840.5849609375
843.8749389648438
921.18896484375
832.3600463867188
838.9400024414062
738.59619140625
500.07403564453125
835.6500244140625
832.3600463867188
738.59619140625
921.18896484375
832.3600463867188
834.0050048828125
843.8749389648438
1131.7464599609375
829.070068359375
843.8749389648438
738.59619140625
710.6315307617188
838.9400024414062
843.8749389648438
843.8749389648438
1342.303955078125
822.4901733398438
842.2299194335938
791.2355346679688
710.6315307617188
829.070068359375
838.9400024414062
791.2355346679688
710.6315307617188
832.3600463867188
837.2949829101562
791.2355346679688
710.6315307617188
835.6500244140625
837.2949829101562
843.8749389648438
921.18896484375
820.84521484375
843.8749389648438
843.8749389648438
710.6315307617188
825.7801513671875
834.0050048828125
896.5142822265625
1131.7464599609375
820.84521484375
848.8098754882812
791.2355346679688
500.07403564453125
838.9400024414062
843.8749389648438
791.2355346679688
500.07403564453125
840.5849609375
840.5849609375
843.8749389648438
289.51654052734375
834.0050048828125
850.454833984375
791.2355346679688
78.95905303955078
840.5849609375
840.5849609375
896.5142822265625
710.6315307617188
829.070068359375
842.2299194335938
843.8749389648438
78.95905303955078
834.0050048828125
840.5849609375
843.8749389648438
289.51654052734375
830.715087890625
834.0050048828125
843.8749389648438
289.51654052734375
830.715087890625
835.6500244140625
791.2355346679688
289.51654052734375
840.5849609375
829.070068359375
843.8749389648438
710.6315307617188
827.4251098632812
824.1351318359375
843.8749389648438
710.6315307617188
830.715087890625
832.3600463867188
843.8749389648438
710.6315307617188
837.2949829101562
837.2949829101562
896.5142822265625
921.18896484375
829.070068359375
845.5198974609375
791.2355346679688
500.07403564453125
842.2299194335938
842.2299194335938
791.2355346679688
710.6315307617188
838.9400024414062
838.9400024414062
843.8749389648438
921.18896484375
840.5849609375
834.0050048828125
843.8749389648438
710.6315307617188
838.9400024414062
829.070068359375
852.0997924804688
1005.0830078125
825.7801513671875
834.0050048828125
852.0997924804688
1215.6405029296875
822.4901733398438
840.5849609375
694.1817016601562
794.5255126953125
830.715087890625
835.6500244140625
746.8211059570312
1215.6405029296875
835.6500244140625
834.0050048828125
799.46044921875
1215.6405029296875
830.715087890625
837.2949829101562
746.8211059570312
1005.0830078125
834.0050048828125
834.0050048828125
746.8211059570312
1005.0830078125
830.715087890625
835.6500244140625
799.46044921875
1215.6405029296875
824.1351318359375
850.454833984375
799.46044921875
1005.0830078125
827.4251098632812
855.3897705078125
694.1817016601562
583.968017578125
835.6500244140625
847.1648559570312
904.7391967773438
1426.197998046875
820.84521484375
858.6797485351562
746.8211059570312
583.968017578125
845.5198974609375
837.2949829101562
852.0997924804688
1215.6405029296875
834.0050048828125
843.8749389648438
904.7391967773438
1215.6405029296875
827.4251098632812
855.3897705078125
799.46044921875
794.5255126953125
838.9400024414062
853.7448120117188
799.46044921875
794.5255126953125
835.6500244140625
852.0997924804688
904.7391967773438
1215.6405029296875
827.4251098632812
857.0347290039062
878.4194946289062
794.5255126953125
830.715087890625
857.0347290039062
799.46044921875
689.2467651367188
838.9400024414062
852.0997924804688
773.1407470703125
689.2467651367188
838.9400024414062
848.8098754882812
799.46044921875
899.8042602539062
838.9400024414062
845.5198974609375
852.0997924804688
899.8042602539062
834.0050048828125
852.0997924804688
799.46044921875
689.2467651367188
842.2299194335938
857.0347290039062
825.7801513671875
794.5255126953125
840.5849609375
858.6797485351562
720.5014038085938
373.4105529785156
845.5198974609375
853.7448120117188
799.46044921875
899.8042602539062
830.715087890625
850.454833984375
931.0588989257812
1215.6405029296875
824.1351318359375
848.8098754882812
852.0997924804688
583.968017578125
832.3600463867188
852.0997924804688
799.46044921875
583.968017578125
840.5849609375
853.7448120117188
799.46044921875
583.968017578125
840.5849609375
853.7448120117188
773.1407470703125
478.68927001953125
840.5849609375
860.32470703125
773.1407470703125
478.68927001953125
847.1648559570312
853.7448120117188
773.1407470703125
583.968017578125
840.5849609375
850.454833984375
820.84521484375
794.5255126953125
837.2949829101562
852.0997924804688
834.0050048828125
794.5255126953125
832.3600463867188
845.5198974609375
825.7801513671875
794.5255126953125
832.3600463867188
850.454833984375
810.9752807617188
794.5255126953125
832.3600463867188
847.1648559570312
835.6500244140625
899.8042602539062
827.4251098632812
853.7448120117188
842.2299194335938
899.8042602539062
835.6500244140625
855.3897705078125
850.454833984375
899.8042602539062
835.6500244140625
852.0997924804688
906.3841552734375
1110.3616943359375
832.3600463867188
850.454833984375
820.84521484375
583.968017578125
848.8098754882812
842.2299194335938
840.5849609375
689.2467651367188
837.2949829101562
847.1648559570312
819.2001953125
583.968017578125
847.1648559570312
847.1648559570312
827.4251098632812
689.2467651367188
845.5198974609375
852.0997924804688
939.2837524414062
1110.3616943359375
827.4251098632812
857.0347290039062
906.3841552734375
794.5255126953125
840.5849609375
857.0347290039062
769.850830078125
478.68927001953125
838.9400024414062
852.0997924804688
853.7448120117188
899.8042602539062
829.070068359375
852.0997924804688
748.466064453125
689.2467651367188
838.9400024414062
858.6797485351562
853.7448120117188
1320.919189453125
830.715087890625
858.6797485351562
801.1054077148438
478.68927001953125
838.9400024414062
857.0347290039062
801.1054077148438
478.68927001953125
840.5849609375
855.3897705078125
801.1054077148438
478.68927001953125
835.6500244140625
845.5198974609375
801.1054077148438
689.2467651367188
830.715087890625
843.8749389648438
853.7448120117188
899.8042602539062
834.0050048828125
843.8749389648438
801.1054077148438
689.2467651367188
848.8098754882812
838.9400024414062
906.3841552734375
1110.3616943359375
845.5198974609375
848.8098754882812
801.1054077148438
478.68927001953125
840.5849609375
847.1648559570312
801.1054077148438
689.2467651367188
825.7801513671875
853.7448120117188
801.1054077148438
689.2467651367188
837.2949829101562
848.8098754882812
853.7448120117188
1110.3616943359375
830.715087890625
852.0997924804688
853.7448120117188
899.8042602539062
847.1648559570312
848.8098754882812
853.7448120117188
899.8042602539062
842.2299194335938
843.8749389648438
906.3841552734375
1110.3616943359375
827.4251098632812
850.454833984375
906.3841552734375
689.2467651367188
835.6500244140625
847.1648559570312
959.0235595703125
1110.3616943359375
835.6500244140625
848.8098754882812
959.0235595703125
899.8042602539062
830.715087890625
848.8098754882812
801.1054077148438
268.1318054199219
832.3600463867188
843.8749389648438
853.7448120117188
899.8042602539062
832.3600463867188
847.1648559570312
853.7448120117188
899.8042602539062
827.4251098632812
850.454833984375
801.1054077148438
689.2467651367188
829.070068359375
845.5198974609375
853.7448120117188
899.8042602539062
824.1351318359375
842.2299194335938
853.7448120117188
899.8042602539062
820.84521484375
848.8098754882812
801.1054077148438
689.2467651367188
830.715087890625
843.8749389648438
906.3841552734375
1320.919189453125
827.4251098632812
843.8749389648438
853.7448120117188
689.2467651367188
834.0050048828125
838.9400024414062
801.1054077148438
689.2467651367188
837.2949829101562
840.5849609375
853.7448120117188
899.8042602539062
838.9400024414062
835.6500244140625
853.7448120117188
899.8042602539062
819.2001953125
843.8749389648438
801.1054077148438
689.2467651367188
825.7801513671875
845.5198974609375
794.5255126953125
689.2467651367188
827.4251098632812
843.8749389648438
755.0459594726562
583.968017578125
825.7801513671875
840.5849609375
860.32470703125
1110.3616943359375
820.84521484375
835.6500244140625
853.7448120117188
899.8042602539062
822.4901733398438
835.6500244140625
853.7448120117188
899.8042602539062
824.1351318359375
843.8749389648438
781.3656616210938
583.968017578125
838.9400024414062
845.5198974609375
755.0459594726562
583.968017578125
843.8749389648438
843.8749389648438
919.5440063476562
1215.6405029296875
834.0050048828125
847.1648559570312
945.8637084960938
1110.3616943359375
837.2949829101562
850.454833984375
814.2652587890625
478.68927001953125
853.7448120117188
845.5198974609375
807.6853637695312
689.2467651367188
843.8749389648438
847.1648559570312
761.6259155273438
583.968017578125
837.2949829101562
838.9400024414062
814.2652587890625
899.8042602539062
829.070068359375
837.2949829101562
880.064453125
1005.0830078125
830.715087890625
853.7448120117188
781.3656616210938
583.968017578125
848.8098754882812
845.5198974609375
814.2652587890625
899.8042602539062
842.2299194335938
842.2299194335938
919.5440063476562
1110.3616943359375
830.715087890625
843.8749389648438
866.9046630859375
899.8042602539062
827.4251098632812
835.6500244140625
866.9046630859375
899.8042602539062
827.4251098632812
837.2949829101562
866.9046630859375
689.2467651367188
834.0050048828125
837.2949829101562
866.9046630859375
689.2467651367188
835.6500244140625
840.5849609375
972.1834106445312
1320.919189453125
825.7801513671875
845.5198974609375
866.9046630859375
689.2467651367188
840.5849609375
843.8749389648438
866.9046630859375
899.8042602539062
835.6500244140625
842.2299194335938
919.5440063476562
899.8042602539062
834.0050048828125
840.5849609375
866.9046630859375
689.2467651367188
840.5849609375
847.1648559570312
972.1834106445312
1110.3616943359375
838.9400024414062
857.0347290039062
814.2652587890625
268.1318054199219
858.6797485351562
847.1648559570312
814.2652587890625
689.2467651367188
845.5198974609375
843.8749389648438
866.9046630859375
689.2467651367188
834.0050048828125
842.2299194335938
814.2652587890625
689.2467651367188
837.2949829101562
840.5849609375
919.5440063476562
1320.919189453125
830.715087890625
847.1648559570312
866.9046630859375
478.68927001953125
840.5849609375
842.2299194335938
919.5440063476562
689.2467651367188
835.6500244140625
830.715087890625
919.5440063476562
689.2467651367188
830.715087890625
830.715087890625
919.5440063476562
689.2467651367188
832.3600463867188
838.9400024414062
866.9046630859375
689.2467651367188
838.9400024414062
834.0050048828125
866.9046630859375
899.8042602539062
834.0050048828125
843.8749389648438
761.6259155273438
268.1318054199219
847.1648559570312
842.2299194335938
814.2652587890625
689.2467651367188
832.3600463867188
837.2949829101562
919.5440063476562
1110.3616943359375
820.84521484375
850.454833984375
866.9046630859375
689.2467651367188
817.5552368164062
843.8749389648438
866.9046630859375
899.8042602539062
820.84521484375
837.2949829101562
919.5440063476562
1110.3616943359375
824.1351318359375
853.7448120117188
814.2652587890625
268.1318054199219
848.8098754882812
840.5849609375
866.9046630859375
899.8042602539062
837.2949829101562
845.5198974609375
866.9046630859375
689.2467651367188
832.3600463867188
847.1648559570312
761.6259155273438
478.68927001953125
834.0050048828125
842.2299194335938
927.7689208984375
1307.7593994140625
819.2001953125
858.6797485351562
779.720703125
676.0869140625
837.2949829101562
850.454833984375
815.9102783203125
1097.201904296875
824.1351318359375
855.3897705078125
832.3600463867188
886.6444091796875
827.4251098632812
852.0997924804688
792.8805541992188
886.6444091796875
825.7801513671875
850.454833984375
812.6203002929688
886.6444091796875
825.7801513671875
840.5849609375
799.46044921875
886.6444091796875
830.715087890625
843.8749389648438
848.8098754882812
886.6444091796875
830.715087890625
840.5849609375
822.4901733398438
886.6444091796875
822.4901733398438
848.8098754882812
921.18896484375
1097.201904296875
819.2001953125
857.0347290039062
753.4010009765625
465.5294494628906
838.9400024414062
850.454833984375
786.3005981445312
886.6444091796875
825.7801513671875
855.3897705078125
799.46044921875
886.6444091796875
832.3600463867188
850.454833984375
901.44921875
1307.7593994140625
822.4901733398438
857.0347290039062
825.7801513671875
886.6444091796875
830.715087890625
855.3897705078125
852.0997924804688
1097.201904296875
824.1351318359375
855.3897705078125
904.7391967773438
1097.201904296875
825.7801513671875
860.32470703125
773.1407470703125
465.5294494628906
832.3600463867188
843.8749389648438
825.7801513671875
676.0869140625
820.84521484375
847.1648559570312
799.46044921875
676.0869140625
830.715087890625
842.2299194335938
825.7801513671875
676.0869140625
822.4901733398438
848.8098754882812
799.46044921875
465.5294494628906
830.715087890625
850.454833984375
825.7801513671875
676.0869140625
824.1351318359375
853.7448120117188
746.8211059570312
254.97195434570312
834.0050048828125
847.1648559570312
746.8211059570312
465.5294494628906
842.2299194335938
837.2949829101562
852.0997924804688
886.6444091796875
827.4251098632812
834.0050048828125
878.4194946289062
886.6444091796875
820.84521484375
838.9400024414062
825.7801513671875
676.0869140625
820.84521484375
845.5198974609375
799.46044921875
676.0869140625
829.070068359375
848.8098754882812
799.46044921875
676.0869140625
835.6500244140625
852.0997924804688
773.1407470703125
676.0869140625
840.5849609375
852.0997924804688
878.4194946289062
1097.201904296875
825.7801513671875
848.8098754882812
799.46044921875
676.0869140625
829.070068359375
855.3897705078125
773.1407470703125
781.3656616210938
840.5849609375
853.7448120117188
746.8211059570312
781.3656616210938
842.2299194335938
848.8098754882812
904.7391967773438
1518.31689453125
832.3600463867188
848.8098754882812
878.4194946289062
991.9231567382812
832.3600463867188
843.8749389648438
852.0997924804688
991.9231567382812
830.715087890625
847.1648559570312
799.46044921875
781.3656616210938
840.5849609375
842.2299194335938
799.46044921875
886.6444091796875
835.6500244140625
842.2299194335938
957.3785400390625
1623.5955810546875
824.1351318359375
850.454833984375
904.7391967773438
991.9231567382812
830.715087890625
855.3897705078125
825.7801513671875
781.3656616210938
838.9400024414062
847.1648559570312
825.7801513671875
886.6444091796875
835.6500244140625
858.6797485351562
773.1407470703125
570.8081665039062
847.1648559570312
847.1648559570312
773.1407470703125
570.8081665039062
843.8749389648438
852.0997924804688
799.46044921875
781.3656616210938
840.5849609375
860.32470703125
799.46044921875
886.6444091796875
837.2949829101562
852.0997924804688
825.7801513671875
886.6444091796875
837.2949829101562
857.0347290039062
852.0997924804688
1097.201904296875
837.2949829101562
860.32470703125
825.7801513671875
1097.201904296875
842.2299194335938
855.3897705078125
852.0997924804688
1097.201904296875
843.8749389648438
853.7448120117188
852.0997924804688
1097.201904296875
838.9400024414062
853.7448120117188
904.7391967773438
1307.7593994140625
832.3600463867188
850.454833984375
904.7391967773438
1097.201904296875
835.6500244140625
858.6797485351562
799.46044921875
676.0869140625
837.2949829101562
857.0347290039062
799.46044921875
886.6444091796875
832.3600463867188
858.6797485351562
746.8211059570312
676.0869140625
840.5849609375
852.0997924804688
852.0997924804688
1097.201904296875
834.0050048828125
855.3897705078125
799.46044921875
676.0869140625
842.2299194335938
852.0997924804688
799.46044921875
676.0869140625
835.6500244140625
850.454833984375
720.5014038085938
254.97195434570312
842.2299194335938
845.5198974609375
852.0997924804688
1097.201904296875
837.2949829101562
853.7448120117188
878.4194946289062
1097.201904296875
837.2949829101562
852.0997924804688
825.7801513671875
886.6444091796875
840.5849609375
858.6797485351562
825.7801513671875
676.0869140625
832.3600463867188
857.0347290039062
825.7801513671875
465.5294494628906
829.070068359375
852.0997924804688
878.4194946289062
886.6444091796875
837.2949829101562
857.0347290039062
878.4194946289062
886.6444091796875
837.2949829101562
857.0347290039062
825.7801513671875
676.0869140625
838.9400024414062
852.0997924804688
825.7801513671875
676.0869140625
840.5849609375
857.0347290039062
825.7801513671875
676.0869140625
848.8098754882812
848.8098754882812
878.4194946289062
886.6444091796875
848.8098754882812
850.454833984375
825.7801513671875
465.5294494628906
848.8098754882812
852.0997924804688
773.1407470703125
465.5294494628906
840.5849609375
847.1648559570312
878.4194946289062
1097.201904296875
825.7801513671875
847.1648559570312
878.4194946289062
886.6444091796875
829.070068359375
852.0997924804688
825.7801513671875
676.0869140625
829.070068359375
847.1648559570312
878.4194946289062
1097.201904296875
822.4901733398438
848.8098754882812
825.7801513671875
676.0869140625
832.3600463867188
855.3897705078125
825.7801513671875
886.6444091796875
834.0050048828125
853.7448120117188
878.4194946289062
1307.7593994140625
825.7801513671875
858.6797485351562
720.5014038085938
465.5294494628906
842.2299194335938
850.454833984375
720.5014038085938
886.6444091796875
829.070068359375
848.8098754882812
720.5014038085938
886.6444091796875
838.9400024414062
842.2299194335938
667.8619995117188
886.6444091796875
840.5849609375
842.2299194335938
667.8619995117188
886.6444091796875
835.6500244140625
848.8098754882812
667.8619995117188
886.6444091796875
837.2949829101562
838.9400024414062
773.1407470703125
1518.31689453125
827.4251098632812
838.9400024414062
773.1407470703125
1307.7593994140625
824.1351318359375
845.5198974609375
773.1407470703125
1097.201904296875
832.3600463867188
845.5198974609375
720.5014038085938
886.6444091796875
835.6500244140625
847.1648559570312
720.5014038085938
886.6444091796875
834.0050048828125
845.5198974609375
773.1407470703125
1097.201904296875
824.1351318359375
843.8749389648438
878.4194946289062
1307.7593994140625
814.2652587890625
857.0347290039062
773.1407470703125
465.5294494628906
837.2949829101562
850.454833984375
825.7801513671875
1097.201904296875
830.715087890625
857.0347290039062
871.839599609375
991.9231567382812
840.5849609375
857.0347290039062
779.720703125
676.0869140625
842.2299194335938
855.3897705078125
819.2001953125
886.6444091796875
843.8749389648438
852.0997924804688
845.5198974609375
991.9231567382812
842.2299194335938
853.7448120117188
812.6203002929688
676.0869140625
840.5849609375
850.454833984375
806.0403442382812
781.3656616210938
838.9400024414062
850.454833984375
858.6797485351562
886.6444091796875
832.3600463867188
857.0347290039062
720.5014038085938
360.2507019042969
842.2299194335938
843.8749389648438
865.2596435546875
1307.7593994140625
827.4251098632812
843.8749389648438
924.4789428710938
1202.4805908203125
820.84521484375
842.2299194335938
825.7801513671875
781.3656616210938
825.7801513671875
845.5198974609375
786.3005981445312
781.3656616210938
830.715087890625
842.2299194335938
766.5608520507812
886.6444091796875
827.4251098632812
838.9400024414062
799.46044921875
886.6444091796875
825.7801513671875
834.0050048828125
806.0403442382812
991.9231567382812
822.4901733398438
834.0050048828125
898.1592407226562
1097.201904296875
815.9102783203125
845.5198974609375
766.5608520507812
254.97195434570312
835.6500244140625
845.5198974609375
819.2001953125
676.0869140625
829.070068359375
840.5849609375
845.5198974609375
676.0869140625
825.7801513671875
829.070068359375
898.1592407226562
886.6444091796875
819.2001953125
837.2949829101562
819.2001953125
465.5294494628906
822.4901733398438
835.6500244140625
819.2001953125
465.5294494628906
827.4251098632812
848.8098754882812
766.5608520507812
254.97195434570312
835.6500244140625
842.2299194335938
845.5198974609375
676.0869140625
829.070068359375
843.8749389648438
871.839599609375
676.0869140625
829.070068359375
842.2299194335938
871.839599609375
676.0869140625
827.4251098632812
842.2299194335938
871.839599609375
676.0869140625
827.4251098632812
843.8749389648438
766.5608520507812
465.5294494628906
829.070068359375
840.5849609375
845.5198974609375
886.6444091796875
814.2652587890625
843.8749389648438
845.5198974609375
886.6444091796875
814.2652587890625
848.8098754882812
819.2001953125
676.0869140625
824.1351318359375
850.454833984375
819.2001953125
676.0869140625
827.4251098632812
850.454833984375
797.8154907226562
702.4066162109375
835.6500244140625
843.8749389648438
843.8749389648438
912.964111328125
822.4901733398438
837.2949829101562
810.9752807617188
702.4066162109375
827.4251098632812
834.0050048828125
830.715087890625
702.4066162109375
829.070068359375
832.3600463867188
764.9158325195312
491.84912109375
829.070068359375
829.070068359375
771.4957885742188
702.4066162109375
827.4251098632812
829.070068359375
863.6146850585938
912.964111328125
825.7801513671875
835.6500244140625
751.7560424804688
491.84912109375
830.715087890625
835.6500244140625
797.8154907226562
702.4066162109375
820.84521484375
840.5849609375
751.7560424804688
491.84912109375
827.4251098632812
835.6500244140625
870.194580078125
1123.5216064453125
809.330322265625
840.5849609375
883.3544311523438
912.964111328125
819.2001953125
842.2299194335938
876.7745361328125
912.964111328125
835.6500244140625
845.5198974609375
804.3953857421875
702.4066162109375
825.7801513671875
840.5849609375
797.8154907226562
702.4066162109375
824.1351318359375
843.8749389648438
837.2949829101562
912.964111328125
824.1351318359375
852.0997924804688
863.6146850585938
912.964111328125
817.5552368164062
857.0347290039062
863.6146850585938
1123.5216064453125
835.6500244140625
855.3897705078125
942.57373046875
1334.0791015625
834.0050048828125
865.2596435546875
810.9752807617188
702.4066162109375
843.8749389648438
855.3897705078125
863.6146850585938
1334.0791015625
829.070068359375
848.8098754882812
889.9343872070312
1123.5216064453125
815.9102783203125
845.5198974609375
810.9752807617188
912.964111328125
822.4901733398438
832.3600463867188
837.2949829101562
1123.5216064453125
820.84521484375
825.7801513671875
863.6146850585938
1123.5216064453125
827.4251098632812
834.0050048828125
837.2949829101562
912.964111328125
830.715087890625
834.0050048828125
916.2540283203125
1334.0791015625
825.7801513671875
842.2299194335938
889.9343872070312
912.964111328125
830.715087890625
842.2299194335938
810.9752807617188
912.964111328125
830.715087890625
840.5849609375
810.9752807617188
912.964111328125
835.6500244140625
837.2949829101562
810.9752807617188
912.964111328125
830.715087890625
848.8098754882812
837.2949829101562
912.964111328125
840.5849609375
850.454833984375
889.9343872070312
1123.5216064453125
840.5849609375
847.1648559570312
889.9343872070312
1123.5216064453125
834.0050048828125
852.0997924804688
896.5142822265625
1123.5216064453125
829.070068359375
855.3897705078125
822.4901733398438
807.6853637695312
830.715087890625
848.8098754882812
825.7801513671875
807.6853637695312
835.6500244140625
853.7448120117188
783.0106201171875
702.4066162109375
845.5198974609375
843.8749389648438
861.9697265625
1123.5216064453125
830.715087890625
845.5198974609375
861.9697265625
912.964111328125
825.7801513671875
845.5198974609375
797.8154907226562
912.964111328125
829.070068359375
837.2949829101562
894.8693237304688
1334.0791015625
820.84521484375
837.2949829101562
807.6853637695312
807.6853637695312
832.3600463867188
835.6500244140625
802.7504272460938
912.964111328125
830.715087890625
837.2949829101562
817.5552368164062
912.964111328125
825.7801513671875
843.8749389648438
865.2596435546875
1018.2428588867188
820.84521484375
845.5198974609375
820.84521484375
807.6853637695312
827.4251098632812
843.8749389648438
834.0050048828125
807.6853637695312
830.715087890625
845.5198974609375
837.2949829101562
807.6853637695312
837.2949829101562
847.1648559570312
838.9400024414062
702.4066162109375
840.5849609375
848.8098754882812
824.1351318359375
702.4066162109375
837.2949829101562
848.8098754882812
840.5849609375
807.6853637695312
837.2949829101562
843.8749389648438
850.454833984375
807.6853637695312
832.3600463867188
853.7448120117188
779.720703125
597.1278686523438
835.6500244140625
855.3897705078125
853.7448120117188
912.964111328125
834.0050048828125
855.3897705078125
809.330322265625
491.84912109375
845.5198974609375
852.0997924804688
708.9865112304688
386.57037353515625
845.5198974609375
845.5198974609375
830.715087890625
1018.2428588867188
834.0050048828125
845.5198974609375
876.7745361328125
1018.2428588867188
824.1351318359375
847.1648559570312
810.9752807617188
702.4066162109375
830.715087890625
850.454833984375
787.945556640625
702.4066162109375
834.0050048828125
847.1648559570312
822.4901733398438
807.6853637695312
834.0050048828125
852.0997924804688
838.9400024414062
807.6853637695312
834.0050048828125
852.0997924804688
817.5552368164062
702.4066162109375
832.3600463867188
848.8098754882812
810.9752807617188
702.4066162109375
835.6500244140625
845.5198974609375
837.2949829101562
912.964111328125
822.4901733398438
858.6797485351562
810.9752807617188
702.4066162109375
830.715087890625
853.7448120117188
810.9752807617188
702.4066162109375
830.715087890625
845.5198974609375
916.2540283203125
1123.5216064453125
822.4901733398438
845.5198974609375
916.2540283203125
912.964111328125
827.4251098632812
843.8749389648438
863.6146850585938
912.964111328125
822.4901733398438
855.3897705078125
863.6146850585938
912.964111328125
834.0050048828125
857.0347290039062
863.6146850585938
912.964111328125
837.2949829101562
853.7448120117188
863.6146850585938
912.964111328125
829.070068359375
848.8098754882812
942.57373046875
1123.5216064453125
827.4251098632812
848.8098754882812
942.57373046875
912.964111328125
830.715087890625
858.6797485351562
810.9752807617188
491.84912109375
842.2299194335938
853.7448120117188
889.9343872070312
1123.5216064453125
834.0050048828125
855.3897705078125
916.2540283203125
912.964111328125
829.070068359375
852.0997924804688
837.2949829101562
702.4066162109375
842.2299194335938
850.454833984375
916.2540283203125
1123.5216064453125
835.6500244140625
857.0347290039062
797.8154907226562
702.4066162109375
840.5849609375
852.0997924804688
824.1351318359375
1123.5216064453125
837.2949829101562
852.0997924804688
863.6146850585938
1123.5216064453125
838.9400024414062
853.7448120117188
771.4957885742188
912.964111328125
837.2949829101562
852.0997924804688
817.5552368164062
1123.5216064453125
834.0050048828125
852.0997924804688
857.0347290039062
1123.5216064453125
832.3600463867188
847.1648559570312
830.715087890625
912.964111328125
832.3600463867188
845.5198974609375
843.8749389648438
1123.5216064453125
840.5849609375
843.8749389648438
916.2540283203125
1123.5216064453125
829.070068359375
857.0347290039062
771.4957885742188
491.84912109375
837.2949829101562
852.0997924804688
837.2949829101562
912.964111328125
835.6500244140625
847.1648559570312
837.2949829101562
912.964111328125
834.0050048828125
850.454833984375
857.0347290039062
912.964111328125
829.070068359375
848.8098754882812
791.2355346679688
702.4066162109375
832.3600463867188
848.8098754882812
824.1351318359375
912.964111328125
834.0050048828125
847.1648559570312
850.454833984375
912.964111328125
834.0050048828125
845.5198974609375
824.1351318359375
912.964111328125
837.2949829101562
843.8749389648438
824.1351318359375
912.964111328125
829.070068359375
842.2299194335938
797.8154907226562
702.4066162109375
832.3600463867188
837.2949829101562
876.7745361328125
1123.5216064453125
820.84521484375
848.8098754882812
824.1351318359375
912.964111328125
830.715087890625
847.1648559570312
850.454833984375
1123.5216064453125
827.4251098632812
853.7448120117188
797.8154907226562
702.4066162109375
842.2299194335938
847.1648559570312
771.4957885742188
702.4066162109375
842.2299194335938
842.2299194335938
955.7335815429688
1544.6365966796875
824.1351318359375
848.8098754882812
929.4138793945312
1123.5216064453125
824.1351318359375
850.454833984375
797.8154907226562
702.4066162109375
829.070068359375
843.8749389648438
797.8154907226562
912.964111328125
829.070068359375
843.8749389648438
797.8154907226562
912.964111328125
834.0050048828125
845.5198974609375
797.8154907226562
912.964111328125
840.5849609375
845.5198974609375
903.09423828125
1123.5216064453125
835.6500244140625
850.454833984375
824.1351318359375
491.84912109375
834.0050048828125
847.1648559570312
771.4957885742188
491.84912109375
829.070068359375
845.5198974609375
850.454833984375
912.964111328125
822.4901733398438
853.7448120117188
824.1351318359375
491.84912109375
830.715087890625
850.454833984375
824.1351318359375
491.84912109375
830.715087890625
852.0997924804688
824.1351318359375
491.84912109375
829.070068359375
848.8098754882812
745.1760864257812
281.2916259765625
832.3600463867188
842.2299194335938
850.454833984375
912.964111328125
824.1351318359375
852.0997924804688
850.454833984375
702.4066162109375
827.4251098632812
852.0997924804688
797.8154907226562
702.4066162109375
832.3600463867188
845.5198974609375
903.09423828125
912.964111328125
827.4251098632812
842.2299194335938
797.8154907226562
491.84912109375
834.0050048828125
842.2299194335938
903.09423828125
912.964111328125
832.3600463867188
852.0997924804688
797.8154907226562
281.2916259765625
843.8749389648438
855.3897705078125
824.1351318359375
702.4066162109375
840.5849609375
852.0997924804688
824.1351318359375
491.84912109375
848.8098754882812
847.1648559570312
771.4957885742188
491.84912109375
842.2299194335938
850.454833984375
815.9102783203125
801.1054077148438
827.4251098632812
852.0997924804688
657.9921264648438
379.9904479980469
845.5198974609375
837.2949829101562
868.5496215820312
1643.3353271484375
822.4901733398438
845.5198974609375
815.9102783203125
801.1054077148438
832.3600463867188
842.2299194335938
763.2708740234375
801.1054077148438
834.0050048828125
843.8749389648438
815.9102783203125
801.1054077148438
827.4251098632812
842.2299194335938
815.9102783203125
801.1054077148438
830.715087890625
832.3600463867188
868.5496215820312
1011.6629028320312
834.0050048828125
838.9400024414062
868.5496215820312
1011.6629028320312
829.070068359375
850.454833984375
763.2708740234375
590.5479125976562
834.0050048828125
850.454833984375
763.2708740234375
590.5479125976562
832.3600463867188
845.5198974609375
868.5496215820312
1011.6629028320312
824.1351318359375
853.7448120117188
868.5496215820312
590.5479125976562
830.715087890625
852.0997924804688
815.9102783203125
590.5479125976562
834.0050048828125
852.0997924804688
815.9102783203125
801.1054077148438
837.2949829101562
847.1648559570312
815.9102783203125
801.1054077148438
827.4251098632812
847.1648559570312
815.9102783203125
590.5479125976562
830.715087890625
848.8098754882812
796.1704711914062
590.5479125976562
832.3600463867188
847.1648559570312
750.1110229492188
590.5479125976562
827.4251098632812
835.6500244140625
881.70947265625
1222.2203369140625
822.4901733398438
843.8749389648438
875.1295166015625
1011.6629028320312
830.715087890625
847.1648559570312
855.3897705078125
1011.6629028320312
827.4251098632812
857.0347290039062
796.1704711914062
801.1054077148438
835.6500244140625
853.7448120117188
763.2708740234375
801.1054077148438
843.8749389648438
848.8098754882812
901.44921875
1222.2203369140625
827.4251098632812
852.0997924804688
835.6500244140625
801.1054077148438
827.4251098632812
848.8098754882812
901.44921875
1011.6629028320312
835.6500244140625
845.5198974609375
809.330322265625
590.5479125976562
830.715087890625
843.8749389648438
809.330322265625
801.1054077148438
825.7801513671875
843.8749389648438
868.5496215820312
1011.6629028320312
832.3600463867188
848.8098754882812
842.2299194335938
801.1054077148438
834.0050048828125
855.3897705078125
802.7504272460938
801.1054077148438
832.3600463867188
848.8098754882812
835.6500244140625
801.1054077148438
832.3600463867188
852.0997924804688
888.2893676757812
906.3841552734375
830.715087890625
852.0997924804688
835.6500244140625
695.82666015625
830.715087890625
847.1648559570312
888.2893676757812
1116.941650390625
827.4251098632812
850.454833984375
888.2893676757812
906.3841552734375
837.2949829101562
852.0997924804688
756.6909790039062
485.2691955566406
842.2299194335938
847.1648559570312
861.9697265625
1222.2203369140625
822.4901733398438
853.7448120117188
861.9697265625
801.1054077148438
837.2949829101562
857.0347290039062
809.330322265625
695.82666015625
843.8749389648438
852.0997924804688
809.330322265625
801.1054077148438
830.715087890625
845.5198974609375
835.6500244140625
1011.6629028320312
830.715087890625
845.5198974609375
835.6500244140625
1011.6629028320312
815.9102783203125
850.454833984375
888.2893676757812
1116.941650390625
814.2652587890625
860.32470703125
861.9697265625
801.1054077148438
832.3600463867188
861.9697265625
783.0106201171875
695.82666015625
842.2299194335938
855.3897705078125
783.0106201171875
801.1054077148438
843.8749389648438
853.7448120117188
861.9697265625
1011.6629028320312
843.8749389648438
853.7448120117188
819.2001953125
695.82666015625
848.8098754882812
855.3897705078125
802.7504272460938
695.82666015625
843.8749389648438
852.0997924804688
838.9400024414062
801.1054077148438
837.2949829101562
852.0997924804688
845.5198974609375
801.1054077148438
830.715087890625
850.454833984375
809.330322265625
695.82666015625
834.0050048828125
847.1648559570312
829.070068359375
695.82666015625
832.3600463867188
857.0347290039062
743.5311279296875
379.9904479980469
842.2299194335938
848.8098754882812
845.5198974609375
1011.6629028320312
840.5849609375
840.5849609375
924.4789428710938
1011.6629028320312
829.070068359375
848.8098754882812
832.3600463867188
590.5479125976562
822.4901733398438
843.8749389648438
812.6203002929688
590.5479125976562
820.84521484375
850.454833984375
763.2708740234375
485.2691955566406
829.070068359375
847.1648559570312
786.3005981445312
695.82666015625
834.0050048828125
848.8098754882812
861.9697265625
906.3841552734375
840.5849609375
853.7448120117188
865.2596435546875
801.1054077148438
837.2949829101562
858.6797485351562
809.330322265625
590.5479125976562
843.8749389648438
860.32470703125
794.5255126953125
695.82666015625
847.1648559570312
852.0997924804688
850.454833984375
906.3841552734375
835.6500244140625
858.6797485351562
832.3600463867188
695.82666015625
837.2949829101562
857.0347290039062
832.3600463867188
695.82666015625
832.3600463867188
853.7448120117188
812.6203002929688
590.5479125976562
834.0050048828125
857.0347290039062
725.4363403320312
379.9904479980469
847.1648559570312
848.8098754882812
810.9752807617188
906.3841552734375
834.0050048828125
848.8098754882812
847.1648559570312
906.3841552734375
835.6500244140625
853.7448120117188
832.3600463867188
801.1054077148438
842.2299194335938
850.454833984375
802.7504272460938
801.1054077148438
835.6500244140625
848.8098754882812
812.6203002929688
906.3841552734375
842.2299194335938
848.8098754882812
789.590576171875
695.82666015625
838.9400024414062
842.2299194335938
824.1351318359375
1011.6629028320312
835.6500244140625
843.8749389648438
949.1536865234375
1327.4991455078125
824.1351318359375
850.454833984375
898.1592407226562
906.3841552734375
827.4251098632812
848.8098754882812
876.7745361328125
906.3841552734375
835.6500244140625
848.8098754882812
824.1351318359375
274.71173095703125
838.9400024414062
847.1648559570312
876.7745361328125
485.2691955566406
830.715087890625
855.3897705078125
876.7745361328125
274.71173095703125
837.2949829101562
852.0997924804688
876.7745361328125
695.82666015625
834.0050048828125
857.0347290039062
876.7745361328125
485.2691955566406
835.6500244140625
866.9046630859375
771.4957885742188
274.71173095703125
847.1648559570312
863.6146850585938
824.1351318359375
485.2691955566406
837.2949829101562
857.0347290039062
771.4957885742188
274.71173095703125
840.5849609375
855.3897705078125
771.4957885742188
485.2691955566406
850.454833984375
848.8098754882812
824.1351318359375
695.82666015625
835.6500244140625
852.0997924804688
824.1351318359375
695.82666015625
835.6500244140625
850.454833984375
876.7745361328125
906.3841552734375
825.7801513671875
852.0997924804688
824.1351318359375
485.2691955566406
834.0050048828125
850.454833984375
771.4957885742188
485.2691955566406
840.5849609375
847.1648559570312
824.1351318359375
906.3841552734375
834.0050048828125
847.1648559570312
876.7745361328125
906.3841552734375
829.070068359375
845.5198974609375
876.7745361328125
906.3841552734375
835.6500244140625
847.1648559570312
929.4138793945312
1116.941650390625
837.2949829101562
855.3897705078125
824.1351318359375
485.2691955566406
848.8098754882812
845.5198974609375
824.1351318359375
906.3841552734375
852.0997924804688
840.5849609375
876.7745361328125
906.3841552734375
838.9400024414062
845.5198974609375
771.4957885742188
485.2691955566406
842.2299194335938
848.8098754882812
771.4957885742188
485.2691955566406
843.8749389648438
847.1648559570312
824.1351318359375
906.3841552734375
832.3600463867188
842.2299194335938
929.4138793945312
1116.941650390625
832.3600463867188
850.454833984375
824.1351318359375
485.2691955566406
842.2299194335938
847.1648559570312
824.1351318359375
695.82666015625
840.5849609375
850.454833984375
824.1351318359375
485.2691955566406
843.8749389648438
842.2299194335938
824.1351318359375
695.82666015625
840.5849609375
843.8749389648438
876.7745361328125
906.3841552734375
834.0050048828125
848.8098754882812
824.1351318359375
485.2691955566406
838.9400024414062
847.1648559570312
824.1351318359375
906.3841552734375
838.9400024414062
848.8098754882812
837.2949829101562
1116.941650390625
829.070068359375
845.5198974609375
883.3544311523438
1327.4991455078125
822.4901733398438
853.7448120117188
858.6797485351562
1116.941650390625
834.0050048828125
857.0347290039062
753.4010009765625
695.82666015625
843.8749389648438
847.1648559570312
779.720703125
906.3841552734375
843.8749389648438
838.9400024414062
866.9046630859375
1116.941650390625
840.5849609375
842.2299194335938
812.6203002929688
695.82666015625
832.3600463867188
842.2299194335938
769.850830078125
695.82666015625
830.715087890625
837.2949829101562
901.44921875
1116.941650390625
822.4901733398438
838.9400024414062
787.945556640625
485.2691955566406
829.070068359375
834.0050048828125
789.590576171875
695.82666015625
830.715087890625
830.715087890625
822.4901733398438
695.82666015625
827.4251098632812
832.3600463867188
837.2949829101562
695.82666015625
832.3600463867188
834.0050048828125
809.330322265625
695.82666015625
835.6500244140625
832.3600463867188
825.7801513671875
695.82666015625
829.070068359375
838.9400024414062
812.6203002929688
695.82666015625
832.3600463867188
834.0050048828125
857.0347290039062
906.3841552734375
822.4901733398438
840.5849609375
802.7504272460938
590.5479125976562
832.3600463867188
848.8098754882812
829.070068359375
695.82666015625
840.5849609375
852.0997924804688
842.2299194335938
695.82666015625
838.9400024414062
852.0997924804688
819.2001953125
590.5479125976562
838.9400024414062
853.7448120117188
834.0050048828125
695.82666015625
838.9400024414062
852.0997924804688
804.3953857421875
485.2691955566406
838.9400024414062
852.0997924804688
704.0515747070312
379.9904479980469
848.8098754882812
847.1648559570312
843.8749389648438
1222.2203369140625
842.2299194335938
838.9400024414062
959.0235595703125
1222.2203369140625
838.9400024414062
852.0997924804688
827.4251098632812
485.2691955566406
850.454833984375
858.6797485351562
814.2652587890625
590.5479125976562
845.5198974609375
847.1648559570312
761.6259155273438
485.2691955566406
838.9400024414062
842.2299194335938
766.5608520507812
590.5479125976562
830.715087890625
838.9400024414062
847.1648559570312
906.3841552734375
827.4251098632812
835.6500244140625
866.9046630859375
801.1054077148438
825.7801513671875
843.8749389648438
781.3656616210938
485.2691955566406
837.2949829101562
835.6500244140625
728.726318359375
906.3841552734375
837.2949829101562
829.070068359375
781.3656616210938
906.3841552734375
819.2001953125
840.5849609375
728.726318359375
695.82666015625
825.7801513671875
838.9400024414062
781.3656616210938
906.3841552734375
824.1351318359375
848.8098754882812
728.726318359375
485.2691955566406
838.9400024414062
847.1648559570312
728.726318359375
695.82666015625
842.2299194335938
837.2949829101562
834.0050048828125
906.3841552734375
829.070068359375
843.8749389648438
781.3656616210938
485.2691955566406
834.0050048828125
835.6500244140625
834.0050048828125
906.3841552734375
832.3600463867188
840.5849609375
834.0050048828125
485.2691955566406
842.2299194335938
848.8098754882812
781.3656616210938
485.2691955566406
842.2299194335938
848.8098754882812
781.3656616210938
485.2691955566406
845.5198974609375
842.2299194335938
834.0050048828125
695.82666015625
840.5849609375
843.8749389648438
886.6444091796875
906.3841552734375
837.2949829101562
845.5198974609375
886.6444091796875
906.3841552734375
842.2299194335938
843.8749389648438
886.6444091796875
695.82666015625
827.4251098632812
857.0347290039062
728.726318359375
485.2691955566406
847.1648559570312
850.454833984375
728.726318359375
906.3841552734375
835.6500244140625
845.5198974609375
728.726318359375
906.3841552734375
837.2949829101562
848.8098754882812
728.726318359375
1116.941650390625
837.2949829101562
853.7448120117188
728.726318359375
906.3841552734375
834.0050048828125
853.7448120117188
676.0869140625
695.82666015625
842.2299194335938
853.7448120117188
676.0869140625
906.3841552734375
842.2299194335938
848.8098754882812
623.4475708007812
695.82666015625
852.0997924804688
848.8098754882812
676.0869140625
1116.941650390625
848.8098754882812
847.1648559570312
728.726318359375
1116.941650390625
835.6500244140625
848.8098754882812
728.726318359375
906.3841552734375
830.715087890625
845.5198974609375
781.3656616210938
1116.941650390625
829.070068359375
847.1648559570312
728.726318359375
695.82666015625
832.3600463867188
850.454833984375
728.726318359375
695.82666015625
827.4251098632812
847.1648559570312
834.0050048828125
906.3841552734375
824.1351318359375
845.5198974609375
781.3656616210938
485.2691955566406
824.1351318359375
843.8749389648438
755.0459594726562
695.82666015625
822.4901733398438
850.454833984375
728.726318359375
590.5479125976562
837.2949829101562
848.8098754882812
755.0459594726562
906.3841552734375
837.2949829101562
848.8098754882812
834.