3000
4
853.7448120117188
531.3286743164062
613.5776977539062
837.2949829101562
866.9046630859375
320.77117919921875
613.5776977539062
850.454833984375
868.5496215820312
320.77117919921875
613.5776977539062
855.3897705078125
842.2299194335938
741.8861083984375
1034.692626953125
825.7801513671875
842.2299194335938
531.3286743164062
613.5776977539062
817.5552368164062
847.1648559570312
531.3286743164062
824.1351318359375
820.84521484375
842.2299194335938
320.77117919921875
613.5776977539062
815.9102783203125
834.0050048828125
531.3286743164062
1034.692626953125
804.3953857421875
832.3600463867188
1163.0010986328125
1455.8076171875
797.8154907226562
835.6500244140625
531.3286743164062
613.5776977539062
807.6853637695312
847.1648559570312
531.3286743164062
613.5776977539062
814.2652587890625
848.8098754882812
531.3286743164062
613.5776977539062
815.9102783203125
840.5849609375
531.3286743164062
613.5776977539062
819.2001953125
838.9400024414062
952.443603515625
824.1351318359375
807.6853637695312
847.1648559570312
952.443603515625
824.1351318359375
812.6203002929688
845.5198974609375
741.8861083984375
613.5776977539062
817.5552368164062
845.5198974609375
952.443603515625
1034.692626953125
815.9102783203125
847.1648559570312
1373.55859375
1034.692626953125
810.9752807617188
858.6797485351562
952.443603515625
613.5776977539062
832.3600463867188
857.0347290039062
1163.0010986328125
824.1351318359375
825.7801513671875
866.9046630859375
952.443603515625
403.0201721191406
835.6500244140625
861.9697265625
952.443603515625
613.5776977539062
842.2299194335938
860.32470703125
1373.55859375
1034.692626953125
837.2949829101562
863.6146850585938
741.8861083984375
403.0201721191406
838.9400024414062
850.454833984375
1163.0010986328125
1034.692626953125
820.84521484375
855.3897705078125
952.443603515625
613.5776977539062
825.7801513671875
858.6797485351562
1163.0010986328125
1034.692626953125
829.070068359375
857.0347290039062
1163.0010986328125
824.1351318359375
825.7801513671875
863.6146850585938
531.3286743164062
403.0201721191406
838.9400024414062
857.0347290039062
741.8861083984375
824.1351318359375
829.070068359375
858.6797485351562
741.8861083984375
824.1351318359375
830.715087890625
870.194580078125
741.8861083984375
824.1351318359375
842.2299194335938
858.6797485351562
1163.0010986328125
1034.692626953125
830.715087890625
865.2596435546875
741.8861083984375
403.0201721191406
832.3600463867188
861.9697265625
952.443603515625
613.5776977539062
827.4251098632812
860.32470703125
952.443603515625
613.5776977539062
825.7801513671875
870.194580078125
531.3286743164062
192.46270751953125
838.9400024414062
852.0997924804688
1373.55859375
1034.692626953125
820.84521484375
857.0347290039062
1373.55859375
613.5776977539062
824.1351318359375
858.6797485351562
741.8861083984375
403.0201721191406
825.7801513671875
852.0997924804688
1584.1160888671875
1245.2501220703125
817.5552368164062
863.6146850585938
741.8861083984375
192.46270751953125
837.2949829101562
853.7448120117188
741.8861083984375
613.5776977539062
832.3600463867188
850.454833984375
1373.55859375
1034.692626953125
825.7801513671875
865.2596435546875
952.443603515625
613.5776977539062
838.9400024414062
861.9697265625
952.443603515625
824.1351318359375
847.1648559570312
871.839599609375
741.8861083984375
613.5776977539062
852.0997924804688
868.5496215820312
320.77117919921875
403.0201721191406
842.2299194335938
861.9697265625
952.443603515625
1034.692626953125
835.6500244140625
871.839599609375
952.443603515625
1245.2501220703125
835.6500244140625
858.6797485351562
1373.55859375
1666.3651123046875
822.4901733398438
873.4845581054688
952.443603515625
1034.692626953125
835.6500244140625
865.2596435546875
952.443603515625
1034.692626953125
829.070068359375
866.9046630859375
952.443603515625
1034.692626953125
834.0050048828125
866.9046630859375
952.443603515625
1245.2501220703125
832.3600463867188
858.6797485351562
1163.0010986328125
1245.2501220703125
825.7801513671875
870.194580078125
741.8861083984375
1034.692626953125
835.6500244140625
866.9046630859375
1373.55859375
1666.3651123046875
829.070068359375
868.5496215820312
741.8861083984375
824.1351318359375
837.2949829101562
860.32470703125
741.8861083984375
1034.692626953125
830.715087890625
860.32470703125
741.8861083984375
824.1351318359375
832.3600463867188
855.3897705078125
741.8861083984375
1034.692626953125
830.715087890625
857.0347290039062
952.443603515625
1034.692626953125
832.3600463867188
857.0347290039062
531.3286743164062
613.5776977539062
829.070068359375
843.8749389648438
741.8861083984375
1455.8076171875
822.4901733398438
853.7448120117188
531.3286743164062
1034.692626953125
835.6500244140625
857.0347290039062
531.3286743164062
1034.692626953125
837.2949829101562
852.0997924804688
741.8861083984375
1034.692626953125
830.715087890625
860.32470703125
320.77117919921875
824.1351318359375
842.2299194335938
857.0347290039062
741.8861083984375
1245.2501220703125
837.2949829101562
863.6146850585938
531.3286743164062
824.1351318359375
842.2299194335938
866.9046630859375
531.3286743164062
824.1351318359375
845.5198974609375
865.2596435546875
741.8861083984375
824.1351318359375
834.0050048828125
866.9046630859375
320.77117919921875
613.5776977539062
845.5198974609375
866.9046630859375
531.3286743164062
824.1351318359375
845.5198974609375
866.9046630859375
531.3286743164062
613.5776977539062
837.2949829101562
865.2596435546875
531.3286743164062
613.5776977539062
834.0050048828125
861.9697265625
741.8861083984375
1034.692626953125
832.3600463867188
863.6146850585938
1163.0010986328125
1245.2501220703125
834.0050048828125
855.3897705078125
952.443603515625
824.1351318359375
837.2949829101562
868.5496215820312
866.9046630859375
791.2355346679688
847.1648559570312
875.1295166015625
656.34716796875
685.956787109375
853.7448120117188
857.0347290039062
551.0684204101562
580.6780395507812
840.5849609375
847.1648559570312
866.9046630859375
1107.07177734375
837.2949829101562
847.1648559570312
1077.462158203125
1107.07177734375
837.2949829101562
853.7448120117188
761.6259155273438
791.2355346679688
835.6500244140625
857.0347290039062
761.6259155273438
896.5142822265625
838.9400024414062
860.32470703125
340.51092529296875
475.3993225097656
847.1648559570312
848.8098754882812
1077.462158203125
1317.6292724609375
832.3600463867188
853.7448120117188
1393.29833984375
1317.6292724609375
838.9400024414062
863.6146850585938
656.34716796875
475.3993225097656
850.454833984375
863.6146850585938
656.34716796875
685.956787109375
852.0997924804688
860.32470703125
551.0684204101562
580.6780395507812
850.454833984375
855.3897705078125
656.34716796875
685.956787109375
847.1648559570312
857.0347290039062
972.1834106445312
1001.7930297851562
837.2949829101562
855.3897705078125
972.1834106445312
791.2355346679688
830.715087890625
858.6797485351562
551.0684204101562
475.3993225097656
832.3600463867188
852.0997924804688
972.1834106445312
685.956787109375
824.1351318359375
847.1648559570312
1182.7408447265625
685.956787109375
824.1351318359375
847.1648559570312
1182.7408447265625
475.3993225097656
827.4251098632812
848.8098754882812
1182.7408447265625
685.956787109375
829.070068359375
858.6797485351562
972.1834106445312
475.3993225097656
829.070068359375
855.3897705078125
1182.7408447265625
896.5142822265625
824.1351318359375
853.7448120117188
1182.7408447265625
896.5142822265625
825.7801513671875
853.7448120117188
972.1834106445312
896.5142822265625
834.0050048828125
850.454833984375
1182.7408447265625
1107.07177734375
832.3600463867188
857.0347290039062
761.6259155273438
896.5142822265625
838.9400024414062
843.8749389648438
1182.7408447265625
1317.6292724609375
824.1351318359375
853.7448120117188
761.6259155273438
685.956787109375
830.715087890625
845.5198974609375
761.6259155273438
896.5142822265625
832.3600463867188
842.2299194335938
972.1834106445312
896.5142822265625
822.4901733398438
847.1648559570312
551.0684204101562
475.3993225097656
825.7801513671875
843.8749389648438
1182.7408447265625
1107.07177734375
817.5552368164062
848.8098754882812
866.9046630859375
685.956787109375
819.2001953125
835.6500244140625
656.34716796875
685.956787109375
817.5552368164062
835.6500244140625
972.1834106445312
1001.7930297851562
812.6203002929688
840.5849609375
972.1834106445312
896.5142822265625
815.9102783203125
850.454833984375
866.9046630859375
791.2355346679688
834.0050048828125
847.1648559570312
972.1834106445312
896.5142822265625
824.1351318359375
842.2299194335938
761.6259155273438
685.956787109375
822.4901733398438
838.9400024414062
761.6259155273438
896.5142822265625
819.2001953125
838.9400024414062
1077.462158203125
1107.07177734375
809.330322265625
847.1648559570312
551.0684204101562
580.6780395507812
830.715087890625
845.5198974609375
551.0684204101562
580.6780395507812
830.715087890625
853.7448120117188
551.0684204101562
580.6780395507812
834.0050048828125
852.0997924804688
866.9046630859375
1001.7930297851562
835.6500244140625
858.6797485351562
972.1834106445312
1001.7930297851562
842.2299194335938
842.2299194335938
656.34716796875
580.6780395507812
824.1351318359375
843.8749389648438
656.34716796875
685.956787109375
824.1351318359375
850.454833984375
866.9046630859375
685.956787109375
815.9102783203125
848.8098754882812
866.9046630859375
475.3993225097656
815.9102783203125
860.32470703125
656.34716796875
475.3993225097656
832.3600463867188
852.0997924804688
656.34716796875
685.956787109375
824.1351318359375
843.8749389648438
1077.462158203125
1107.07177734375
819.2001953125
853.7448120117188
866.9046630859375
685.956787109375
834.0050048828125
853.7448120117188
866.9046630859375
685.956787109375
830.715087890625
848.8098754882812
1077.462158203125
896.5142822265625
819.2001953125
857.0347290039062
656.34716796875
475.3993225097656
825.7801513671875
857.0347290039062
656.34716796875
685.956787109375
825.7801513671875
860.32470703125
235.23219299316406
264.8418273925781
842.2299194335938
860.32470703125
235.23219299316406
475.3993225097656
835.6500244140625
853.7448120117188
235.23219299316406
475.3993225097656
830.715087890625
843.8749389648438
866.9046630859375
1107.07177734375
817.5552368164062
850.454833984375
866.9046630859375
685.956787109375
822.4901733398438
852.0997924804688
235.23219299316406
264.8418273925781
830.715087890625
852.0997924804688
866.9046630859375
685.956787109375
825.7801513671875
848.8098754882812
1077.462158203125
685.956787109375
824.1351318359375
850.454833984375
1498.5771484375
685.956787109375
819.2001953125
853.7448120117188
1498.5771484375
475.3993225097656
827.4251098632812
852.0997924804688
1498.5771484375
685.956787109375
827.4251098632812
855.3897705078125
1288.0196533203125
475.3993225097656
832.3600463867188
843.8749389648438
1498.5771484375
896.5142822265625
827.4251098632812
837.2949829101562
1498.5771484375
896.5142822265625
814.2652587890625
838.9400024414062
1498.5771484375
896.5142822265625
812.6203002929688
847.1648559570312
866.9046630859375
475.3993225097656
829.070068359375
852.0997924804688
1077.462158203125
896.5142822265625
830.715087890625
852.0997924804688
1288.0196533203125
1107.07177734375
822.4901733398438
850.454833984375
866.9046630859375
685.956787109375
822.4901733398438
845.5198974609375
866.9046630859375
685.956787109375
819.2001953125
847.1648559570312
866.9046630859375
685.956787109375
824.1351318359375
850.454833984375
1077.462158203125
896.5142822265625
825.7801513671875
853.7448120117188
656.34716796875
896.5142822265625
830.715087890625
843.8749389648438
656.34716796875
896.5142822265625
822.4901733398438
852.0997924804688
445.7896728515625
475.3993225097656
834.0050048828125
852.0997924804688
445.7896728515625
685.956787109375
835.6500244140625
852.0997924804688
1077.462158203125
1317.6292724609375
832.3600463867188
870.194580078125
1077.462158203125
896.5142822265625
840.5849609375
861.9697265625
445.7896728515625
475.3993225097656
842.2299194335938
852.0997924804688
656.34716796875
896.5142822265625
834.0050048828125
852.0997924804688
1288.0196533203125
1317.6292724609375
829.070068359375
843.8749389648438
1077.462158203125
896.5142822265625
830.715087890625
855.3897705078125
1077.462158203125
896.5142822265625
835.6500244140625
853.7448120117188
656.34716796875
475.3993225097656
837.2949829101562
858.6797485351562
656.34716796875
475.3993225097656
842.2299194335938
853.7448120117188
1077.462158203125
896.5142822265625
835.6500244140625
842.2299194335938
1077.462158203125
896.5142822265625
825.7801513671875
850.454833984375
656.34716796875
475.3993225097656
837.2949829101562
852.0997924804688
656.34716796875
685.956787109375
842.2299194335938
852.0997924804688
1182.7408447265625
1528.186767578125
835.6500244140625
857.0347290039062
761.6259155273438
896.5142822265625
843.8749389648438
848.8098754882812
761.6259155273438
896.5142822265625
837.2949829101562
855.3897705078125
866.9046630859375
896.5142822265625
834.0050048828125
863.6146850585938
551.0684204101562
896.5142822265625
845.5198974609375
853.7448120117188
972.1834106445312
1317.6292724609375
835.6500244140625
863.6146850585938
866.9046630859375
1107.07177734375
843.8749389648438
852.0997924804688
866.9046630859375
1107.07177734375
835.6500244140625
858.6797485351562
1077.462158203125
1107.07177734375
835.6500244140625
858.6797485351562
551.0684204101562
685.956787109375
842.2299194335938
857.0347290039062
761.6259155273438
896.5142822265625
842.2299194335938
860.32470703125
866.9046630859375
896.5142822265625
838.9400024414062
865.2596435546875
761.6259155273438
685.956787109375
837.2949829101562
863.6146850585938
866.9046630859375
896.5142822265625
838.9400024414062
858.6797485351562
866.9046630859375
685.956787109375
835.6500244140625
865.2596435546875
656.34716796875
685.956787109375
845.5198974609375
860.32470703125
1077.462158203125
1317.6292724609375
845.5198974609375
866.9046630859375
656.34716796875
896.5142822265625
845.5198974609375
865.2596435546875
866.9046630859375
1317.6292724609375
845.5198974609375
857.0347290039062
1077.462158203125
1317.6292724609375
837.2949829101562
857.0347290039062
866.9046630859375
1107.07177734375
840.5849609375
852.0997924804688
866.9046630859375
1107.07177734375
837.2949829101562
858.6797485351562
656.34716796875
896.5142822265625
838.9400024414062
855.3897705078125
656.34716796875
1107.07177734375
838.9400024414062
847.1648559570312
866.9046630859375
1107.07177734375
829.070068359375
845.5198974609375
656.34716796875
896.5142822265625
825.7801513671875
848.8098754882812
1077.462158203125
1107.07177734375
827.4251098632812
858.6797485351562
445.7896728515625
475.3993225097656
838.9400024414062
855.3897705078125
656.34716796875
896.5142822265625
835.6500244140625
850.454833984375
656.34716796875
685.956787109375
835.6500244140625
848.8098754882812
866.9046630859375
896.5142822265625
830.715087890625
850.454833984375
853.7448120117188
740.2411499023438
835.6500244140625
853.7448120117188
1064.30224609375
950.7986450195312
840.5849609375
850.454833984375
1485.417236328125
1161.3560791015625
835.6500244140625
845.5198974609375
1274.8597412109375
740.2411499023438
832.3600463867188
852.0997924804688
1274.8597412109375
950.7986450195312
830.715087890625
855.3897705078125
1274.8597412109375
950.7986450195312
834.0050048828125
858.6797485351562
853.7448120117188
529.6836547851562
840.5849609375
858.6797485351562
1274.8597412109375
1161.3560791015625
834.0050048828125
857.0347290039062
1485.417236328125
1161.3560791015625
832.3600463867188
860.32470703125
1064.30224609375
740.2411499023438
842.2299194335938
861.9697265625
1064.30224609375
740.2411499023438
843.8749389648438
848.8098754882812
853.7448120117188
740.2411499023438
834.0050048828125
842.2299194335938
1064.30224609375
950.7986450195312
824.1351318359375
848.8098754882812
1064.30224609375
950.7986450195312
827.4251098632812
848.8098754882812
1274.8597412109375
1161.3560791015625
827.4251098632812
855.3897705078125
853.7448120117188
529.6836547851562
834.0050048828125
853.7448120117188
853.7448120117188
740.2411499023438
838.9400024414062
852.0997924804688
853.7448120117188
950.7986450195312
837.2949829101562
865.2596435546875
643.1873168945312
740.2411499023438
848.8098754882812
857.0347290039062
643.1873168945312
740.2411499023438
842.2299194335938
843.8749389648438
643.1873168945312
740.2411499023438
832.3600463867188
848.8098754882812
853.7448120117188
950.7986450195312
832.3600463867188
855.3897705078125
643.1873168945312
740.2411499023438
842.2299194335938
858.6797485351562
643.1873168945312
740.2411499023438
845.5198974609375
871.839599609375
432.62982177734375
529.6836547851562
853.7448120117188
857.0347290039062
432.62982177734375
740.2411499023438
842.2299194335938
847.1648559570312
1274.8597412109375
1371.91357421875
827.4251098632812
853.7448120117188
1064.30224609375
740.2411499023438
829.070068359375
852.0997924804688
853.7448120117188
529.6836547851562
837.2949829101562
850.454833984375
853.7448120117188
740.2411499023438
834.0050048828125
852.0997924804688
853.7448120117188
740.2411499023438
835.6500244140625
848.8098754882812
853.7448120117188
950.7986450195312
835.6500244140625
843.8749389648438
1064.30224609375
1161.3560791015625
822.4901733398438
853.7448120117188
748.466064453125
845.5198974609375
832.3600463867188
863.6146850585938
537.9085693359375
634.96240234375
838.9400024414062
866.9046630859375
537.9085693359375
634.96240234375
842.2299194335938
863.6146850585938
537.9085693359375
634.96240234375
845.5198974609375
857.0347290039062
1169.5810546875
1266.6348876953125
837.2949829101562
853.7448120117188
1274.8597412109375
1161.3560791015625
830.715087890625
857.0347290039062
643.1873168945312
634.96240234375
837.2949829101562
855.3897705078125
853.7448120117188
950.7986450195312
830.715087890625
858.6797485351562
748.466064453125
845.5198974609375
835.6500244140625
858.6797485351562
748.466064453125
950.7986450195312
835.6500244140625
863.6146850585938
853.7448120117188
950.7986450195312
842.2299194335938
865.2596435546875
853.7448120117188
950.7986450195312
837.2949829101562
853.7448120117188
853.7448120117188
845.5198974609375
832.3600463867188
858.6797485351562
959.0235595703125
950.7986450195312
835.6500244140625
850.454833984375
1064.30224609375
1056.077392578125
822.4901733398438
848.8098754882812
537.9085693359375
529.6836547851562
835.6500244140625
850.454833984375
1169.5810546875
1371.91357421875
830.715087890625
853.7448120117188
853.7448120117188
740.2411499023438
834.0050048828125
852.0997924804688
748.466064453125
740.2411499023438
838.9400024414062
857.0347290039062
748.466064453125
740.2411499023438
843.8749389648438
834.0050048828125
643.1873168945312
740.2411499023438
819.2001953125
804.3953857421875
643.1873168945312
740.2411499023438
786.3005981445312
783.0106201171875
959.0235595703125
1056.077392578125
761.6259155273438
758.3359375
643.1873168945312
634.96240234375
735.3062133789062
738.59619140625
432.62982177734375
529.6836547851562
717.21142578125
700.7615966796875
748.466064453125
740.2411499023438
677.7318725585938
674.4419555664062
643.1873168945312
634.96240234375
651.4122314453125
649.7672119140625
959.0235595703125
950.7986450195312
625.092529296875
625.092529296875
853.7448120117188
740.2411499023438
606.9977416992188
606.9977416992188
853.7448120117188
740.2411499023438
590.5479125976562
580.6780395507812
853.7448120117188
740.2411499023438
565.8732299804688
560.9382934570312
959.0235595703125
950.7986450195312
546.1334838867188
562.583251953125
1380.1385498046875
1056.077392578125
539.5535278320312
569.1632080078125
1380.1385498046875
950.7986450195312
546.1334838867188
579.0330810546875
1380.1385498046875
845.5198974609375
551.0684204101562
605.352783203125
1380.1385498046875
845.5198974609375
580.6780395507812
618.5126342773438
959.0235595703125
529.6836547851562
600.4178466796875
618.5126342773438
959.0235595703125
845.5198974609375
598.7728271484375
628.3825073242188
1169.5810546875
845.5198974609375
606.9977416992188
654.7021484375
959.0235595703125
634.96240234375
630.0274658203125
653.0571899414062
1380.1385498046875
1056.077392578125
631.6724243164062
681.0218505859375
1380.1385498046875
1056.077392578125
656.34716796875
708.9865112304688
1169.5810546875
740.2411499023438
679.3768920898438
723.7913208007812
1169.5810546875
740.2411499023438
695.82666015625
761.6259155273438
748.466064453125
424.4049377441406
738.59619140625
771.4957885742188
959.0235595703125
845.5198974609375
746.8211059570312
781.3656616210938
1169.5810546875
1056.077392578125
761.6259155273438
792.8805541992188
1169.5810546875
950.7986450195312
773.1407470703125
824.1351318359375
748.466064453125
740.2411499023438
802.7504272460938
838.9400024414062
748.466064453125
950.7986450195312
824.1351318359375
843.8749389648438
1169.5810546875
1161.3560791015625
825.7801513671875
868.5496215820312
959.0235595703125
740.2411499023438
843.8749389648438
886.6444091796875
959.0235595703125
740.2411499023438
866.9046630859375
906.3841552734375
959.0235595703125
529.6836547851562
880.064453125
921.18896484375
959.0235595703125
529.6836547851562
898.1592407226562
904.7391967773438
1380.1385498046875
950.7986450195312
880.064453125
904.7391967773438
1380.1385498046875
740.2411499023438
873.4845581054688
909.6741333007812
959.0235595703125
529.6836547851562
886.6444091796875
926.1239624023438
748.466064453125
529.6836547851562
903.09423828125
934.3488159179688
748.466064453125
529.6836547851562
912.964111328125
935.9938354492188
1169.5810546875
740.2411499023438
916.2540283203125
939.2837524414062
748.466064453125
319.1261901855469
921.18896484375
929.4138793945312
1169.5810546875
950.7986450195312
909.6741333007812
929.4138793945312
1169.5810546875
950.7986450195312
908.0291748046875
934.3488159179688
748.466064453125
740.2411499023438
911.319091796875
940.9287719726562
1380.1385498046875
950.7986450195312
912.964111328125
957.3785400390625
537.9085693359375
108.5687026977539
931.0588989257812
949.1536865234375
748.466064453125
529.6836547851562
922.833984375
949.1536865234375
748.466064453125
319.1261901855469
921.18896484375
942.57373046875
748.466064453125
529.6836547851562
911.319091796875
940.9287719726562
959.0235595703125
529.6836547851562
908.0291748046875
935.9938354492188
959.0235595703125
529.6836547851562
911.319091796875
934.3488159179688
1169.5810546875
740.2411499023438
912.964111328125
942.57373046875
1169.5810546875
740.2411499023438
914.6090698242188
935.9938354492188
537.9085693359375
319.1261901855469
916.2540283203125
935.9938354492188
959.0235595703125
950.7986450195312
909.6741333007812
932.703857421875
959.0235595703125
950.7986450195312
911.319091796875
935.9938354492188
748.466064453125
740.2411499023438
916.2540283203125
926.1239624023438
1169.5810546875
1161.3560791015625
903.09423828125
931.0588989257812
537.9085693359375
319.1261901855469
911.319091796875
921.18896484375
537.9085693359375
740.2411499023438
896.5142822265625
924.4789428710938
748.466064453125
740.2411499023438
901.44921875
935.9938354492188
116.7936019897461
108.5687026977539
922.833984375
904.7391967773438
748.466064453125
950.7986450195312
891.579345703125
903.09423828125
959.0235595703125
950.7986450195312
891.579345703125
908.0291748046875
537.9085693359375
529.6836547851562
894.8693237304688
906.3841552734375
748.466064453125
740.2411499023438
884.9994506835938
909.6741333007812
537.9085693359375
529.6836547851562
891.579345703125
899.8042602539062
748.466064453125
740.2411499023438
884.9994506835938
896.5142822265625
959.0235595703125
950.7986450195312
881.70947265625
894.8693237304688
959.0235595703125
950.7986450195312
883.3544311523438
899.8042602539062
748.466064453125
740.2411499023438
886.6444091796875
894.8693237304688
537.9085693359375
740.2411499023438
884.9994506835938
876.7745361328125
537.9085693359375
740.2411499023438
868.5496215820312
878.4194946289062
748.466064453125
950.7986450195312
860.32470703125
883.3544311523438
748.466064453125
740.2411499023438
868.5496215820312
894.8693237304688
715.5664672851562
692.5367431640625
880.064453125
896.5142822265625
715.5664672851562
692.5367431640625
880.064453125
883.3544311523438
505.00897216796875
692.5367431640625
868.5496215820312
875.1295166015625
294.45147705078125
692.5367431640625
860.32470703125
871.839599609375
505.00897216796875
903.09423828125
852.0997924804688
886.6444091796875
294.45147705078125
692.5367431640625
866.9046630859375
886.6444091796875
294.45147705078125
903.09423828125
871.839599609375
881.70947265625
926.1239624023438
1534.7666015625
858.6797485351562
884.9994506835938
715.5664672851562
903.09423828125
870.194580078125
880.064453125
505.00897216796875
692.5367431640625
868.5496215820312
881.70947265625
505.00897216796875
692.5367431640625
857.0347290039062
878.4194946289062
505.00897216796875
692.5367431640625
857.0347290039062
875.1295166015625
926.1239624023438
1113.6517333984375
852.0997924804688
875.1295166015625
926.1239624023438
1113.6517333984375
855.3897705078125
870.194580078125
715.5664672851562
903.09423828125
863.6146850585938
873.4845581054688
715.5664672851562
903.09423828125
860.32470703125
865.2596435546875
926.1239624023438
1113.6517333984375
843.8749389648438
868.5496215820312
820.84521484375
903.09423828125
840.5849609375
853.7448120117188
505.00897216796875
587.2579956054688
832.3600463867188
855.3897705078125
505.00897216796875
587.2579956054688
842.2299194335938
857.0347290039062
610.2877197265625
797.8154907226562
842.2299194335938
868.5496215820312
610.2877197265625
797.8154907226562
855.3897705078125
853.7448120117188
610.2877197265625
797.8154907226562
850.454833984375
842.2299194335938
505.00897216796875
692.5367431640625
837.2949829101562
850.454833984375
399.730224609375
692.5367431640625
840.5849609375
855.3897705078125
1241.960205078125
1429.4879150390625
834.0050048828125
871.839599609375
1031.4027099609375
1008.3729248046875
848.8098754882812
870.194580078125
715.5664672851562
692.5367431640625
860.32470703125
871.839599609375
610.2877197265625
692.5367431640625
865.2596435546875
870.194580078125
610.2877197265625
692.5367431640625
863.6146850585938
865.2596435546875
926.1239624023438
1008.3729248046875
852.0997924804688
860.32470703125
1136.681396484375
1008.3729248046875
847.1648559570312
866.9046630859375
715.5664672851562
587.2579956054688
855.3897705078125
878.4194946289062
926.1239624023438
376.70050048828125
857.0347290039062
871.839599609375
926.1239624023438
376.70050048828125
855.3897705078125
858.6797485351562
1136.681396484375
587.2579956054688
847.1648559570312
865.2596435546875
926.1239624023438
376.70050048828125
853.7448120117188
860.32470703125
926.1239624023438
376.70050048828125
850.454833984375
866.9046630859375
715.5664672851562
166.1430206298828
845.5198974609375
860.32470703125
715.5664672851562
376.70050048828125
843.8749389648438
852.0997924804688
1136.681396484375
797.8154907226562
834.0050048828125
863.6146850585938
715.5664672851562
376.70050048828125
843.8749389648438
860.32470703125
1136.681396484375
1008.3729248046875
837.2949829101562
865.2596435546875
715.5664672851562
376.70050048828125
842.2299194335938
855.3897705078125
926.1239624023438
797.8154907226562
835.6500244140625
870.194580078125
715.5664672851562
376.70050048828125
845.5198974609375
863.6146850585938
505.00897216796875
376.70050048828125
847.1648559570312
860.32470703125
926.1239624023438
797.8154907226562
840.5849609375
863.6146850585938
505.00897216796875
376.70050048828125
840.5849609375
853.7448120117188
715.5664672851562
1008.3729248046875
835.6500244140625
861.9697265625
505.00897216796875
797.8154907226562
840.5849609375
863.6146850585938
505.00897216796875
797.8154907226562
840.5849609375
850.454833984375
505.00897216796875
797.8154907226562
835.6500244140625
870.194580078125
83.89399719238281
587.2579956054688
852.0997924804688
848.8098754882812
83.89399719238281
587.2579956054688
842.2299194335938
842.2299194335938
926.1239624023438
1429.4879150390625
829.070068359375
861.9697265625
715.5664672851562
797.8154907226562
845.5198974609375
848.8098754882812
926.1239624023438
1008.3729248046875
835.6500244140625
861.9697265625
715.5664672851562
587.2579956054688
843.8749389648438
873.4845581054688
505.00897216796875
376.70050048828125
855.3897705078125
855.3897705078125
715.5664672851562
797.8154907226562
843.8749389648438
842.2299194335938
1136.681396484375
1008.3729248046875
820.84521484375
858.6797485351562
926.1239624023438
587.2579956054688
837.2949829101562
848.8098754882812
715.5664672851562
587.2579956054688
832.3600463867188
853.7448120117188
715.5664672851562
587.2579956054688
838.9400024414062
852.0997924804688
1031.4027099609375
1218.930419921875
834.0050048828125
852.0997924804688
1031.4027099609375
1429.4879150390625
832.3600463867188
857.0347290039062
820.84521484375
1218.930419921875
827.4251098632812
855.3897705078125
399.730224609375
797.8154907226562
835.6500244140625
858.6797485351562
610.2877197265625
1008.3729248046875
840.5849609375
852.0997924804688
610.2877197265625
1008.3729248046875
835.6500244140625
860.32470703125
610.2877197265625
1008.3729248046875
842.2299194335938
866.9046630859375
399.730224609375
797.8154907226562
847.1648559570312
861.9697265625
610.2877197265625
1008.3729248046875
843.8749389648438
860.32470703125
820.84521484375
1008.3729248046875
838.9400024414062
863.6146850585938
820.84521484375
797.8154907226562
837.2949829101562
868.5496215820312
399.730224609375
587.2579956054688
850.454833984375
858.6797485351562
1031.4027099609375
1218.930419921875
842.2299194335938
861.9697265625
1031.4027099609375
1008.3729248046875
845.5198974609375
866.9046630859375
1136.681396484375
1008.3729248046875
840.5849609375
866.9046630859375
926.1239624023438
587.2579956054688
843.8749389648438
850.454833984375
294.45147705078125
271.4217529296875
834.0050048828125
843.8749389648438
715.5664672851562
1113.6517333984375
830.715087890625
855.3897705078125
294.45147705078125
481.979248046875
834.0050048828125
863.6146850585938
294.45147705078125
587.2579956054688
838.9400024414062
860.32470703125
294.45147705078125
587.2579956054688
837.2949829101562
863.6146850585938
83.89399719238281
481.979248046875
840.5849609375
847.1648559570312
505.00897216796875
1008.3729248046875
830.715087890625
845.5198974609375
715.5664672851562
1113.6517333984375
824.1351318359375
857.0347290039062
505.00897216796875
692.5367431640625
832.3600463867188
858.6797485351562
505.00897216796875
692.5367431640625
834.0050048828125
866.9046630859375
505.00897216796875
587.2579956054688
847.1648559570312
861.9697265625
505.00897216796875
587.2579956054688
843.8749389648438
857.0347290039062
926.1239624023438
1008.3729248046875
838.9400024414062
865.2596435546875
926.1239624023438
903.09423828125
842.2299194335938
870.194580078125
715.5664672851562
587.2579956054688
842.2299194335938
875.1295166015625
715.5664672851562
797.8154907226562
840.5849609375
855.3897705078125
820.84521484375
1218.930419921875
830.715087890625
840.5849609375
820.84521484375
1008.3729248046875
824.1351318359375
847.1648559570312
610.2877197265625
1008.3729248046875
827.4251098632812
840.5849609375
715.5664672851562
1218.930419921875
820.84521484375
858.6797485351562
926.1239624023438
1218.930419921875
835.6500244140625
858.6797485351562
715.5664672851562
1008.3729248046875
837.2949829101562
853.7448120117188
820.84521484375
1008.3729248046875
835.6500244140625
858.6797485351562
505.00897216796875
587.2579956054688
845.5198974609375
858.6797485351562
610.2877197265625
797.8154907226562
843.8749389648438
857.0347290039062
1347.2388916015625
1429.4879150390625
835.6500244140625
865.2596435546875
1136.681396484375
1008.3729248046875
843.8749389648438
855.3897705078125
820.84521484375
797.8154907226562
840.5849609375
852.0997924804688
820.84521484375
797.8154907226562
835.6500244140625
857.0347290039062
715.5664672851562
797.8154907226562
842.2299194335938
857.0347290039062
715.5664672851562
797.8154907226562
842.2299194335938
845.5198974609375
1136.681396484375
1218.930419921875
832.3600463867188
852.0997924804688
926.1239624023438
797.8154907226562
838.9400024414062
860.32470703125
505.00897216796875
376.70050048828125
842.2299194335938
840.5849609375
715.5664672851562
797.8154907226562
820.84521484375
850.454833984375
294.45147705078125
166.1430206298828
832.3600463867188
848.8098754882812
294.45147705078125
166.1430206298828
827.4251098632812
852.0997924804688
715.5664672851562
376.70050048828125
834.0050048828125
863.6146850585938
294.45147705078125
0.0
845.5198974609375
848.8098754882812
715.5664672851562
631.6724243164062
832.3600463867188
852.0997924804688
715.5664672851562
631.6724243164062
837.2949829101562
855.3897705078125
505.00897216796875
631.6724243164062
840.5849609375
845.5198974609375
926.1239624023438
1052.7874755859375
825.7801513671875
857.0347290039062
505.00897216796875
421.1149597167969
840.5849609375
857.0347290039062
505.00897216796875
631.6724243164062
840.5849609375
848.8098754882812
505.00897216796875
421.1149597167969
832.3600463867188
852.0997924804688
926.1239624023438
1052.7874755859375
830.715087890625
845.5198974609375
926.1239624023438
842.2299194335938
829.070068359375
842.2299194335938
1153.1312255859375
1136.681396484375
825.7801513671875
861.9697265625
1153.1312255859375
505.00897216796875
847.1648559570312
850.454833984375
942.57373046875
294.45147705078125
834.0050048828125
842.2299194335938
1363.688720703125
926.1239624023438
829.070068359375
850.454833984375
1363.688720703125
715.5664672851562
842.2299194335938
842.2299194335938
942.57373046875
505.00897216796875
829.070068359375
845.5198974609375
1153.1312255859375
926.1239624023438
829.070068359375
840.5849609375
1153.1312255859375
926.1239624023438
827.4251098632812
852.0997924804688
1153.1312255859375
1136.681396484375
832.3600463867188
861.9697265625
1153.1312255859375
1136.681396484375
845.5198974609375
855.3897705078125
732.0162353515625
715.5664672851562
838.9400024414062
850.454833984375
732.0162353515625
715.5664672851562
832.3600463867188
855.3897705078125
942.57373046875
926.1239624023438
832.3600463867188
853.7448120117188
942.57373046875
926.1239624023438
832.3600463867188
852.0997924804688
732.0162353515625
715.5664672851562
837.2949829101562
838.9400024414062
732.0162353515625
715.5664672851562
829.070068359375
838.9400024414062
942.57373046875
926.1239624023438
829.070068359375
847.1648559570312
732.0162353515625
610.2877197265625
832.3600463867188
858.6797485351562
732.0162353515625
505.00897216796875
840.5849609375
858.6797485351562
521.458740234375
399.730224609375
842.2299194335938
845.5198974609375
942.57373046875
926.1239624023438
830.715087890625
850.454833984375
942.57373046875
820.84521484375
825.7801513671875
850.454833984375
732.0162353515625
715.5664672851562
827.4251098632812
855.3897705078125
521.458740234375
610.2877197265625
832.3600463867188
850.454833984375
416.1800231933594
610.2877197265625
835.6500244140625
840.5849609375
1363.688720703125
1557.79638671875
822.4901733398438
858.6797485351562
942.57373046875
820.84521484375
830.715087890625
865.2596435546875
626.7374877929688
610.2877197265625
845.5198974609375
848.8098754882812
626.7374877929688
610.2877197265625
829.070068359375
855.3897705078125
626.7374877929688
610.2877197265625
837.2949829101562
852.0997924804688
942.57373046875
926.1239624023438
830.715087890625
855.3897705078125
942.57373046875
820.84521484375
834.0050048828125
866.9046630859375
310.9012756347656
294.45147705078125
848.8098754882812
845.5198974609375
1047.8525390625
1136.681396484375
819.2001953125
843.8749389648438
837.2949829101562
820.84521484375
815.9102783203125
855.3897705078125
837.2949829101562
926.1239624023438
820.84521484375
860.32470703125
732.0162353515625
610.2877197265625
827.4251098632812
863.6146850585938
626.7374877929688
610.2877197265625
838.9400024414062
870.194580078125
626.7374877929688
610.2877197265625
843.8749389648438
870.194580078125
1153.1312255859375
1136.681396484375
832.3600463867188
860.32470703125
1153.1312255859375
1031.4027099609375
830.715087890625
860.32470703125
732.0162353515625
610.2877197265625
830.715087890625
857.0347290039062
732.0162353515625
610.2877197265625
827.4251098632812
847.1648559570312
521.458740234375
505.00897216796875
829.070068359375
852.0997924804688
732.0162353515625
820.84521484375
829.070068359375
847.1648559570312
942.57373046875
926.1239624023438
824.1351318359375
847.1648559570312
942.57373046875
820.84521484375
829.070068359375
850.454833984375
626.7374877929688
505.00897216796875
832.3600463867188
850.454833984375
626.7374877929688
715.5664672851562
834.0050048828125
847.1648559570312
1153.1312255859375
1136.681396484375
832.3600463867188
852.0997924804688
942.57373046875
715.5664672851562
838.9400024414062
857.0347290039062
942.57373046875
715.5664672851562
840.5849609375
860.32470703125
942.57373046875
715.5664672851562
838.9400024414062
850.454833984375
1047.8525390625
715.5664672851562
830.715087890625
860.32470703125
942.57373046875
715.5664672851562
843.8749389648438
861.9697265625
1047.8525390625
715.5664672851562
838.9400024414062
861.9697265625
626.7374877929688
294.45147705078125
848.8098754882812
857.0347290039062
1047.8525390625
926.1239624023438
843.8749389648438
860.32470703125
1047.8525390625
926.1239624023438
843.8749389648438
863.6146850585938
626.7374877929688
715.5664672851562
848.8098754882812
861.9697265625
837.2949829101562
926.1239624023438
845.5198974609375
860.32470703125
626.7374877929688
926.1239624023438
842.2299194335938
860.32470703125
1574.2462158203125
1682.81494140625
834.0050048828125
873.4845581054688
732.0162353515625
419.4700012207031
853.7448120117188
873.4845581054688
732.0162353515625
840.5849609375
855.3897705078125
865.2596435546875
837.2949829101562
630.0274658203125
853.7448120117188
853.7448120117188
310.9012756347656
208.91250610351562
848.8098754882812
845.5198974609375
942.57373046875
840.5849609375
827.4251098632812
850.454833984375
942.57373046875
840.5849609375
830.715087890625
840.5849609375
732.0162353515625
630.0274658203125
825.7801513671875
834.0050048828125
732.0162353515625
630.0274658203125
830.715087890625
830.715087890625
732.0162353515625
630.0274658203125
825.7801513671875
838.9400024414062
837.2949829101562
630.0274658203125
824.1351318359375
848.8098754882812
732.0162353515625
630.0274658203125
827.4251098632812
852.0997924804688
1047.8525390625
1051.1424560546875
825.7801513671875
865.2596435546875
942.57373046875
630.0274658203125
842.2299194335938
868.5496215820312
521.458740234375
419.4700012207031
848.8098754882812
868.5496215820312
732.0162353515625
630.0274658203125
843.8749389648438
857.0347290039062
626.7374877929688
630.0274658203125
835.6500244140625
852.0997924804688
1153.1312255859375
1051.1424560546875
832.3600463867188
861.9697265625
732.0162353515625
419.4700012207031
843.8749389648438
860.32470703125
732.0162353515625
630.0274658203125
845.5198974609375
861.9697265625
626.7374877929688
630.0274658203125
853.7448120117188
861.9697265625
626.7374877929688
840.5849609375
850.454833984375
855.3897705078125
1153.1312255859375
1261.699951171875
845.5198974609375
858.6797485351562
1047.8525390625
1051.1424560546875
847.1648559570312
852.0997924804688
732.0162353515625
840.5849609375
843.8749389648438
840.5849609375
942.57373046875
1051.1424560546875
838.9400024414062
843.8749389648438
1047.8525390625
1051.1424560546875
835.6500244140625
848.8098754882812
1047.8525390625
1051.1424560546875
838.9400024414062
858.6797485351562
1153.1312255859375
1261.699951171875
840.5849609375
858.6797485351562
942.57373046875
840.5849609375
840.5849609375
850.454833984375
837.2949829101562
840.5849609375
837.2949829101562
853.7448120117188
1258.409912109375
1261.699951171875
830.715087890625
848.8098754882812
626.7374877929688
630.0274658203125
829.070068359375
847.1648559570312
732.0162353515625
840.5849609375
830.715087890625
852.0997924804688
837.2949829101562
840.5849609375
830.715087890625
842.2299194335938
1047.8525390625
630.0274658203125
825.7801513671875
843.8749389648438
837.2949829101562
419.4700012207031
832.3600463867188
843.8749389648438
837.2949829101562
630.0274658203125
827.4251098632812
834.0050048828125
837.2949829101562
630.0274658203125
815.9102783203125
832.3600463867188
416.1800231933594
208.91250610351562
815.9102783203125
822.4901733398438
837.2949829101562
630.0274658203125
810.9752807617188
801.1054077148438
626.7374877929688
208.91250610351562
792.8805541992188
783.0106201171875
416.1800231933594
208.91250610351562
779.720703125
763.2708740234375
837.2949829101562
630.0274658203125
753.4010009765625
746.8211059570312
1047.8525390625
840.5849609375
733.6612548828125
735.3062133789062
1047.8525390625
630.0274658203125
722.1463623046875
722.1463623046875
626.7374877929688
208.91250610351562
704.0515747070312
697.4716796875
837.2949829101562
419.4700012207031
677.7318725585938
682.6668701171875
626.7374877929688
208.91250610351562
661.2821044921875
654.7021484375
1047.8525390625
840.5849609375
638.2523803710938
651.4122314453125
837.2949829101562
419.4700012207031
630.0274658203125
641.5423583984375
1047.8525390625
208.91250610351562
626.7374877929688
639.8973388671875
1047.8525390625
0.0
625.092529296875
641.5423583984375
1258.409912109375
210.55747985839844
618.5126342773438
649.7672119140625
1047.8525390625
0.0
625.092529296875
662.9270629882812
837.2949829101562
0.0
638.2523803710938
666.217041015625
1047.8525390625
210.55747985839844
641.5423583984375
690.8917236328125
837.2949829101562
210.55747985839844
661.2821044921875
689.2467651367188
1258.409912109375
842.2299194335938
659.6371459960938
700.7615966796875
1047.8525390625
421.1149597167969
672.7969360351562
720.5014038085938
1047.8525390625
421.1149597167969
689.2467651367188
730.3712768554688
1047.8525390625
421.1149597167969
707.341552734375
736.951171875
1047.8525390625
631.6724243164062
710.6315307617188
763.2708740234375
1047.8525390625
631.6724243164062
741.8861083984375
783.0106201171875
416.1800231933594
0.0
771.4957885742188
801.1054077148438
1047.8525390625
842.2299194335938
776.4307250976562
825.7801513671875
837.2949829101562
421.1149597167969
797.8154907226562
838.9400024414062
791.2355346679688
898.1592407226562
809.330322265625
847.1648559570312
1422.907958984375
1108.716796875
815.9102783203125
855.3897705078125
791.2355346679688
477.0443115234375
834.0050048828125
865.2596435546875
1001.7930297851562
687.601806640625
848.8098754882812
878.4194946289062
791.2355346679688
477.0443115234375
858.6797485351562
888.2893676757812
1001.7930297851562
898.1592407226562
873.4845581054688
899.8042602539062
1212.3504638671875
1108.716796875
880.064453125
911.319091796875
580.6780395507812
477.0443115234375
884.9994506835938
909.6741333007812
1001.7930297851562
898.1592407226562
891.579345703125
916.2540283203125
1212.3504638671875
898.1592407226562
891.579345703125
924.4789428710938
791.2355346679688
477.0443115234375
901.44921875
927.7689208984375
1212.3504638671875
1108.716796875
904.7391967773438
932.703857421875
1001.7930297851562
687.601806640625
903.09423828125
935.9938354492188
580.6780395507812
477.0443115234375
911.319091796875
929.4138793945312
791.2355346679688
898.1592407226562
901.44921875
932.703857421875
791.2355346679688
898.1592407226562
906.3841552734375
934.3488159179688
791.2355346679688
687.601806640625
912.964111328125
940.9287719726562
1001.7930297851562
687.601806640625
912.964111328125
929.4138793945312
1001.7930297851562
477.0443115234375
909.6741333007812
934.3488159179688
580.6780395507812
55.9293327331543
916.2540283203125
931.0588989257812
1212.3504638671875
687.601806640625
908.0291748046875
940.9287719726562
791.2355346679688
55.9293327331543
919.5440063476562
939.2837524414062
791.2355346679688
266.48681640625
911.319091796875
940.9287719726562
580.6780395507812
55.9293327331543
917.8990478515625
935.9938354492188
1001.7930297851562
687.601806640625
912.964111328125
935.9938354492188
1001.7930297851562
477.0443115234375
914.6090698242188
934.3488159179688
791.2355346679688
266.48681640625
911.319091796875
934.3488159179688
791.2355346679688
266.48681640625
914.6090698242188
947.5086669921875
580.6780395507812
266.48681640625
924.4789428710938
945.8637084960938
791.2355346679688
477.0443115234375
921.18896484375
932.703857421875
1001.7930297851562
687.601806640625
912.964111328125
922.833984375
1001.7930297851562
687.601806640625
909.6741333007812
942.57373046875
580.6780395507812
477.0443115234375
926.1239624023438
932.703857421875
1212.3504638671875
1003.43798828125
916.2540283203125
931.0588989257812
1001.7930297851562
477.0443115234375
919.5440063476562
924.4789428710938
791.2355346679688
477.0443115234375
911.319091796875
917.8990478515625
1001.7930297851562
582.3230590820312
899.8042602539062
922.833984375
685.956787109375
371.76556396484375
908.0291748046875
906.3841552734375
1107.07177734375
898.1592407226562
891.579345703125
909.6741333007812
791.2355346679688
477.0443115234375
898.1592407226562
891.579345703125
896.5142822265625
792.8805541992188
884.9994506835938
894.8693237304688
1001.7930297851562
792.8805541992188
884.9994506835938
896.5142822265625
685.956787109375
477.0443115234375
878.4194946289062
875.1295166015625
896.5142822265625
687.601806640625
858.6797485351562
884.9994506835938
896.5142822265625
687.601806640625
863.6146850585938
886.6444091796875
896.5142822265625
687.601806640625
863.6146850585938
894.8693237304688
791.2355346679688
687.601806640625
873.4845581054688
893.2243041992188
791.2355346679688
687.601806640625
865.2596435546875
884.9994506835938
791.2355346679688
687.601806640625
861.9697265625
881.70947265625
1001.7930297851562
898.1592407226562
857.0347290039062
871.839599609375
896.5142822265625
898.1592407226562
858.6797485351562
880.064453125
791.2355346679688
898.1592407226562
865.2596435546875
880.064453125
370.1205749511719
582.3230590820312
861.9697265625
868.5496215820312
896.5142822265625
1213.9954833984375
848.8098754882812
873.4845581054688
1422.907958984375
1529.8316650390625
847.1648559570312
881.70947265625
791.2355346679688
792.8805541992188
860.32470703125
878.4194946289062
791.2355346679688
1003.43798828125
852.0997924804688
870.194580078125
896.5142822265625
1003.43798828125
850.454833984375
868.5496215820312
896.5142822265625
1003.43798828125
845.5198974609375
865.2596435546875
1212.3504638671875
1213.9954833984375
838.9400024414062
883.3544311523438
896.5142822265625
792.8805541992188
857.0347290039062
876.7745361328125
896.5142822265625
792.8805541992188
853.7448120117188
878.4194946289062
896.5142822265625
792.8805541992188
857.0347290039062
875.1295166015625
685.956787109375
687.601806640625
865.2596435546875
863.6146850585938
1001.7930297851562
1108.716796875
855.3897705078125
868.5496215820312
791.2355346679688
477.0443115234375
860.32470703125
850.454833984375
1001.7930297851562
1108.716796875
838.9400024414062
865.2596435546875
1212.3504638671875
1108.716796875
840.5849609375
868.5496215820312
791.2355346679688
687.601806640625
852.0997924804688
860.32470703125
1001.7930297851562
898.1592407226562
847.1648559570312
871.839599609375
791.2355346679688
687.601806640625
858.6797485351562
868.5496215820312
1001.7930297851562
1108.716796875
852.0997924804688
870.194580078125
1212.3504638671875
1319.2742919921875
845.5198974609375
863.6146850585938
791.2355346679688
898.1592407226562
848.8098754882812
861.9697265625
1212.3504638671875
1319.2742919921875
845.5198974609375
861.9697265625
791.2355346679688
687.601806640625
847.1648559570312
868.5496215820312
791.2355346679688
687.601806640625
852.0997924804688
873.4845581054688
1001.7930297851562
898.1592407226562
850.454833984375
863.6146850585938
1001.7930297851562
898.1592407226562
842.2299194335938
861.9697265625
1001.7930297851562
898.1592407226562
842.2299194335938
860.32470703125
1212.3504638671875
1108.716796875
840.5849609375
861.9697265625
791.2355346679688
477.0443115234375
840.5849609375
857.0347290039062
791.2355346679688
687.601806640625
838.9400024414062
855.3897705078125
1212.3504638671875
1108.716796875
835.6500244140625
865.2596435546875
791.2355346679688
687.601806640625
847.1648559570312
853.7448120117188
791.2355346679688
898.1592407226562
845.5198974609375
855.3897705078125
1001.7930297851562
1108.716796875
838.9400024414062
865.2596435546875
791.2355346679688
687.601806640625
847.1648559570312
858.6797485351562
791.2355346679688
687.601806640625
845.5198974609375
861.9697265625
1212.3504638671875
898.1592407226562
835.6500244140625
876.7745361328125
580.6780395507812
266.48681640625
850.454833984375
868.5496215820312
580.6780395507812
477.0443115234375
842.2299194335938
870.194580078125
580.6780395507812
477.0443115234375
845.5198974609375
868.5496215820312
580.6780395507812
477.0443115234375
845.5198974609375
855.3897705078125
791.2355346679688
687.601806640625
835.6500244140625
858.6797485351562
791.2355346679688
687.601806640625
830.715087890625
860.32470703125
580.6780395507812
477.0443115234375
832.3600463867188
865.2596435546875
580.6780395507812
687.601806640625
842.2299194335938
866.9046630859375
791.2355346679688
898.1592407226562
840.5849609375
865.2596435546875
791.2355346679688
898.1592407226562
847.1648559570312
860.32470703125
685.956787109375
898.1592407226562
842.2299194335938
858.6797485351562
685.956787109375
898.1592407226562
835.6500244140625
858.6797485351562
896.5142822265625
1108.716796875
837.2949829101562
855.3897705078125
1001.7930297851562
1108.716796875
832.3600463867188
858.6797485351562
896.5142822265625
1003.43798828125
837.2949829101562
863.6146850585938
1212.3504638671875
1424.552978515625
835.6500244140625
868.5496215820312
791.2355346679688
792.8805541992188
838.9400024414062
876.7745361328125
685.956787109375
792.8805541992188
850.454833984375
858.6797485351562
580.6780395507812
687.601806640625
840.5849609375
852.0997924804688
580.6780395507812
687.601806640625
835.6500244140625
852.0997924804688
791.2355346679688
898.1592407226562
835.6500244140625
852.0997924804688
1317.6292724609375
1319.2742919921875
829.070068359375
857.0347290039062
791.2355346679688
582.3230590820312
835.6500244140625
853.7448120117188
580.6780395507812
371.76556396484375
830.715087890625
848.8098754882812
791.2355346679688
792.8805541992188
830.715087890625
853.7448120117188
580.6780395507812
371.76556396484375
835.6500244140625
852.0997924804688
580.6780395507812
371.76556396484375
829.070068359375
842.2299194335938
580.6780395507812
371.76556396484375
819.2001953125
848.8098754882812
370.1205749511719
161.20806884765625
834.0050048828125
842.2299194335938
580.6780395507812
582.3230590820312
827.4251098632812
850.454833984375
791.2355346679688
582.3230590820312
835.6500244140625
850.454833984375
791.2355346679688
582.3230590820312
835.6500244140625
858.6797485351562
1001.7930297851562
792.8805541992188
835.6500244140625
863.6146850585938
791.2355346679688
582.3230590820312
850.454833984375
861.9697265625
1001.7930297851562
792.8805541992188
848.8098754882812
863.6146850585938
580.6780395507812
371.76556396484375
843.8749389648438
852.0997924804688
580.6780395507812
582.3230590820312
834.0050048828125
857.0347290039062
791.2355346679688
792.8805541992188
838.9400024414062
853.7448120117188
370.1205749511719
371.76556396484375
838.9400024414062
847.1648559570312
1200.835693359375
1273.21484375
827.4251098632812
857.0347290039062
779.720703125
852.0997924804688
835.6500244140625
845.5198974609375
779.720703125
1062.6573486328125
832.3600463867188
857.0347290039062
990.2781372070312
1273.21484375
840.5849609375
860.32470703125
990.2781372070312
1062.6573486328125
845.5198974609375
855.3897705078125
779.720703125
1062.6573486328125
837.2949829101562
855.3897705078125
990.2781372070312
1062.6573486328125
835.6500244140625
855.3897705078125
779.720703125
852.0997924804688
842.2299194335938
847.1648559570312
779.720703125
852.0997924804688
832.3600463867188
850.454833984375
990.2781372070312
1062.6573486328125
834.0050048828125
850.454833984375
990.2781372070312
1062.6573486328125
832.3600463867188
838.9400024414062
990.2781372070312
1062.6573486328125
820.84521484375
855.3897705078125
779.720703125
852.0997924804688
840.5849609375
863.6146850585938
779.720703125
852.0997924804688
843.8749389648438
865.2596435546875
569.1632080078125
641.5423583984375
845.5198974609375
866.9046630859375
779.720703125
852.0997924804688
840.5849609375
855.3897705078125
1200.835693359375
1273.21484375
824.1351318359375
845.5198974609375
1411.3931884765625
1483.772216796875
815.9102783203125
848.8098754882812
674.4419555664062
746.8211059570312
820.84521484375
852.0997924804688
674.4419555664062
852.0997924804688
824.1351318359375
855.3897705078125
463.88446044921875
641.5423583984375
825.7801513671875
857.0347290039062
463.88446044921875
852.0997924804688
829.070068359375
857.0347290039062
674.4419555664062
957.3785400390625
829.070068359375
858.6797485351562
779.720703125
957.3785400390625
827.4251098632812
866.9046630859375
463.88446044921875
536.2636108398438
837.2949829101562
863.6146850585938
463.88446044921875
641.5423583984375
840.5849609375
853.7448120117188
569.1632080078125
641.5423583984375
835.6500244140625
848.8098754882812
358.605712890625
536.2636108398438
837.2949829101562
850.454833984375
884.9994506835938
1062.6573486328125
838.9400024414062
852.0997924804688
884.9994506835938
852.0997924804688
842.2299194335938
842.2299194335938
779.720703125
746.8211059570312
835.6500244140625
847.1648559570312
463.88446044921875
430.98486328125
843.8749389648438
840.5849609375
463.88446044921875
430.98486328125
827.4251098632812
837.2949829101562
569.1632080078125
641.5423583984375
825.7801513671875
843.8749389648438
1095.556884765625
1062.6573486328125
822.4901733398438
840.5849609375
990.2781372070312
852.0997924804688
815.9102783203125
853.7448120117188
884.9994506835938
746.8211059570312
832.3600463867188
857.0347290039062
884.9994506835938
852.0997924804688
842.2299194335938
852.0997924804688
779.720703125
641.5423583984375
840.5849609375
850.454833984375
779.720703125
641.5423583984375
840.5849609375
847.1648559570312
779.720703125
641.5423583984375
832.3600463867188
848.8098754882812
674.4419555664062
641.5423583984375
832.3600463867188
848.8098754882812
1200.835693359375
1167.93603515625
830.715087890625
852.0997924804688
884.9994506835938
746.8211059570312
837.2949829101562
850.454833984375
884.9994506835938
746.8211059570312
838.9400024414062
860.32470703125
569.1632080078125
430.98486328125
847.1648559570312
858.6797485351562
569.1632080078125
641.5423583984375
842.2299194335938
847.1648559570312
1095.556884765625
1062.6573486328125
827.4251098632812
853.7448120117188
1095.556884765625
957.3785400390625
832.3600463867188
866.9046630859375
884.9994506835938
536.2636108398438
838.9400024414062
865.2596435546875
884.9994506835938
536.2636108398438
840.5849609375
876.7745361328125
1095.556884765625
746.8211059570312
845.5198974609375
868.5496215820312
990.2781372070312
536.2636108398438
840.5849609375
857.0347290039062
884.9994506835938
536.2636108398438
834.0050048828125
861.9697265625
884.9994506835938
536.2636108398438
838.9400024414062
858.6797485351562
569.1632080078125
325.70611572265625
837.2949829101562
848.8098754882812
990.2781372070312
957.3785400390625
827.4251098632812
843.8749389648438
1306.1143798828125
1167.93603515625
820.84521484375
852.0997924804688
884.9994506835938
536.2636108398438
832.3600463867188
853.7448120117188
779.720703125
536.2636108398438
832.3600463867188
863.6146850585938
779.720703125
536.2636108398438
845.5198974609375
875.1295166015625
569.1632080078125
536.2636108398438
861.9697265625
865.2596435546875
674.4419555664062
746.8211059570312
850.454833984375
850.454833984375
1095.556884765625
1167.93603515625
837.2949829101562
857.0347290039062
779.720703125
536.2636108398438
843.8749389648438
857.0347290039062
674.4419555664062
641.5423583984375
843.8749389648438
853.7448120117188
1200.835693359375
957.3785400390625
835.6500244140625
866.9046630859375
463.88446044921875
9.869881629943848
848.8098754882812
858.6797485351562
779.720703125
641.5423583984375
840.5849609375
861.9697265625
674.4419555664062
430.98486328125
845.5198974609375
868.5496215820312
358.605712890625
220.4273681640625
853.7448120117188
855.3897705078125
779.720703125
746.8211059570312
838.9400024414062
852.0997924804688
884.9994506835938
746.8211059570312
829.070068359375
860.32470703125
884.9994506835938
746.8211059570312
832.3600463867188
857.0347290039062
884.9994506835938
641.5423583984375
837.2949829101562
855.3897705078125
569.1632080078125
430.98486328125
835.6500244140625
850.454833984375
779.720703125
746.8211059570312
834.0050048828125
838.9400024414062
884.9994506835938
852.0997924804688
827.4251098632812
847.1648559570312
884.9994506835938
852.0997924804688
825.7801513671875
850.454833984375
884.9994506835938
852.0997924804688
829.070068359375
852.0997924804688
884.9994506835938
746.8211059570312
830.715087890625
858.6797485351562
463.88446044921875
746.8211059570312
845.5198974609375
850.454833984375
884.9994506835938
1273.21484375
830.715087890625
848.8098754882812
463.88446044921875
641.5423583984375
829.070068359375
848.8098754882812
884.9994506835938
1378.4935302734375
820.84521484375
860.32470703125
674.4419555664062
746.8211059570312
842.2299194335938
863.6146850585938
674.4419555664062
852.0997924804688
848.8098754882812
860.32470703125
674.4419555664062
746.8211059570312
848.8098754882812
855.3897705078125
463.88446044921875
536.2636108398438
847.1648559570312
855.3897705078125
884.9994506835938
957.3785400390625
838.9400024414062
848.8098754882812
884.9994506835938
957.3785400390625
830.715087890625
855.3897705078125
884.9994506835938
957.3785400390625
835.6500244140625
855.3897705078125
884.9994506835938
957.3785400390625
834.0050048828125
855.3897705078125
674.4419555664062
641.5423583984375
840.5849609375
850.454833984375
674.4419555664062
746.8211059570312
840.5849609375
845.5198974609375
884.9994506835938
957.3785400390625
830.715087890625
855.3897705078125
884.9994506835938
746.8211059570312
838.9400024414062
855.3897705078125
779.720703125
746.8211059570312
835.6500244140625
852.0997924804688
674.4419555664062
325.70611572265625
838.9400024414062
852.0997924804688
253.32696533203125
115.14862060546875
843.8749389648438
850.454833984375
884.9994506835938
746.8211059570312
830.715087890625
865.2596435546875
569.1632080078125
115.14862060546875
845.5198974609375
860.32470703125
569.1632080078125
325.70611572265625
838.9400024414062
863.6146850585938
569.1632080078125
325.70611572265625
847.1648559570312
850.454833984375
990.2781372070312
957.3785400390625
834.0050048828125
863.6146850585938
990.2781372070312
746.8211059570312
838.9400024414062
870.194580078125
779.720703125
536.2636108398438
842.2299194335938
865.2596435546875
674.4419555664062
536.2636108398438
842.2299194335938
866.9046630859375
569.1632080078125
536.2636108398438
850.454833984375
857.0347290039062
674.4419555664062
536.2636108398438
840.5849609375
863.6146850585938
569.1632080078125
536.2636108398438
843.8749389648438
848.8098754882812
779.720703125
746.8211059570312
832.3600463867188
848.8098754882812
779.720703125
746.8211059570312
835.6500244140625
845.5198974609375
990.2781372070312
1167.93603515625
829.070068359375
843.8749389648438
990.2781372070312
1378.4935302734375
824.1351318359375
848.8098754882812
1200.835693359375
1378.4935302734375
820.84521484375
857.0347290039062
779.720703125
746.8211059570312
832.3600463867188
850.454833984375
779.720703125
957.3785400390625
825.7801513671875
848.8098754882812
990.2781372070312
1167.93603515625
830.715087890625
855.3897705078125
779.720703125
746.8211059570312
842.2299194335938
853.7448120117188
779.720703125
957.3785400390625
838.9400024414062
850.454833984375
1200.835693359375
1167.93603515625
837.2949829101562
850.454833984375
779.720703125
536.2636108398438
835.6500244140625
845.5198974609375
990.2781372070312
957.3785400390625
829.070068359375
847.1648559570312
990.2781372070312
746.8211059570312
832.3600463867188
848.8098754882812
358.605712890625
325.70611572265625
842.2299194335938
847.1648559570312
779.720703125
957.3785400390625
827.4251098632812
848.8098754882812
779.720703125
746.8211059570312
834.0050048828125
840.5849609375
990.2781372070312
1167.93603515625
825.7801513671875
847.1648559570312
991.9231567382812
792.8805541992188
829.070068359375
853.7448120117188
676.0869140625
687.601806640625
838.9400024414062
852.0997924804688
991.9231567382812
1108.716796875
838.9400024414062
850.454833984375
1097.201904296875
1108.716796875
832.3600463867188
848.8098754882812
886.6444091796875
687.601806640625
832.3600463867188
842.2299194335938
991.9231567382812
792.8805541992188
827.4251098632812
850.454833984375
886.6444091796875
582.3230590820312
832.3600463867188
860.32470703125
676.0869140625
582.3230590820312
845.5198974609375
857.0347290039062
991.9231567382812
1003.43798828125
837.2949829101562
848.8098754882812
886.6444091796875
792.8805541992188
834.0050048828125
848.8098754882812
1097.201904296875
1003.43798828125
829.070068359375
848.8098754882812
1097.201904296875
1003.43798828125
825.7801513671875
838.9400024414062
1097.201904296875
1003.43798828125
822.4901733398438
845.5198974609375
991.9231567382812
792.8805541992188
827.4251098632812
847.1648559570312
781.3656616210938
582.3230590820312
832.3600463867188
855.3897705078125
676.0869140625
582.3230590820312
842.2299194335938
852.0997924804688
781.3656616210938
792.8805541992188
837.2949829101562
837.2949829101562
1097.201904296875
582.3230590820312
820.84521484375
848.8098754882812
1097.201904296875
582.3230590820312
829.070068359375
858.6797485351562
886.6444091796875
371.76556396484375
840.5849609375
852.0997924804688
991.9231567382812
582.3230590820312
832.3600463867188
870.194580078125
676.0869140625
371.76556396484375
853.7448120117188
853.7448120117188
991.9231567382812
792.8805541992188
837.2949829101562
863.6146850585938
1097.201904296875
792.8805541992188
840.5849609375
876.7745361328125
676.0869140625
371.76556396484375
855.3897705078125
857.0347290039062
1307.7593994140625
1003.43798828125
835.6500244140625
868.5496215820312
781.3656616210938
371.76556396484375
848.8098754882812
870.194580078125
781.3656616210938
582.3230590820312
853.7448120117188
863.6146850585938
886.6444091796875
582.3230590820312
837.2949829101562
868.5496215820312
886.6444091796875
582.3230590820312
843.8749389648438
858.6797485351562
570.8081665039062
371.76556396484375
842.2299194335938
850.454833984375
676.0869140625
582.3230590820312
834.0050048828125
863.6146850585938
570.8081665039062
582.3230590820312
847.1648559570312
852.0997924804688
1097.201904296875
1424.552978515625
829.070068359375
857.0347290039062
886.6444091796875
1213.9954833984375
838.9400024414062
860.32470703125
886.6444091796875
1213.9954833984375
835.6500244140625
858.6797485351562
570.8081665039062
792.8805541992188
840.5849609375
861.9697265625
465.5294494628906
792.8805541992188
843.8749389648438
847.1648559570312
991.9231567382812
1213.9954833984375
822.4901733398438
858.6797485351562
465.5294494628906
582.3230590820312
840.5849609375
852.0997924804688
570.8081665039062
792.8805541992188
837.2949829101562
847.1648559570312
570.8081665039062
792.8805541992188
832.3600463867188
857.0347290039062
781.3656616210938
1003.43798828125
837.2949829101562
843.8749389648438
781.3656616210938
1003.43798828125
820.84521484375
852.0997924804688
991.9231567382812
1003.43798828125
825.7801513671875
858.6797485351562
676.0869140625
582.3230590820312
837.2949829101562
850.454833984375
676.0869140625
582.3230590820312
837.2949829101562
843.8749389648438
1097.201904296875
1003.43798828125
832.3600463867188
845.5198974609375
781.3656616210938
582.3230590820312
834.0050048828125
848.8098754882812
781.3656616210938
687.601806640625
842.2299194335938
857.0347290039062
886.6444091796875
792.8805541992188
838.9400024414062
855.3897705078125
886.6444091796875
792.8805541992188
837.2949829101562
852.0997924804688
676.0869140625
582.3230590820312
834.0050048828125
843.8749389648438
886.6444091796875
792.8805541992188
827.4251098632812
855.3897705078125
570.8081665039062
477.0443115234375
840.5849609375
858.6797485351562
570.8081665039062
687.601806640625
842.2299194335938
858.6797485351562
1307.7593994140625
1424.552978515625
837.2949829101562
863.6146850585938
886.6444091796875
687.601806640625
845.5198974609375
871.839599609375
676.0869140625
582.3230590820312
848.8098754882812
871.839599609375
676.0869140625
582.3230590820312
848.8098754882812
860.32470703125
570.8081665039062
477.0443115234375
840.5849609375
855.3897705078125
781.3656616210938
687.601806640625
835.6500244140625
845.5198974609375
991.9231567382812
898.1592407226562
834.0050048828125
852.0997924804688
781.3656616210938
582.3230590820312
842.2299194335938
852.0997924804688
676.0869140625
582.3230590820312
842.2299194335938
843.8749389648438
676.0869140625
792.8805541992188
834.0050048828125
845.5198974609375
465.5294494628906
792.8805541992188
829.070068359375
850.454833984375
254.97195434570312
582.3230590820312
829.070068359375
848.8098754882812
254.97195434570312
582.3230590820312
825.7801513671875
865.2596435546875
44.41447067260742
371.76556396484375
845.5198974609375
860.32470703125
254.97195434570312
582.3230590820312
838.9400024414062
858.6797485351562
465.5294494628906
792.8805541992188
840.5849609375
858.6797485351562
254.97195434570312
371.76556396484375
838.9400024414062
857.0347290039062
676.0869140625
792.8805541992188
830.715087890625
848.8098754882812
465.5294494628906
371.76556396484375
830.715087890625
853.7448120117188
676.0869140625
792.8805541992188
830.715087890625
853.7448120117188
676.0869140625
582.3230590820312
832.3600463867188
855.3897705078125
465.5294494628906
582.3230590820312
843.8749389648438
853.7448120117188
886.6444091796875
1003.43798828125
840.5849609375
853.7448120117188
465.5294494628906
371.76556396484375
848.8098754882812
845.5198974609375
1097.201904296875
1213.9954833984375
834.0050048828125
861.9697265625
886.6444091796875
792.8805541992188
845.5198974609375
860.32470703125
781.3656616210938
792.8805541992188
842.2299194335938
853.7448120117188
991.9231567382812
792.8805541992188
832.3600463867188
858.6797485351562
991.9231567382812
792.8805541992188
838.9400024414062
853.7448120117188
781.3656616210938
582.3230590820312
834.0050048828125
853.7448120117188
886.6444091796875
792.8805541992188
835.6500244140625
870.194580078125
676.0869140625
582.3230590820312
842.2299194335938
861.9697265625
676.0869140625
792.8805541992188
835.6500244140625
870.194580078125
1202.4805908203125
1213.9954833984375
838.9400024414062
884.9994506835938
676.0869140625
582.3230590820312
853.7448120117188
870.194580078125
1097.201904296875
1213.9954833984375
842.2299194335938
873.4845581054688
886.6444091796875
792.8805541992188
848.8098754882812
870.194580078125
781.3656616210938
792.8805541992188
835.6500244140625
865.2596435546875
781.3656616210938
792.8805541992188
842.2299194335938
861.9697265625
991.9231567382812
1003.43798828125
835.6500244140625
855.3897705078125
991.9231567382812
1003.43798828125
827.4251098632812
868.5496215820312
991.9231567382812
898.1592407226562
852.0997924804688
875.1295166015625
886.6444091796875
582.3230590820312
858.6797485351562
881.70947265625
570.8081665039062
477.0443115234375
858.6797485351562
866.9046630859375
1097.201904296875
1003.43798828125
840.5849609375
858.6797485351562
781.3656616210938
582.3230590820312
837.2949829101562
852.0997924804688
781.3656616210938
687.601806640625
835.6500244140625
848.8098754882812
886.6444091796875
792.8805541992188
834.0050048828125
848.8098754882812
1202.4805908203125
1108.716796875
829.070068359375
845.5198974609375
991.9231567382812
687.601806640625
825.7801513671875
853.7448120117188
886.6444091796875
582.3230590820312
829.070068359375
858.6797485351562
570.8081665039062
477.0443115234375
840.5849609375
853.7448120117188
886.6444091796875
898.1592407226562
837.2949829101562
847.1648559570312
991.9231567382812
1003.43798828125
832.3600463867188
847.1648559570312
991.9231567382812
1003.43798828125
824.1351318359375
853.7448120117188
570.8081665039062
477.0443115234375
838.9400024414062
863.6146850585938
570.8081665039062
582.3230590820312
843.8749389648438
865.2596435546875
991.9231567382812
1003.43798828125
845.5198974609375
861.9697265625
1097.201904296875
1003.43798828125
840.5849609375
855.3897705078125
1097.201904296875
1003.43798828125
827.4251098632812
857.0347290039062
1097.201904296875
1003.43798828125
829.070068359375
868.5496215820312
570.8081665039062
582.3230590820312
845.5198974609375
866.9046630859375
1097.201904296875
1213.9954833984375
843.8749389648438
866.9046630859375
886.6444091796875
792.8805541992188
840.5849609375
861.9697265625
886.6444091796875
792.8805541992188
838.9400024414062
861.9697265625
781.3656616210938
582.3230590820312
843.8749389648438
860.32470703125
991.9231567382812
792.8805541992188
838.9400024414062
850.454833984375
1097.201904296875
792.8805541992188
824.1351318359375
852.0997924804688
886.6444091796875
582.3230590820312
825.7801513671875
848.8098754882812
991.9231567382812
792.8805541992188
827.4251098632812
858.6797485351562
886.6444091796875
792.8805541992188
838.9400024414062
855.3897705078125
570.8081665039062
582.3230590820312
840.5849609375
838.9400024414062
886.6444091796875
1003.43798828125
825.7801513671875
842.2299194335938
583.968017578125
509.94390869140625
830.715087890625
842.2299194335938
899.8042602539062
1246.8951416015625
824.1351318359375
842.2299194335938
794.5255126953125
1036.337646484375
819.2001953125
837.2949829101562
689.2467651367188
1036.337646484375
810.9752807617188
850.454833984375
478.68927001953125
720.5014038085938
824.1351318359375
855.3897705078125
478.68927001953125
720.5014038085938
835.6500244140625
865.2596435546875
478.68927001953125
720.5014038085938
843.8749389648438
852.0997924804688
583.968017578125
931.0588989257812
829.070068359375
838.9400024414062
1005.0830078125
1352.173828125
815.9102783203125
850.454833984375
689.2467651367188
825.7801513671875
829.070068359375
843.8749389648438
689.2467651367188
825.7801513671875
822.4901733398438
850.454833984375
583.968017578125
615.22265625
829.070068359375
850.454833984375
478.68927001953125
615.22265625
830.715087890625
848.8098754882812
794.5255126953125
1036.337646484375
832.3600463867188
860.32470703125
1005.0830078125
1141.6163330078125
838.9400024414062
860.32470703125
689.2467651367188
615.22265625
847.1648559570312
853.7448120117188
689.2467651367188
720.5014038085938
832.3600463867188
853.7448120117188
1215.6405029296875
1141.6163330078125
830.715087890625
858.6797485351562
794.5255126953125
509.94390869140625
837.2949829101562
863.6146850585938
794.5255126953125
509.94390869140625
838.9400024414062
850.454833984375
794.5255126953125
509.94390869140625
835.6500244140625
850.454833984375
1005.0830078125
720.5014038085938
829.070068359375
852.0997924804688
794.5255126953125
509.94390869140625
830.715087890625
850.454833984375
899.8042602539062
720.5014038085938
837.2949829101562
863.6146850585938
689.2467651367188
509.94390869140625
847.1648559570312
855.3897705078125
478.68927001953125
509.94390869140625
842.2299194335938
848.8098754882812
1215.6405029296875
1141.6163330078125
829.070068359375
857.0347290039062
899.8042602539062
720.5014038085938
837.2949829101562
850.454833984375
1005.0830078125
931.0588989257812
835.6500244140625
850.454833984375
899.8042602539062
720.5014038085938
834.0050048828125
852.0997924804688
899.8042602539062
720.5014038085938
829.070068359375
847.1648559570312
1005.0830078125
720.5014038085938
820.84521484375
847.1648559570312
373.4105529785156
299.38641357421875
830.715087890625
850.454833984375
689.2467651367188
720.5014038085938
835.6500244140625
857.0347290039062
478.68927001953125
88.82894134521484
845.5198974609375
852.0997924804688
268.1318054199219
88.82894134521484
837.2949829101562
850.454833984375
899.8042602539062
720.5014038085938
835.6500244140625
838.9400024414062
899.8042602539062
509.94390869140625
825.7801513671875
845.5198974609375
689.2467651367188
299.38641357421875
824.1351318359375
853.7448120117188
794.5255126953125
509.94390869140625
830.715087890625
855.3897705078125
794.5255126953125
509.94390869140625
832.3600463867188
863.6146850585938
689.2467651367188
509.94390869140625
838.9400024414062
865.2596435546875
794.5255126953125
720.5014038085938
847.1648559570312
858.6797485351562
1005.0830078125
720.5014038085938
837.2949829101562
858.6797485351562
373.4105529785156
88.82894134521484
838.9400024414062
857.0347290039062
689.2467651367188
509.94390869140625
838.9400024414062
857.0347290039062
583.968017578125
299.38641357421875
832.3600463867188
853.7448120117188
899.8042602539062
720.5014038085938
825.7801513671875
866.9046630859375
899.8042602539062
720.5014038085938
843.8749389648438
861.9697265625
899.8042602539062
720.5014038085938
843.8749389648438
858.6797485351562
1110.3616943359375
825.7801513671875
832.3600463867188
871.839599609375
478.68927001953125
194.10768127441406
848.8098754882812
855.3897705078125
689.2467651367188
615.22265625
830.715087890625
853.7448120117188
689.2467651367188
509.94390869140625
824.1351318359375
865.2596435546875
478.68927001953125
509.94390869140625
842.2299194335938
850.454833984375
1005.0830078125
1141.6163330078125
827.4251098632812
847.1648559570312
1005.0830078125
931.0588989257812
827.4251098632812
850.454833984375
899.8042602539062
720.5014038085938
834.0050048828125
857.0347290039062
583.968017578125
404.6651611328125
837.2949829101562
861.9697265625
583.968017578125
509.94390869140625
845.5198974609375
855.3897705078125
899.8042602539062
825.7801513671875
842.2299194335938
852.0997924804688
899.8042602539062
825.7801513671875
837.2949829101562
847.1648559570312
899.8042602539062
825.7801513671875
834.0050048828125
840.5849609375
583.968017578125
509.94390869140625
829.070068359375
843.8749389648438
583.968017578125
615.22265625
832.3600463867188
838.9400024414062
1005.0830078125
1246.8951416015625
822.4901733398438
843.8749389648438
1215.6405029296875
1036.337646484375
822.4901733398438
857.0347290039062
1215.6405029296875
1036.337646484375
834.0050048828125
852.0997924804688
1426.197998046875
1246.8951416015625
827.4251098632812
850.454833984375
1215.6405029296875
825.7801513671875
832.3600463867188
855.3897705078125
1215.6405029296875
825.7801513671875
834.0050048828125
843.8749389648438
1426.197998046875
1036.337646484375
822.4901733398438
845.5198974609375
794.5255126953125
404.6651611328125
829.070068359375
835.6500244140625
1005.0830078125
825.7801513671875
822.4901733398438
842.2299194335938
1426.197998046875
1246.8951416015625
822.4901733398438
853.7448120117188
1426.197998046875
1036.337646484375
822.4901733398438
853.7448120117188
1005.0830078125
615.22265625
832.3600463867188
855.3897705078125
1005.0830078125
825.7801513671875
829.070068359375
861.9697265625
794.5255126953125
615.22265625
840.5849609375
858.6797485351562
1005.0830078125
825.7801513671875
845.5198974609375
861.9697265625
1215.6405029296875
1036.337646484375
842.2299194335938
850.454833984375
689.2467651367188
509.94390869140625
834.0050048828125
845.5198974609375
899.8042602539062
825.7801513671875
829.070068359375
843.8749389648438
1005.0830078125
825.7801513671875
824.1351318359375
845.5198974609375
899.8042602539062
615.22265625
820.84521484375
848.8098754882812
899.8042602539062
615.22265625
830.715087890625
850.454833984375
794.5255126953125
509.94390869140625
838.9400024414062
857.0347290039062
689.2467651367188
509.94390869140625
847.1648559570312
850.454833984375
1005.0830078125
825.7801513671875
838.9400024414062
845.5198974609375
1005.0830078125
825.7801513671875
830.715087890625
834.0050048828125
1005.0830078125
825.7801513671875
824.1351318359375
850.454833984375
1110.3616943359375
931.0588989257812
840.5849609375
853.7448120117188
689.2467651367188
509.94390869140625
845.5198974609375
853.7448120117188
794.5255126953125
825.7801513671875
842.2299194335938
850.454833984375
1005.0830078125
1036.337646484375
827.4251098632812
855.3897705078125
794.5255126953125
720.5014038085938
832.3600463867188
865.2596435546875
794.5255126953125
825.7801513671875
842.2299194335938
865.2596435546875
899.8042602539062
1036.337646484375
842.2299194335938
860.32470703125
1110.3616943359375
1246.8951416015625
837.2949829101562
855.3897705078125
1005.0830078125
1246.8951416015625
837.2949829101562
848.8098754882812
1215.6405029296875
1246.8951416015625
825.7801513671875
852.0997924804688
899.8042602539062
825.7801513671875
842.2299194335938
850.454833984375
899.8042602539062
1036.337646484375
837.2949829101562
857.0347290039062
1426.197998046875
1457.45263671875
842.2299194335938
861.9697265625
899.8042602539062
615.22265625
845.5198974609375
861.9697265625
1005.0830078125
1036.337646484375
843.8749389648438
845.5198974609375
1215.6405029296875
1036.337646484375
825.7801513671875
848.8098754882812
794.5255126953125
615.22265625
825.7801513671875
837.2949829101562
1110.3616943359375
1036.337646484375
810.9752807617188
835.6500244140625
1110.3616943359375
1036.337646484375
809.330322265625
845.5198974609375
794.5255126953125
825.7801513671875
824.1351318359375
852.0997924804688
1005.0830078125
1036.337646484375
830.715087890625
860.32470703125
1005.0830078125
1036.337646484375
837.2949829101562
866.9046630859375
1005.0830078125
1036.337646484375
840.5849609375
855.3897705078125
1110.3616943359375
1246.8951416015625
827.4251098632812
852.0997924804688
1426.197998046875
1246.8951416015625
822.4901733398438
861.9697265625
899.8042602539062
615.22265625
837.2949829101562
863.6146850585938
1005.0830078125
1036.337646484375
843.8749389648438
863.6146850585938
1320.919189453125
1036.337646484375
842.2299194335938
863.6146850585938
899.8042602539062
615.22265625
840.5849609375
857.0347290039062
899.8042602539062
825.7801513671875
837.2949829101562
861.9697265625
1110.3616943359375
1036.337646484375
835.6500244140625
870.194580078125
1005.0830078125
1036.337646484375
843.8749389648438
857.0347290039062
1110.3616943359375
1246.8951416015625
832.3600463867188
848.8098754882812
1110.3616943359375
1036.337646484375
820.84521484375
855.3897705078125
689.2467651367188
825.7801513671875
829.070068359375
855.3897705078125
794.5255126953125
825.7801513671875
832.3600463867188
847.1648559570312
689.2467651367188
825.7801513671875
827.4251098632812
843.8749389648438
1320.919189453125
1457.45263671875
820.84521484375
845.5198974609375
702.4066162109375
483.62420654296875
827.4251098632812
843.8749389648438
649.7672119140625
483.62420654296875
829.070068359375
850.454833984375
649.7672119140625
483.62420654296875
835.6500244140625
843.8749389648438
597.1278686523438
483.62420654296875
829.070068359375
832.3600463867188
1018.2428588867188
904.7391967773438
810.9752807617188
842.2299194335938
912.964111328125
694.1817016601562
817.5552368164062
845.5198974609375
649.7672119140625
483.62420654296875
822.4901733398438
835.6500244140625
860.32470703125
799.46044921875
820.84521484375
835.6500244140625
1018.2428588867188
904.7391967773438
822.4901733398438
845.5198974609375
1018.2428588867188
904.7391967773438
832.3600463867188
843.8749389648438
1018.2428588867188
904.7391967773438
829.070068359375
855.3897705078125
491.84912109375
378.3454895019531
835.6500244140625
847.1648559570312
1018.2428588867188
904.7391967773438
825.7801513671875
850.454833984375
1018.2428588867188
799.46044921875
825.7801513671875
850.454833984375
965.6034545898438
799.46044921875
825.7801513671875
857.0347290039062
755.0459594726562
588.9029541015625
837.2949829101562
860.32470703125
807.6853637695312
904.7391967773438
834.0050048828125
848.8098754882812
912.964111328125
799.46044921875
820.84521484375
850.454833984375
597.1278686523438
483.62420654296875
827.4251098632812
850.454833984375
807.6853637695312
799.46044921875
824.1351318359375
847.1648559570312
807.6853637695312
799.46044921875
822.4901733398438
852.0997924804688
702.4066162109375
588.9029541015625
829.070068359375
860.32470703125
807.6853637695312
694.1817016601562
837.2949829101562
863.6146850585938
702.4066162109375
483.62420654296875
837.2949829101562
870.194580078125
386.57037353515625
167.78799438476562
843.8749389648438
863.6146850585938
807.6853637695312
799.46044921875
842.2299194335938
860.32470703125
912.964111328125
799.46044921875
843.8749389648438
860.32470703125
597.1278686523438
378.3454895019531
850.454833984375
852.0997924804688
1018.2428588867188
1010.0179443359375
837.2949829101562
847.1648559570312
1018.2428588867188
904.7391967773438
832.3600463867188
845.5198974609375
912.964111328125
799.46044921875
824.1351318359375
855.3897705078125
702.4066162109375
483.62420654296875
832.3600463867188
857.0347290039062
491.84912109375
483.62420654296875
842.2299194335938
848.8098754882812
1018.2428588867188
1115.296630859375
832.3600463867188
855.3897705078125
912.964111328125
904.7391967773438
842.2299194335938
848.8098754882812
1439.3577880859375
1431.1329345703125
832.3600463867188
860.32470703125
807.6853637695312
588.9029541015625
845.5198974609375
860.32470703125
912.964111328125
904.7391967773438
837.2949829101562
847.1648559570312
912.964111328125
799.46044921875
838.9400024414062
852.0997924804688
912.964111328125
904.7391967773438
840.5849609375
843.8749389648438
1228.80029296875
1115.296630859375
824.1351318359375
843.8749389648438
807.6853637695312
694.1817016601562
830.715087890625
847.1648559570312
1228.80029296875
1220.575439453125
829.070068359375
850.454833984375
912.964111328125
694.1817016601562
832.3600463867188
843.8749389648438
912.964111328125
799.46044921875
824.1351318359375
855.3897705078125
912.964111328125
694.1817016601562
830.715087890625
847.1648559570312
912.964111328125
904.7391967773438
827.4251098632812
852.0997924804688
1018.2428588867188
