3000
4
835.6500244140625
1194.2557373046875
909.6741333007812
822.4901733398438
834.0050048828125
1682.81494140625
1120.2315673828125
810.9752807617188
845.5198974609375
630.0274658203125
488.5591735839844
822.4901733398438
837.2949829101562
1051.1424560546875
909.6741333007812
815.9102783203125
830.715087890625
840.5849609375
699.1166381835938
815.9102783203125
827.4251098632812
1051.1424560546875
1120.2315673828125
809.330322265625
838.9400024414062
1051.1424560546875
1120.2315673828125
815.9102783203125
834.0050048828125
630.0274658203125
909.6741333007812
817.5552368164062
837.2949829101562
1261.699951171875
1541.3465576171875
820.84521484375
845.5198974609375
419.4700012207031
699.1166381835938
829.070068359375
834.0050048828125
419.4700012207031
909.6741333007812
817.5552368164062
840.5849609375
630.0274658203125
909.6741333007812
824.1351318359375
837.2949829101562
840.5849609375
909.6741333007812
819.2001953125
847.1648559570312
630.0274658203125
699.1166381835938
827.4251098632812
848.8098754882812
630.0274658203125
699.1166381835938
827.4251098632812
838.9400024414062
840.5849609375
909.6741333007812
817.5552368164062
843.8749389648438
840.5849609375
699.1166381835938
827.4251098632812
837.2949829101562
1156.421142578125
909.6741333007812
820.84521484375
845.5198974609375
1261.699951171875
804.3953857421875
822.4901733398438
860.32470703125
314.1912536621094
172.72293090820312
838.9400024414062
848.8098754882812
1156.421142578125
1014.952880859375
827.4251098632812
853.7448120117188
840.5849609375
593.837890625
830.715087890625
845.5198974609375
735.3062133789062
593.837890625
829.070068359375
845.5198974609375
735.3062133789062
593.837890625
830.715087890625
843.8749389648438
840.5849609375
804.3953857421875
822.4901733398438
843.8749389648438
1051.1424560546875
909.6741333007812
824.1351318359375
840.5849609375
1051.1424560546875
909.6741333007812
820.84521484375
845.5198974609375
945.8637084960938
804.3953857421875
819.2001953125
848.8098754882812
419.4700012207031
488.5591735839844
829.070068359375
847.1648559570312
840.5849609375
909.6741333007812
819.2001953125
850.454833984375
945.8637084960938
909.6741333007812
822.4901733398438
847.1648559570312
419.4700012207031
488.5591735839844
830.715087890625
847.1648559570312
630.0274658203125
593.837890625
825.7801513671875
850.454833984375
630.0274658203125
593.837890625
824.1351318359375
842.2299194335938
840.5849609375
804.3953857421875
819.2001953125
845.5198974609375
630.0274658203125
593.837890625
822.4901733398438
845.5198974609375
630.0274658203125
593.837890625
825.7801513671875
848.8098754882812
208.91250610351562
172.72293090820312
837.2949829101562
842.2299194335938
419.4700012207031
593.837890625
832.3600463867188
830.715087890625
1261.699951171875
1330.7890625
820.84521484375
848.8098754882812
630.0274658203125
593.837890625
830.715087890625
853.7448120117188
419.4700012207031
593.837890625
835.6500244140625
840.5849609375
419.4700012207031
593.837890625
829.070068359375
835.6500244140625
419.4700012207031
593.837890625
830.715087890625
819.2001953125
630.0274658203125
804.3953857421875
817.5552368164062
812.6203002929688
840.5849609375
1014.952880859375
812.6203002929688
820.84521484375
419.4700012207031
593.837890625
830.715087890625
799.46044921875
419.4700012207031
593.837890625
817.5552368164062
802.7504272460938
840.5849609375
1225.5103759765625
804.3953857421875
794.5255126953125
419.4700012207031
1014.952880859375
802.7504272460938
797.8154907226562
630.0274658203125
1225.5103759765625
799.46044921875
791.2355346679688
419.4700012207031
1014.952880859375
802.7504272460938
799.46044921875
419.4700012207031
1014.952880859375
819.2001953125
797.8154907226562
840.5849609375
1225.5103759765625
802.7504272460938
810.9752807617188
630.0274658203125
804.3953857421875
817.5552368164062
806.0403442382812
630.0274658203125
804.3953857421875
814.2652587890625
806.0403442382812
1051.1424560546875
1014.952880859375
807.6853637695312
810.9752807617188
840.5849609375
804.3953857421875
817.5552368164062
814.2652587890625
1261.699951171875
1225.5103759765625
810.9752807617188
827.4251098632812
630.0274658203125
593.837890625
825.7801513671875
829.070068359375
419.4700012207031
593.837890625
827.4251098632812
835.6500244140625
1051.1424560546875
1014.952880859375
829.070068359375
843.8749389648438
630.0274658203125
804.3953857421875
838.9400024414062
834.0050048828125
1261.699951171875
1225.5103759765625
827.4251098632812
842.2299194335938
444.1446838378906
353.6707763671875
834.0050048828125
843.8749389648438
654.7021484375
985.3432006835938
829.070068359375
842.2299194335938
1075.817138671875
1195.9007568359375
825.7801513671875
850.454833984375
865.2596435546875
985.3432006835938
834.0050048828125
857.0347290039062
654.7021484375
985.3432006835938
840.5849609375
850.454833984375
654.7021484375
985.3432006835938
840.5849609375
857.0347290039062
444.1446838378906
774.7857666015625
855.3897705078125
847.1648559570312
654.7021484375
985.3432006835938
845.5198974609375
837.2949829101562
1075.817138671875
1195.9007568359375
834.0050048828125
840.5849609375
654.7021484375
985.3432006835938
840.5849609375
835.6500244140625
865.2596435546875
1195.9007568359375
830.715087890625
852.0997924804688
444.1446838378906
774.7857666015625
853.7448120117188
847.1648559570312
444.1446838378906
774.7857666015625
853.7448120117188
837.2949829101562
865.2596435546875
985.3432006835938
835.6500244140625
837.2949829101562
865.2596435546875
985.3432006835938
830.715087890625
838.9400024414062
865.2596435546875
985.3432006835938
827.4251098632812
843.8749389648438
1075.817138671875
985.3432006835938
827.4251098632812
847.1648559570312
233.5872039794922
774.7857666015625
838.9400024414062
842.2299194335938
865.2596435546875
1406.458251953125
825.7801513671875
845.5198974609375
444.1446838378906
985.3432006835938
825.7801513671875
842.2299194335938
444.1446838378906
1195.9007568359375
827.4251098632812
850.454833984375
444.1446838378906
985.3432006835938
835.6500244140625
838.9400024414062
654.7021484375
1406.458251953125
827.4251098632812
842.2299194335938
654.7021484375
1195.9007568359375
834.0050048828125
842.2299194335938
654.7021484375
1195.9007568359375
832.3600463867188
838.9400024414062
865.2596435546875
1195.9007568359375
825.7801513671875
843.8749389648438
233.5872039794922
774.7857666015625
835.6500244140625
842.2299194335938
444.1446838378906
985.3432006835938
832.3600463867188
843.8749389648438
233.5872039794922
774.7857666015625
835.6500244140625
838.9400024414062
444.1446838378906
985.3432006835938
834.0050048828125
835.6500244140625
654.7021484375
985.3432006835938
832.3600463867188
840.5849609375
865.2596435546875
985.3432006835938
829.070068359375
843.8749389648438
444.1446838378906
564.228271484375
840.5849609375
840.5849609375
444.1446838378906
564.228271484375
842.2299194335938
847.1648559570312
444.1446838378906
564.228271484375
835.6500244140625
843.8749389648438
233.5872039794922
353.6707763671875
837.2949829101562
842.2299194335938
233.5872039794922
353.6707763671875
838.9400024414062
837.2949829101562
654.7021484375
774.7857666015625
832.3600463867188
837.2949829101562
654.7021484375
774.7857666015625
834.0050048828125
840.5849609375
23.02972412109375
353.6707763671875
838.9400024414062
830.715087890625
654.7021484375
985.3432006835938
824.1351318359375
825.7801513671875
444.1446838378906
564.228271484375
822.4901733398438
822.4901733398438
444.1446838378906
774.7857666015625
812.6203002929688
834.0050048828125
444.1446838378906
564.228271484375
822.4901733398438
832.3600463867188
233.5872039794922
564.228271484375
827.4251098632812
832.3600463867188
444.1446838378906
774.7857666015625
822.4901733398438
829.070068359375
444.1446838378906
774.7857666015625
820.84521484375
830.715087890625
1286.3746337890625
1195.9007568359375
817.5552368164062
847.1648559570312
233.5872039794922
143.11329650878906
838.9400024414062
848.8098754882812
444.1446838378906
564.228271484375
832.3600463867188
843.8749389648438
654.7021484375
564.228271484375
825.7801513671875
847.1648559570312
654.7021484375
564.228271484375
825.7801513671875
842.2299194335938
1075.817138671875
985.3432006835938
824.1351318359375
842.2299194335938
1075.817138671875
985.3432006835938
830.715087890625
848.8098754882812
233.5872039794922
564.228271484375
840.5849609375
838.9400024414062
865.2596435546875
985.3432006835938
824.1351318359375
840.5849609375
654.7021484375
774.7857666015625
824.1351318359375
837.2949829101562
865.2596435546875
985.3432006835938
824.1351318359375
840.5849609375
1075.817138671875
985.3432006835938
822.4901733398438
847.1648559570312
654.7021484375
774.7857666015625
834.0050048828125
843.8749389648438
865.2596435546875
985.3432006835938
829.070068359375
847.1648559570312
444.1446838378906
564.228271484375
834.0050048828125
840.5849609375
1075.817138671875
1195.9007568359375
825.7801513671875
847.1648559570312
444.1446838378906
564.228271484375
830.715087890625
848.8098754882812
444.1446838378906
564.228271484375
830.715087890625
838.9400024414062
1286.3746337890625
1406.458251953125
817.5552368164062
845.5198974609375
654.7021484375
985.3432006835938
825.7801513671875
853.7448120117188
654.7021484375
985.3432006835938
830.715087890625
847.1648559570312
1075.817138671875
1195.9007568359375
820.84521484375
852.0997924804688
865.2596435546875
985.3432006835938
825.7801513671875
850.454833984375
654.7021484375
985.3432006835938
825.7801513671875
834.0050048828125
865.2596435546875
985.3432006835938
812.6203002929688
845.5198974609375
654.7021484375
774.7857666015625
829.070068359375
837.2949829101562
865.2596435546875
1195.9007568359375
819.2001953125
838.9400024414062
1075.817138671875
1195.9007568359375
824.1351318359375
843.8749389648438
654.7021484375
985.3432006835938
822.4901733398438
837.2949829101562
1286.3746337890625
1406.458251953125
814.2652587890625
848.8098754882812
654.7021484375
774.7857666015625
822.4901733398438
847.1648559570312
654.7021484375
774.7857666015625
827.4251098632812
860.32470703125
444.1446838378906
564.228271484375
835.6500244140625
860.32470703125
444.1446838378906
564.228271484375
830.715087890625
852.0997924804688
1286.3746337890625
1406.458251953125
824.1351318359375
848.8098754882812
1496.93212890625
1406.458251953125
812.6203002929688
855.3897705078125
444.1446838378906
564.228271484375
827.4251098632812
850.454833984375
865.2596435546875
985.3432006835938
827.4251098632812
853.7448120117188
865.2596435546875
985.3432006835938
834.0050048828125
843.8749389648438
1075.817138671875
1195.9007568359375
817.5552368164062
837.2949829101562
1075.817138671875
1195.9007568359375
817.5552368164062
832.3600463867188
1075.817138671875
1195.9007568359375
817.5552368164062
830.715087890625
1075.817138671875
1195.9007568359375
817.5552368164062
838.9400024414062
1075.817138671875
1195.9007568359375
825.7801513671875
838.9400024414062
1496.93212890625
1406.458251953125
817.5552368164062
838.9400024414062
654.7021484375
564.228271484375
825.7801513671875
840.5849609375
865.2596435546875
985.3432006835938
822.4901733398438
835.6500244140625
1286.3746337890625
1195.9007568359375
817.5552368164062
848.8098754882812
654.7021484375
774.7857666015625
829.070068359375
847.1648559570312
654.7021484375
774.7857666015625
829.070068359375
845.5198974609375
444.1446838378906
774.7857666015625
835.6500244140625
842.2299194335938
654.7021484375
985.3432006835938
830.715087890625
848.8098754882812
444.1446838378906
564.228271484375
837.2949829101562
842.2299194335938
865.2596435546875
985.3432006835938
829.070068359375
835.6500244140625
1075.817138671875
985.3432006835938
815.9102783203125
837.2949829101562
233.5872039794922
564.228271484375
825.7801513671875
822.4901733398438
1496.93212890625
1406.458251953125
802.7504272460938
842.2299194335938
233.5872039794922
143.11329650878906
824.1351318359375
838.9400024414062
865.2596435546875
985.3432006835938
817.5552368164062
840.5849609375
865.2596435546875
774.7857666015625
812.6203002929688
840.5849609375
444.1446838378906
564.228271484375
814.2652587890625
847.1648559570312
654.7021484375
774.7857666015625
819.2001953125
847.1648559570312
654.7021484375
774.7857666015625
820.84521484375
855.3897705078125
444.1446838378906
564.228271484375
830.715087890625
850.454833984375
654.7021484375
774.7857666015625
830.715087890625
853.7448120117188
444.1446838378906
564.228271484375
834.0050048828125
857.0347290039062
1075.817138671875
985.3432006835938
832.3600463867188
863.6146850585938
1075.817138671875
774.7857666015625
838.9400024414062
857.0347290039062
865.2596435546875
774.7857666015625
832.3600463867188
858.6797485351562
1286.3746337890625
985.3432006835938
832.3600463867188
863.6146850585938
654.7021484375
564.228271484375
838.9400024414062
855.3897705078125
865.2596435546875
985.3432006835938
834.0050048828125
860.32470703125
865.2596435546875
774.7857666015625
838.9400024414062
855.3897705078125
444.1446838378906
564.228271484375
842.2299194335938
847.1648559570312
1286.3746337890625
1195.9007568359375
832.3600463867188
857.0347290039062
1682.81494140625
1195.9007568359375
840.5849609375
875.1295166015625
1051.1424560546875
564.228271484375
853.7448120117188
865.2596435546875
840.5849609375
564.228271484375
843.8749389648438
861.9697265625
840.5849609375
564.228271484375
838.9400024414062
863.6146850585938
1051.1424560546875
774.7857666015625
837.2949829101562
858.6797485351562
1051.1424560546875
774.7857666015625
825.7801513671875
865.2596435546875
1051.1424560546875
774.7857666015625
830.715087890625
865.2596435546875
468.81939697265625
505.00897216796875
835.6500244140625
868.5496215820312
258.26190185546875
294.45147705078125
827.4251098632812
868.5496215820312
679.3768920898438
715.5664672851562
822.4901733398438
883.3544311523438
679.3768920898438
715.5664672851562
825.7801513671875
881.70947265625
679.3768920898438
715.5664672851562
827.4251098632812
880.064453125
679.3768920898438
715.5664672851562
830.715087890625
876.7745361328125
468.81939697265625
505.00897216796875
835.6500244140625
870.194580078125
1100.4918212890625
1136.681396484375
822.4901733398438
880.064453125
679.3768920898438
715.5664672851562
834.0050048828125
871.839599609375
889.9343872070312
1136.681396484375
834.0050048828125
880.064453125
889.9343872070312
926.1239624023438
837.2949829101562
873.4845581054688
889.9343872070312
926.1239624023438
832.3600463867188
873.4845581054688
1100.4918212890625
926.1239624023438
834.0050048828125
868.5496215820312
468.81939697265625
505.00897216796875
842.2299194335938
865.2596435546875
1100.4918212890625
1136.681396484375
837.2949829101562
866.9046630859375
468.81939697265625
505.00897216796875
845.5198974609375
860.32470703125
889.9343872070312
926.1239624023438
835.6500244140625
861.9697265625
1100.4918212890625
1031.4027099609375
827.4251098632812
861.9697265625
679.3768920898438
610.2877197265625
832.3600463867188
861.9697265625
1100.4918212890625
820.84521484375
830.715087890625
863.6146850585938
1100.4918212890625
926.1239624023438
837.2949829101562
860.32470703125
1100.4918212890625
926.1239624023438
830.715087890625
858.6797485351562
889.9343872070312
715.5664672851562
832.3600463867188
857.0347290039062
889.9343872070312
820.84521484375
830.715087890625
861.9697265625
679.3768920898438
505.00897216796875
835.6500244140625
857.0347290039062
889.9343872070312
820.84521484375
837.2949829101562
855.3897705078125
1311.04931640625
1031.4027099609375
837.2949829101562
857.0347290039062
1100.4918212890625
926.1239624023438
834.0050048828125
865.2596435546875
1100.4918212890625
926.1239624023438
840.5849609375
871.839599609375
679.3768920898438
610.2877197265625
855.3897705078125
863.6146850585938
679.3768920898438
715.5664672851562
845.5198974609375
858.6797485351562
889.9343872070312
820.84521484375
834.0050048828125
857.0347290039062
889.9343872070312
820.84521484375
832.3600463867188
850.454833984375
889.9343872070312
610.2877197265625
837.2949829101562
858.6797485351562
889.9343872070312
610.2877197265625
842.2299194335938
863.6146850585938
258.26190185546875
189.17274475097656
848.8098754882812
858.6797485351562
1100.4918212890625
820.84521484375
835.6500244140625
863.6146850585938
468.81939697265625
399.730224609375
837.2949829101562
858.6797485351562
679.3768920898438
610.2877197265625
842.2299194335938
858.6797485351562
468.81939697265625
399.730224609375
847.1648559570312
858.6797485351562
1100.4918212890625
1031.4027099609375
838.9400024414062
863.6146850585938
1100.4918212890625
820.84521484375
834.0050048828125
858.6797485351562
679.3768920898438
610.2877197265625
834.0050048828125
858.6797485351562
679.3768920898438
610.2877197265625
840.5849609375
860.32470703125
679.3768920898438
610.2877197265625
838.9400024414062
855.3897705078125
679.3768920898438
610.2877197265625
838.9400024414062
852.0997924804688
679.3768920898438
610.2877197265625
837.2949829101562
855.3897705078125
889.9343872070312
820.84521484375
834.0050048828125
853.7448120117188
1100.4918212890625
1031.4027099609375
835.6500244140625
845.5198974609375
889.9343872070312
820.84521484375
824.1351318359375
852.0997924804688
258.26190185546875
189.17274475097656
832.3600463867188
845.5198974609375
679.3768920898438
399.730224609375
825.7801513671875
853.7448120117188
679.3768920898438
189.17274475097656
830.715087890625
853.7448120117188
468.81939697265625
189.17274475097656
840.5849609375
838.9400024414062
1311.04931640625
1031.4027099609375
819.2001953125
847.1648559570312
468.81939697265625
189.17274475097656
827.4251098632812
845.5198974609375
258.26190185546875
189.17274475097656
827.4251098632812
850.454833984375
679.3768920898438
399.730224609375
827.4251098632812
843.8749389648438
889.9343872070312
399.730224609375
820.84521484375
852.0997924804688
679.3768920898438
189.17274475097656
827.4251098632812
845.5198974609375
1100.4918212890625
820.84521484375
822.4901733398438
845.5198974609375
1311.04931640625
820.84521484375
822.4901733398438
852.0997924804688
258.26190185546875
189.17274475097656
837.2949829101562
853.7448120117188
679.3768920898438
820.84521484375
829.070068359375
852.0997924804688
679.3768920898438
820.84521484375
829.070068359375
845.5198974609375
679.3768920898438
1031.4027099609375
824.1351318359375
845.5198974609375
258.26190185546875
610.2877197265625
824.1351318359375
850.454833984375
468.81939697265625
820.84521484375
820.84521484375
858.6797485351562
679.3768920898438
820.84521484375
825.7801513671875
866.9046630859375
258.26190185546875
399.730224609375
837.2949829101562
861.9697265625
468.81939697265625
610.2877197265625
832.3600463867188
858.6797485351562
468.81939697265625
399.730224609375
834.0050048828125
863.6146850585938
258.26190185546875
399.730224609375
842.2299194335938
855.3897705078125
1100.4918212890625
1031.4027099609375
830.715087890625
857.0347290039062
889.9343872070312
610.2877197265625
835.6500244140625
855.3897705078125
1100.4918212890625
1031.4027099609375
827.4251098632812
863.6146850585938
889.9343872070312
610.2877197265625
838.9400024414062
860.32470703125
889.9343872070312
610.2877197265625
842.2299194335938
858.6797485351562
889.9343872070312
610.2877197265625
840.5849609375
857.0347290039062
258.26190185546875
189.17274475097656
847.1648559570312
853.7448120117188
1100.4918212890625
1031.4027099609375
835.6500244140625
848.8098754882812
995.213134765625
926.1239624023438
824.1351318359375
852.0997924804688
889.9343872070312
926.1239624023438
827.4251098632812
852.0997924804688
1205.7706298828125
1031.4027099609375
827.4251098632812
853.7448120117188
679.3768920898438
610.2877197265625
837.2949829101562
853.7448120117188
995.213134765625
1031.4027099609375
835.6500244140625
860.32470703125
995.213134765625
926.1239624023438
845.5198974609375
860.32470703125
468.81939697265625
610.2877197265625
850.454833984375
853.7448120117188
1205.7706298828125
1136.681396484375
837.2949829101562
858.6797485351562
995.213134765625
926.1239624023438
845.5198974609375
852.0997924804688
1205.7706298828125
1136.681396484375
835.6500244140625
853.7448120117188
679.3768920898438
610.2877197265625
835.6500244140625
857.0347290039062
574.09814453125
610.2877197265625
838.9400024414062
853.7448120117188
784.6556396484375
715.5664672851562
832.3600463867188
850.454833984375
889.9343872070312
820.84521484375
827.4251098632812
853.7448120117188
784.6556396484375
715.5664672851562
830.715087890625
857.0347290039062
679.3768920898438
715.5664672851562
832.3600463867188
855.3897705078125
889.9343872070312
715.5664672851562
830.715087890625
855.3897705078125
889.9343872070312
294.45147705078125
832.3600463867188
845.5198974609375
679.3768920898438
294.45147705078125
834.0050048828125
840.5849609375
679.3768920898438
294.45147705078125
830.715087890625
840.5849609375
468.81939697265625
83.89399719238281
825.7801513671875
840.5849609375
1100.4918212890625
715.5664672851562
825.7801513671875
842.2299194335938
1100.4918212890625
715.5664672851562
822.4901733398438
845.5198974609375
468.81939697265625
294.45147705078125
830.715087890625
837.2949829101562
1100.4918212890625
926.1239624023438
820.84521484375
843.8749389648438
1100.4918212890625
926.1239624023438
822.4901733398438
847.1648559570312
679.3768920898438
715.5664672851562
830.715087890625
843.8749389648438
1311.04931640625
1347.2388916015625
820.84521484375
852.0997924804688
679.3768920898438
715.5664672851562
830.715087890625
845.5198974609375
679.3768920898438
715.5664672851562
829.070068359375
837.2949829101562
1100.4918212890625
926.1239624023438
829.070068359375
835.6500244140625
1100.4918212890625
926.1239624023438
825.7801513671875
840.5849609375
1100.4918212890625
715.5664672851562
830.715087890625
834.0050048828125
1100.4918212890625
820.84521484375
830.715087890625
835.6500244140625
1100.4918212890625
820.84521484375
829.070068359375
840.5849609375
1100.4918212890625
820.84521484375
830.715087890625
838.9400024414062
1100.4918212890625
715.5664672851562
832.3600463867188
838.9400024414062
1521.6068115234375
1031.4027099609375
829.070068359375
843.8749389648438
889.9343872070312
505.00897216796875
834.0050048828125
838.9400024414062
1100.4918212890625
1031.4027099609375
830.715087890625
835.6500244140625
1682.81494140625
1347.2388916015625
824.1351318359375
840.5849609375
1261.699951171875
820.84521484375
825.7801513671875
835.6500244140625
1051.1424560546875
715.5664672851562
829.070068359375
842.2299194335938
840.5849609375
610.2877197265625
835.6500244140625
852.0997924804688
840.5849609375
820.84521484375
835.6500244140625
847.1648559570312
840.5849609375
715.5664672851562
834.0050048828125
845.5198974609375
1051.1424560546875
926.1239624023438
825.7801513671875
840.5849609375
1261.699951171875
1031.4027099609375
820.84521484375
842.2299194335938
534.6185913085938
496.7840576171875
834.0050048828125
843.8749389648438
1166.291015625
917.8990478515625
827.4251098632812
843.8749389648438
955.7335815429688
286.2265930175781
832.3600463867188
840.5849609375
745.1760864257812
286.2265930175781
824.1351318359375
837.2949829101562
1166.291015625
496.7840576171875
814.2652587890625
843.8749389648438
955.7335815429688
286.2265930175781
822.4901733398438
843.8749389648438
1166.291015625
707.341552734375
820.84521484375
838.9400024414062
1166.291015625
707.341552734375
827.4251098632812
842.2299194335938
955.7335815429688
496.7840576171875
829.070068359375
834.0050048828125
1376.8485107421875
917.8990478515625
819.2001953125
838.9400024414062
745.1760864257812
286.2265930175781
825.7801513671875
834.0050048828125
1587.406005859375
1128.45654296875
810.9752807617188
845.5198974609375
745.1760864257812
286.2265930175781
827.4251098632812
843.8749389648438
745.1760864257812
707.341552734375
827.4251098632812
842.2299194335938
955.7335815429688
707.341552734375
817.5552368164062
850.454833984375
324.0611267089844
286.2265930175781
832.3600463867188
838.9400024414062
1166.291015625
1128.45654296875
820.84521484375
847.1648559570312
1166.291015625
1128.45654296875
827.4251098632812
852.0997924804688
955.7335815429688
917.8990478515625
832.3600463867188
842.2299194335938
1376.8485107421875
1128.45654296875
819.2001953125
843.8749389648438
1376.8485107421875
917.8990478515625
824.1351318359375
845.5198974609375
1376.8485107421875
917.8990478515625
824.1351318359375
842.2299194335938
1682.81494140625
1549.571533203125
812.6203002929688
852.0997924804688
630.0274658203125
707.341552734375
825.7801513671875
848.8098754882812
840.5849609375
1128.45654296875
819.2001953125
852.0997924804688
840.5849609375
1128.45654296875
820.84521484375
863.6146850585938
419.4700012207031
917.8990478515625
835.6500244140625
847.1648559570312
1261.699951171875
1549.571533203125
819.2001953125
857.0347290039062
419.4700012207031
707.341552734375
832.3600463867188
847.1648559570312
419.4700012207031
707.341552734375
829.070068359375
842.2299194335938
419.4700012207031
707.341552734375
830.715087890625
843.8749389648438
419.4700012207031
707.341552734375
829.070068359375
845.5198974609375
630.0274658203125
1128.45654296875
825.7801513671875
848.8098754882812
1156.421142578125
1444.292724609375
824.1351318359375
850.454833984375
208.91250610351562
602.0628051757812
832.3600463867188
847.1648559570312
208.91250610351562
707.341552734375
824.1351318359375
842.2299194335938
0.0
496.7840576171875
820.84521484375
840.5849609375
315.8362121582031
812.6203002929688
815.9102783203125
845.5198974609375
315.8362121582031
707.341552734375
822.4901733398438
843.8749389648438
421.1149597167969
917.8990478515625
824.1351318359375
845.5198974609375
315.8362121582031
707.341552734375
827.4251098632812
845.5198974609375
210.55747985839844
707.341552734375
825.7801513671875
838.9400024414062
842.2299194335938
1128.45654296875
819.2001953125
852.0997924804688
0.0
180.9478302001953
837.2949829101562
840.5849609375
736.951171875
917.8990478515625
824.1351318359375
852.0997924804688
736.951171875
917.8990478515625
825.7801513671875
852.0997924804688
736.951171875
917.8990478515625
824.1351318359375
847.1648559570312
526.3937377929688
707.341552734375
825.7801513671875
845.5198974609375
526.3937377929688
812.6203002929688
825.7801513671875
838.9400024414062
947.5086669921875
812.6203002929688
815.9102783203125
842.2299194335938
736.951171875
391.50531005859375
820.84521484375
835.6500244140625
1158.066162109375
812.6203002929688
812.6203002929688
843.8749389648438
736.951171875
391.50531005859375
822.4901733398438
848.8098754882812
315.8362121582031
391.50531005859375
835.6500244140625
840.5849609375
947.5086669921875
1023.1777954101562
829.070068359375
850.454833984375
526.3937377929688
602.0628051757812
835.6500244140625
843.8749389648438
526.3937377929688
602.0628051757812
829.070068359375
845.5198974609375
526.3937377929688
602.0628051757812
832.3600463867188
843.8749389648438
736.951171875
812.6203002929688
829.070068359375
847.1648559570312
736.951171875
812.6203002929688
825.7801513671875
843.8749389648438
736.951171875
812.6203002929688
824.1351318359375
850.454833984375
526.3937377929688
602.0628051757812
824.1351318359375
850.454833984375
315.8362121582031
602.0628051757812
827.4251098632812
845.5198974609375
526.3937377929688
812.6203002929688
834.0050048828125
835.6500244140625
947.5086669921875
1023.1777954101562
827.4251098632812
838.9400024414062
315.8362121582031
602.0628051757812
830.715087890625
840.5849609375
105.27873992919922
707.341552734375
827.4251098632812
840.5849609375
105.27873992919922
812.6203002929688
827.4251098632812
834.0050048828125
105.27873992919922
812.6203002929688
820.84521484375
840.5849609375
105.27873992919922
812.6203002929688
817.5552368164062
837.2949829101562
105.27873992919922
707.341552734375
820.84521484375
845.5198974609375
0.0
602.0628051757812
829.070068359375
845.5198974609375
631.6724243164062
1233.7352294921875
825.7801513671875
838.9400024414062
631.6724243164062
1128.45654296875
822.4901733398438
842.2299194335938
210.55747985839844
812.6203002929688
819.2001953125
842.2299194335938
0.0
602.0628051757812
822.4901733398438
842.2299194335938
0.0
602.0628051757812
822.4901733398438
845.5198974609375
421.1149597167969
917.8990478515625
825.7801513671875
850.454833984375
0.0
391.50531005859375
835.6500244140625
837.2949829101562
842.2299194335938
1233.7352294921875
815.9102783203125
840.5849609375
842.2299194335938
917.8990478515625
817.5552368164062
847.1648559570312
421.1149597167969
812.6203002929688
825.7801513671875
837.2949829101562
1473.90234375
1654.8502197265625
809.330322265625
845.5198974609375
315.8362121582031
602.0628051757812
824.1351318359375
840.5849609375
631.6724243164062
1128.45654296875
820.84521484375
847.1648559570312
631.6724243164062
1023.1777954101562
820.84521484375
853.7448120117188
421.1149597167969
917.8990478515625
827.4251098632812
853.7448120117188
947.5086669921875
1339.0140380859375
819.2001953125
850.454833984375
526.3937377929688
812.6203002929688
827.4251098632812
845.5198974609375
421.1149597167969
812.6203002929688
829.070068359375
850.454833984375
736.951171875
1023.1777954101562
829.070068359375
848.8098754882812
736.951171875
1023.1777954101562
829.070068359375
852.0997924804688
842.2299194335938
1023.1777954101562
822.4901733398438
850.454833984375
947.5086669921875
1128.45654296875
824.1351318359375
845.5198974609375
842.2299194335938
812.6203002929688
822.4901733398438
842.2299194335938
842.2299194335938
917.8990478515625
819.2001953125
840.5849609375
1158.066162109375
1023.1777954101562
814.2652587890625
852.0997924804688
105.27873992919922
391.50531005859375
834.0050048828125
843.8749389648438
736.951171875
1023.1777954101562
827.4251098632812
848.8098754882812
526.3937377929688
812.6203002929688
822.4901733398438
837.2949829101562
736.951171875
1023.1777954101562
815.9102783203125
837.2949829101562
947.5086669921875
1023.1777954101562
819.2001953125
847.1648559570312
315.8362121582031
602.0628051757812
835.6500244140625
845.5198974609375
736.951171875
1023.1777954101562
835.6500244140625
850.454833984375
315.8362121582031
602.0628051757812
832.3600463867188
843.8749389648438
526.3937377929688
812.6203002929688
829.070068359375
837.2949829101562
736.951171875
812.6203002929688
822.4901733398438
837.2949829101562
736.951171875
812.6203002929688
824.1351318359375
838.9400024414062
736.951171875
812.6203002929688
812.6203002929688
848.8098754882812
526.3937377929688
602.0628051757812
820.84521484375
845.5198974609375
526.3937377929688
602.0628051757812
824.1351318359375
837.2949829101562
947.5086669921875
1023.1777954101562
812.6203002929688
838.9400024414062
736.951171875
812.6203002929688
817.5552368164062
832.3600463867188
736.951171875
602.0628051757812
810.9752807617188
837.2949829101562
736.951171875
602.0628051757812
810.9752807617188
829.070068359375
947.5086669921875
812.6203002929688
801.1054077148438
832.3600463867188
947.5086669921875
812.6203002929688
806.0403442382812
832.3600463867188
736.951171875
812.6203002929688
802.7504272460938
834.0050048828125
736.951171875
812.6203002929688
806.0403442382812
824.1351318359375
526.3937377929688
602.0628051757812
812.6203002929688
807.6853637695312
1158.066162109375
1233.7352294921875
789.590576171875
802.7504272460938
1368.6236572265625
1233.7352294921875
784.6556396484375
792.8805541992188
315.8362121582031
391.50531005859375
769.850830078125
786.3005981445312
526.3937377929688
812.6203002929688
759.9808959960938
771.4957885742188
315.8362121582031
602.0628051757812
746.8211059570312
758.3359375
526.3937377929688
812.6203002929688
730.3712768554688
728.726318359375
947.5086669921875
1023.1777954101562
705.6965942382812
704.0515747070312
315.8362121582031
602.0628051757812
685.956787109375
687.601806640625
315.8362121582031
602.0628051757812
666.217041015625
662.9270629882812
778.07568359375
835.6500244140625
649.7672119140625
656.34716796875
988.6331787109375
625.092529296875
634.96240234375
649.7672119140625
567.5181884765625
414.5350341796875
633.3174438476562
639.8973388671875
567.5181884765625
625.092529296875
626.7374877929688
646.477294921875
356.9607238769531
414.5350341796875
630.0274658203125
641.5423583984375
567.5181884765625
625.092529296875
630.0274658203125
646.477294921875
1199.190673828125
1046.20751953125
626.7374877929688
656.34716796875
356.9607238769531
203.97756958007812
646.477294921875
654.7021484375
778.07568359375
835.6500244140625
641.5423583984375
654.7021484375
988.6331787109375
835.6500244140625
638.2523803710938
664.5720825195312
567.5181884765625
414.5350341796875
646.477294921875
672.7969360351562
988.6331787109375
835.6500244140625
656.34716796875
687.601806640625
988.6331787109375
835.6500244140625
667.8619995117188
702.4066162109375
567.5181884765625
625.092529296875
684.3118286132812
704.0515747070312
778.07568359375
835.6500244140625
687.601806640625
715.5664672851562
778.07568359375
835.6500244140625
694.1817016601562
738.59619140625
778.07568359375
835.6500244140625
713.9214477539062
753.4010009765625
567.5181884765625
625.092529296875
732.0162353515625
759.9808959960938
567.5181884765625
625.092529296875
736.951171875
771.4957885742188
778.07568359375
835.6500244140625
748.466064453125
786.3005981445312
778.07568359375
625.092529296875
759.9808959960938
799.46044921875
778.07568359375
625.092529296875
769.850830078125
820.84521484375
778.07568359375
625.092529296875
796.1704711914062
834.0050048828125
356.9607238769531
414.5350341796875
807.6853637695312
822.4901733398438
988.6331787109375
1046.20751953125
799.46044921875
838.9400024414062
778.07568359375
625.092529296875
824.1351318359375
845.5198974609375
778.07568359375
835.6500244140625
827.4251098632812
858.6797485351562
778.07568359375
625.092529296875
837.2949829101562
866.9046630859375
988.6331787109375
835.6500244140625
848.8098754882812
871.839599609375
1199.190673828125
835.6500244140625
845.5198974609375
891.579345703125
356.9607238769531
203.97756958007812
871.839599609375
888.2893676757812
988.6331787109375
835.6500244140625
870.194580078125
898.1592407226562
567.5181884765625
414.5350341796875
880.064453125
894.8693237304688
988.6331787109375
835.6500244140625
880.064453125
893.2243041992188
1409.7481689453125
1256.7650146484375
875.1295166015625
908.0291748046875
778.07568359375
625.092529296875
886.6444091796875
914.6090698242188
988.6331787109375
1046.20751953125
891.579345703125
911.319091796875
778.07568359375
835.6500244140625
893.2243041992188
912.964111328125
778.07568359375
1046.20751953125
898.1592407226562
912.964111328125
1199.190673828125
1256.7650146484375
893.2243041992188
914.6090698242188
778.07568359375
835.6500244140625
893.2243041992188
914.6090698242188
1409.7481689453125
1467.322509765625
894.8693237304688
924.4789428710938
778.07568359375
835.6500244140625
909.6741333007812
919.5440063476562
778.07568359375
1046.20751953125
901.44921875
919.5440063476562
988.6331787109375
1046.20751953125
894.8693237304688
921.18896484375
988.6331787109375
1046.20751953125
889.9343872070312
931.0588989257812
778.07568359375
835.6500244140625
906.3841552734375
927.7689208984375
778.07568359375
835.6500244140625
911.319091796875
926.1239624023438
778.07568359375
835.6500244140625
908.0291748046875
924.4789428710938
778.07568359375
625.092529296875
909.6741333007812
909.6741333007812
1620.3056640625
1046.20751953125
896.5142822265625
911.319091796875
1199.190673828125
625.092529296875
891.579345703125
914.6090698242188
778.07568359375
414.5350341796875
896.5142822265625
917.8990478515625
778.07568359375
414.5350341796875
903.09423828125
911.319091796875
988.6331787109375
625.092529296875
898.1592407226562
908.0291748046875
1199.190673828125
625.092529296875
894.8693237304688
914.6090698242188
778.07568359375
414.5350341796875
901.44921875
904.7391967773438
1409.7481689453125
1046.20751953125
889.9343872070312
911.319091796875
778.07568359375
414.5350341796875
893.2243041992188
898.1592407226562
988.6331787109375
835.6500244140625
881.70947265625
894.8693237304688
988.6331787109375
835.6500244140625
873.4845581054688
903.09423828125
356.9607238769531
414.5350341796875
881.70947265625
903.09423828125
778.07568359375
835.6500244140625
878.4194946289062
903.09423828125
778.07568359375
835.6500244140625
881.70947265625
898.1592407226562
778.07568359375
835.6500244140625
875.1295166015625
896.5142822265625
356.9607238769531
625.092529296875
871.839599609375
898.1592407226562
356.9607238769531
519.8137817382812
880.064453125
896.5142822265625
356.9607238769531
519.8137817382812
881.70947265625
888.2893676757812
567.5181884765625
835.6500244140625
876.7745361328125
889.9343872070312
778.07568359375
940.9287719726562
871.839599609375
889.9343872070312
567.5181884765625
730.3712768554688
873.4845581054688
884.9994506835938
356.9607238769531
625.092529296875
870.194580078125
878.4194946289062
778.07568359375
1046.20751953125
861.9697265625
876.7745361328125
1199.190673828125
1362.043701171875
855.3897705078125
876.7745361328125
778.07568359375
940.9287719726562
858.6797485351562
883.3544311523438
567.5181884765625
730.3712768554688
860.32470703125
881.70947265625
567.5181884765625
730.3712768554688
865.2596435546875
881.70947265625
567.5181884765625
730.3712768554688
866.9046630859375
881.70947265625
1199.190673828125
1256.7650146484375
858.6797485351562
889.9343872070312
567.5181884765625
625.092529296875
866.9046630859375
881.70947265625
567.5181884765625
625.092529296875
863.6146850585938
865.2596435546875
778.07568359375
835.6500244140625
858.6797485351562
860.32470703125
1409.7481689453125
1256.7650146484375
850.454833984375
865.2596435546875
988.6331787109375
835.6500244140625
855.3897705078125
866.9046630859375
988.6331787109375
1046.20751953125
845.5198974609375
875.1295166015625
778.07568359375
835.6500244140625
850.454833984375
871.839599609375
988.6331787109375
1046.20751953125
848.8098754882812
860.32470703125
1409.7481689453125
1256.7650146484375
837.2949829101562
870.194580078125
567.5181884765625
625.092529296875
852.0997924804688
860.32470703125
1199.190673828125
1256.7650146484375
843.8749389648438
855.3897705078125
1199.190673828125
1046.20751953125
837.2949829101562
852.0997924804688
1199.190673828125
1046.20751953125
837.2949829101562
855.3897705078125
1199.190673828125
1046.20751953125
835.6500244140625
863.6146850585938
567.5181884765625
625.092529296875
840.5849609375
855.3897705078125
1199.190673828125
1256.7650146484375
837.2949829101562
860.32470703125
778.07568359375
835.6500244140625
850.454833984375
855.3897705078125
1199.190673828125
1256.7650146484375
842.2299194335938
863.6146850585938
778.07568359375
835.6500244140625
853.7448120117188
871.839599609375
356.9607238769531
414.5350341796875
861.9697265625
866.9046630859375
778.07568359375
625.092529296875
850.454833984375
863.6146850585938
778.07568359375
625.092529296875
848.8098754882812
858.6797485351562
567.5181884765625
414.5350341796875
840.5849609375
861.9697265625
567.5181884765625
625.092529296875
840.5849609375
870.194580078125
356.9607238769531
414.5350341796875
853.7448120117188
857.0347290039062
356.9607238769531
414.5350341796875
847.1648559570312
847.1648559570312
988.6331787109375
835.6500244140625
838.9400024414062
855.3897705078125
988.6331787109375
835.6500244140625
847.1648559570312
847.1648559570312
988.6331787109375
835.6500244140625
843.8749389648438
855.3897705078125
988.6331787109375
835.6500244140625
848.8098754882812
853.7448120117188
567.5181884765625
625.092529296875
843.8749389648438
847.1648559570312
778.07568359375
835.6500244140625
838.9400024414062
848.8098754882812
988.6331787109375
835.6500244140625
835.6500244140625
858.6797485351562
778.07568359375
625.092529296875
845.5198974609375
853.7448120117188
988.6331787109375
835.6500244140625
842.2299194335938
855.3897705078125
146.4032440185547
203.97756958007812
847.1648559570312
855.3897705078125
0.0
203.97756958007812
852.0997924804688
857.0347290039062
842.2299194335938
835.6500244140625
842.2299194335938
852.0997924804688
842.2299194335938
625.092529296875
843.8749389648438
847.1648559570312
842.2299194335938
625.092529296875
838.9400024414062
853.7448120117188
842.2299194335938
625.092529296875
845.5198974609375
842.2299194335938
842.2299194335938
625.092529296875
840.5849609375
842.2299194335938
842.2299194335938
625.092529296875
838.9400024414062
845.5198974609375
1052.7874755859375
835.6500244140625
837.2949829101562
838.9400024414062
842.2299194335938
625.092529296875
838.9400024414062
848.8098754882812
421.1149597167969
414.5350341796875
848.8098754882812
842.2299194335938
1052.7874755859375
1046.20751953125
838.9400024414062
840.5849609375
1052.7874755859375
835.6500244140625
842.2299194335938
847.1648559570312
631.6724243164062
625.092529296875
843.8749389648438
847.1648559570312
631.6724243164062
625.092529296875
842.2299194335938
852.0997924804688
508.2989196777344
606.9977416992188
845.5198974609375
843.8749389648438
929.4138793945312
1238.670166015625
827.4251098632812
850.454833984375
508.2989196777344
712.2764892578125
837.2949829101562
848.8098754882812
508.2989196777344
712.2764892578125
835.6500244140625
847.1648559570312
508.2989196777344
606.9977416992188
837.2949829101562
848.8098754882812
508.2989196777344
712.2764892578125
837.2949829101562
852.0997924804688
1139.971435546875
1133.3914794921875
835.6500244140625
852.0997924804688
929.4138793945312
922.833984375
832.3600463867188
848.8098754882812
929.4138793945312
922.833984375
829.070068359375
852.0997924804688
508.2989196777344
606.9977416992188
837.2949829101562
857.0347290039062
718.8563842773438
922.833984375
835.6500244140625
855.3897705078125
929.4138793945312
922.833984375
835.6500244140625
850.454833984375
718.8563842773438
712.2764892578125
835.6500244140625
848.8098754882812
718.8563842773438
817.5552368164062
835.6500244140625
848.8098754882812
718.8563842773438
817.5552368164062
838.9400024414062
847.1648559570312
929.4138793945312
922.833984375
834.0050048828125
858.6797485351562
508.2989196777344
606.9977416992188
843.8749389648438
866.9046630859375
508.2989196777344
817.5552368164062
852.0997924804688
860.32470703125
297.741455078125
817.5552368164062
848.8098754882812
835.6500244140625
718.8563842773438
1449.2276611328125
824.1351318359375
829.070068359375
929.4138793945312
1682.81494140625
820.84521484375
820.84521484375
929.4138793945312
1472.2574462890625
809.330322265625
822.4901733398438
508.2989196777344
1051.1424560546875
822.4901733398438
824.1351318359375
718.8563842773438
1261.699951171875
824.1351318359375
804.3953857421875
1139.971435546875
1472.2574462890625
804.3953857421875
796.1704711914062
1139.971435546875
1472.2574462890625
801.1054077148438
804.3953857421875
1350.52880859375
1472.2574462890625
801.1054077148438
804.3953857421875
718.8563842773438
1051.1424560546875
809.330322265625
799.46044921875
718.8563842773438
1051.1424560546875
806.0403442382812
799.46044921875
929.4138793945312
1051.1424560546875
806.0403442382812
809.330322265625
1139.971435546875
1051.1424560546875
810.9752807617188
820.84521484375
718.8563842773438
630.0274658203125
819.2001953125
819.2001953125
718.8563842773438
630.0274658203125
825.7801513671875
824.1351318359375
718.8563842773438
630.0274658203125
827.4251098632812
829.070068359375
297.741455078125
419.4700012207031
834.0050048828125
822.4901733398438
508.2989196777344
630.0274658203125
829.070068359375
825.7801513671875
297.741455078125
419.4700012207031
829.070068359375
832.3600463867188
87.1839599609375
419.4700012207031
834.0050048828125
825.7801513671875
718.8563842773438
1051.1424560546875
829.070068359375
830.715087890625
718.8563842773438
840.5849609375
832.3600463867188
845.5198974609375
297.741455078125
630.0274658203125
843.8749389648438
834.0050048828125
929.4138793945312
1261.699951171875
834.0050048828125
837.2949829101562
508.2989196777344
630.0274658203125
834.0050048828125
837.2949829101562
508.2989196777344
630.0274658203125
840.5849609375
830.715087890625
1139.971435546875
840.5849609375
832.3600463867188
840.5849609375
508.2989196777344
208.91250610351562
840.5849609375
842.2299194335938
718.8563842773438
630.0274658203125
840.5849609375
843.8749389648438
929.4138793945312
630.0274658203125
832.3600463867188
847.1648559570312
929.4138793945312
630.0274658203125
830.715087890625
847.1648559570312
718.8563842773438
524.7487182617188
834.0050048828125
855.3897705078125
718.8563842773438
630.0274658203125
843.8749389648438
852.0997924804688
929.4138793945312
735.3062133789062
840.5849609375
857.0347290039062
718.8563842773438
524.7487182617188
845.5198974609375
852.0997924804688
718.8563842773438
524.7487182617188
845.5198974609375
852.0997924804688
718.8563842773438
524.7487182617188
840.5849609375
858.6797485351562
297.741455078125
103.63375854492188
853.7448120117188
852.0997924804688
718.8563842773438
735.3062133789062
842.2299194335938
850.454833984375
929.4138793945312
840.5849609375
835.6500244140625
850.454833984375
297.741455078125
314.1912536621094
843.8749389648438
847.1648559570312
718.8563842773438
840.5849609375
838.9400024414062
858.6797485351562
508.2989196777344
419.4700012207031
848.8098754882812
858.6797485351562
508.2989196777344
419.4700012207031
843.8749389648438
852.0997924804688
929.4138793945312
735.3062133789062
837.2949829101562
847.1648559570312
718.8563842773438
419.4700012207031
835.6500244140625
842.2299194335938
718.8563842773438
419.4700012207031
838.9400024414062
840.5849609375
1139.971435546875
735.3062133789062
832.3600463867188
834.0050048828125
1139.971435546875
840.5849609375
829.070068359375
845.5198974609375
929.4138793945312
630.0274658203125
834.0050048828125
842.2299194335938
929.4138793945312
840.5849609375
829.070068359375
842.2299194335938
929.4138793945312
735.3062133789062
834.0050048828125
850.454833984375
508.2989196777344
419.4700012207031
840.5849609375
838.9400024414062
1561.0863037109375
1366.9786376953125
824.1351318359375
848.8098754882812
1139.971435546875
735.3062133789062
838.9400024414062
852.0997924804688
1139.971435546875
840.5849609375
840.5849609375
847.1648559570312
1350.52880859375
840.5849609375
834.0050048828125
853.7448120117188
718.8563842773438
419.4700012207031
840.5849609375
873.4845581054688
929.4138793945312
630.0274658203125
852.0997924804688
866.9046630859375
718.8563842773438
314.1912536621094
858.6797485351562
840.5849609375
929.4138793945312
630.0274658203125
834.0050048828125
835.6500244140625
1139.971435546875
735.3062133789062
835.6500244140625
829.070068359375
1139.971435546875
735.3062133789062
827.4251098632812
840.5849609375
718.8563842773438
524.7487182617188
838.9400024414062
845.5198974609375
929.4138793945312
735.3062133789062
847.1648559570312
832.3600463867188
929.4138793945312
735.3062133789062
832.3600463867188
832.3600463867188
718.8563842773438
524.7487182617188
832.3600463867188
837.2949829101562
718.8563842773438
524.7487182617188
840.5849609375
830.715087890625
929.4138793945312
735.3062133789062
835.6500244140625
842.2299194335938
1139.971435546875
735.3062133789062
840.5849609375
852.0997924804688
297.741455078125
314.1912536621094
845.5198974609375
845.5198974609375
929.4138793945312
945.8637084960938
838.9400024414062
842.2299194335938
718.8563842773438
524.7487182617188
838.9400024414062
840.5849609375
718.8563842773438
524.7487182617188
842.2299194335938
840.5849609375
929.4138793945312
524.7487182617188
843.8749389648438
850.454833984375
297.741455078125
103.63375854492188
847.1648559570312
845.5198974609375
929.4138793945312
524.7487182617188
842.2299194335938
838.9400024414062
929.4138793945312
524.7487182617188
842.2299194335938
837.2949829101562
1350.52880859375
945.8637084960938
838.9400024414062
853.7448120117188
718.8563842773438
103.63375854492188
857.0347290039062
848.8098754882812
929.4138793945312
314.1912536621094
852.0997924804688
838.9400024414062
1350.52880859375
524.7487182617188
840.5849609375
843.8749389648438
1350.52880859375
524.7487182617188
837.2949829101562
848.8098754882812
929.4138793945312
314.1912536621094
848.8098754882812
848.8098754882812
1139.971435546875
524.7487182617188
842.2299194335938
857.0347290039062
929.4138793945312
314.1912536621094
847.1648559570312
853.7448120117188
1139.971435546875
735.3062133789062
842.2299194335938
858.6797485351562
1139.971435546875
735.3062133789062
842.2299194335938
860.32470703125
929.4138793945312
735.3062133789062
845.5198974609375
861.9697265625
1350.52880859375
945.8637084960938
842.2299194335938
866.9046630859375
718.8563842773438
524.7487182617188
852.0997924804688
860.32470703125
1561.0863037109375
1366.9786376953125
835.6500244140625
875.1295166015625
718.8563842773438
524.7487182617188
858.6797485351562
868.5496215820312
718.8563842773438
735.3062133789062
855.3897705078125
860.32470703125
1139.971435546875
735.3062133789062
843.8749389648438
866.9046630859375
718.8563842773438
735.3062133789062
857.0347290039062
852.0997924804688
1682.81494140625
1682.81494140625
837.2949829101562
857.0347290039062
1051.1424560546875
1051.1424560546875
847.1648559570312
850.454833984375
1051.1424560546875
1261.699951171875
838.9400024414062
852.0997924804688
1051.1424560546875
1051.1424560546875
838.9400024414062
850.454833984375
1051.1424560546875
1051.1424560546875
842.2299194335938
848.8098754882812
1472.2574462890625
1472.2574462890625
834.0050048828125
857.0347290039062
630.0274658203125
630.0274658203125
848.8098754882812
847.1648559570312
630.0274658203125
840.5849609375
838.9400024414062
847.1648559570312
1051.1424560546875
1261.699951171875
827.4251098632812
847.1648559570312
840.5849609375
840.5849609375
825.7801513671875
837.2949829101562
840.5849609375
840.5849609375
822.4901733398438
845.5198974609375
1261.699951171875
1051.1424560546875
824.1351318359375
850.454833984375
630.0274658203125
419.4700012207031
835.6500244140625
845.5198974609375
840.5849609375
630.0274658203125
837.2949829101562
847.1648559570312
840.5849609375
630.0274658203125
832.3600463867188
847.1648559570312
978.7633056640625
875.1295166015625
837.2949829101562
848.8098754882812
557.6483154296875
1085.68701171875
842.2299194335938
852.0997924804688
978.7633056640625
1682.81494140625
838.9400024414062
860.32470703125
136.5333709716797
840.5849609375
848.8098754882812
858.6797485351562
136.5333709716797
840.5849609375
848.8098754882812
852.0997924804688
768.205810546875
1261.699951171875
835.6500244140625
853.7448120117188
347.0908508300781
840.5849609375
840.5849609375
852.0997924804688
347.0908508300781
840.5849609375
843.8749389648438
850.454833984375
557.6483154296875
1051.1424560546875
840.5849609375
848.8098754882812
347.0908508300781
840.5849609375
840.5849609375
847.1648559570312
136.5333709716797
840.5849609375
835.6500244140625
837.2949829101562
978.7633056640625
1472.2574462890625
820.84521484375
842.2299194335938
557.6483154296875
840.5849609375
830.715087890625
843.8749389648438
557.6483154296875
840.5849609375
835.6500244140625
845.5198974609375
1189.32080078125
1261.699951171875
832.3600463867188
847.1648559570312
557.6483154296875
630.0274658203125
838.9400024414062
850.454833984375
557.6483154296875
630.0274658203125
842.2299194335938
848.8098754882812
978.7633056640625
630.0274658203125
835.6500244140625
848.8098754882812
978.7633056640625
419.4700012207031
835.6500244140625
850.454833984375
768.205810546875
208.91250610351562
835.6500244140625
850.454833984375
978.7633056640625
419.4700012207031
835.6500244140625
853.7448120117188
768.205810546875
208.91250610351562
832.3600463867188
852.0997924804688
768.205810546875
208.91250610351562
832.3600463867188
850.454833984375
1399.8782958984375
840.5849609375
830.715087890625
852.0997924804688
1189.32080078125
630.0274658203125
829.070068359375
850.454833984375
1189.32080078125
630.0274658203125
827.4251098632812
853.7448120117188
1189.32080078125
630.0274658203125
830.715087890625
855.3897705078125
768.205810546875
419.4700012207031
834.0050048828125
848.8098754882812
978.7633056640625
630.0274658203125
838.9400024414062
852.0997924804688
768.205810546875
419.4700012207031
845.5198974609375
845.5198974609375
768.205810546875
630.0274658203125
837.2949829101562
847.1648559570312
1189.32080078125
840.5849609375
827.4251098632812
848.8098754882812
768.205810546875
630.0274658203125
834.0050048828125
843.8749389648438
978.7633056640625
1051.1424560546875
822.4901733398438
852.0997924804688
768.205810546875
1051.1424560546875
832.3600463867188
847.1648559570312
768.205810546875
1261.699951171875
832.3600463867188
843.8749389648438
1189.32080078125
1472.2574462890625
824.1351318359375
853.7448120117188
768.205810546875
1051.1424560546875
830.715087890625
852.0997924804688
768.205810546875
1051.1424560546875
827.4251098632812
857.0347290039062
768.205810546875
1051.1424560546875
832.3600463867188
861.9697265625
557.6483154296875
840.5849609375
845.5198974609375
845.5198974609375
978.7633056640625
1261.699951171875
832.3600463867188
842.2299194335938
978.7633056640625
1051.1424560546875
832.3600463867188
838.9400024414062
978.7633056640625
1051.1424560546875
830.715087890625
840.5849609375
1189.32080078125
1051.1424560546875
824.1351318359375
848.8098754882812
768.205810546875
840.5849609375
838.9400024414062
843.8749389648438
1399.8782958984375
1261.699951171875
829.070068359375
853.7448120117188
557.6483154296875
419.4700012207031
835.6500244140625
852.0997924804688
978.7633056640625
1051.1424560546875
825.7801513671875
858.6797485351562
978.7633056640625
630.0274658203125
835.6500244140625
855.3897705078125
978.7633056640625
630.0274658203125
835.6500244140625
845.5198974609375
1399.8782958984375
1051.1424560546875
824.1351318359375
847.1648559570312
978.7633056640625
840.5849609375
830.715087890625
847.1648559570312
1189.32080078125
1051.1424560546875
829.070068359375
847.1648559570312
978.7633056640625
840.5849609375
834.0050048828125
850.454833984375
768.205810546875
840.5849609375
840.5849609375
842.2299194335938
1189.32080078125
1261.699951171875
827.4251098632812
837.2949829101562
1189.32080078125
1261.699951171875
822.4901733398438
842.2299194335938
1189.32080078125
1261.699951171875
824.1351318359375
845.5198974609375
1189.32080078125
1051.1424560546875
825.7801513671875
848.8098754882812
768.205810546875
840.5849609375
829.070068359375
845.5198974609375
978.7633056640625
1051.1424560546875
829.070068359375
842.2299194335938
978.7633056640625
1051.1424560546875
825.7801513671875
845.5198974609375
768.205810546875
840.5849609375
829.070068359375
850.454833984375
768.205810546875
840.5849609375
829.070068359375
850.454833984375
768.205810546875
1051.1424560546875
834.0050048828125
853.7448120117188
768.205810546875
1051.1424560546875
837.2949829101562
858.6797485351562
557.6483154296875
840.5849609375
838.9400024414062
852.0997924804688
557.6483154296875
840.5849609375
830.715087890625
853.7448120117188
347.0908508300781
419.4700012207031
837.2949829101562
853.7448120117188
347.0908508300781
630.0274658203125
840.5849609375
848.8098754882812
1189.32080078125
1261.699951171875
834.0050048828125
861.9697265625
136.5333709716797
208.91250610351562
842.2299194335938
847.1648559570312
768.205810546875
840.5849609375
824.1351318359375
847.1648559570312
768.205810546875
630.0274658203125
824.1351318359375
853.7448120117188
347.0908508300781
419.4700012207031
837.2949829101562
847.1648559570312
557.6483154296875
630.0274658203125
837.2949829101562
845.5198974609375
557.6483154296875
630.0274658203125
838.9400024414062
845.5198974609375
557.6483154296875
630.0274658203125
834.0050048828125
838.9400024414062
1189.32080078125
1051.1424560546875
829.070068359375
842.2299194335938
978.7633056640625
840.5849609375
825.7801513671875
848.8098754882812
873.4845581054688
945.8637084960938
832.3600463867188
848.8098754882812
452.3695983886719
630.0274658203125
838.9400024414062
847.1648559570312
452.3695983886719
735.3062133789062
838.9400024414062
843.8749389648438
978.7633056640625
1051.1424560546875
835.6500244140625
840.5849609375
557.6483154296875
630.0274658203125
830.715087890625
840.5849609375
557.6483154296875
735.3062133789062
827.4251098632812
852.0997924804688
557.6483154296875
524.7487182617188
835.6500244140625
853.7448120117188
31.254627227783203
208.91250610351562
843.8749389648438
843.8749389648438
873.4845581054688
945.8637084960938
837.2949829101562
840.5849609375
1189.32080078125
1051.1424560546875
830.715087890625
848.8098754882812
873.4845581054688
735.3062133789062
837.2949829101562
855.3897705078125
768.205810546875
735.3062133789062
842.2299194335938
853.7448120117188
873.4845581054688
840.5849609375
835.6500244140625
850.454833984375
873.4845581054688
840.5849609375
830.715087890625
847.1648559570312
873.4845581054688
840.5849609375
829.070068359375
847.1648559570312
768.205810546875
735.3062133789062
834.0050048828125
848.8098754882812
978.7633056640625
945.8637084960938
837.2949829101562
848.8098754882812
1189.32080078125
945.8637084960938
835.6500244140625
853.7448120117188
1399.8782958984375
945.8637084960938
835.6500244140625
852.0997924804688
1399.8782958984375
945.8637084960938
830.715087890625
857.0347290039062
768.205810546875
524.7487182617188
838.9400024414062
853.7448120117188
978.7633056640625
735.3062133789062
840.5849609375
848.8098754882812
978.7633056640625
735.3062133789062
837.2949829101562
857.0347290039062
978.7633056640625
735.3062133789062
837.2949829101562
857.0347290039062
768.205810546875
524.7487182617188
842.2299194335938
850.454833984375
1399.8782958984375
1156.421142578125
829.070068359375
857.0347290039062
557.6483154296875
314.1912536621094
837.2949829101562
843.8749389648438
978.7633056640625
945.8637084960938
829.070068359375
855.3897705078125
978.7633056640625
735.3062133789062
830.715087890625
852.0997924804688
557.6483154296875
524.7487182617188
830.715087890625
848.8098754882812
1189.32080078125
945.8637084960938
824.1351318359375
855.3897705078125
347.0908508300781
314.1912536621094
834.0050048828125
848.8098754882812
347.0908508300781
735.3062133789062
834.0050048828125
848.8098754882812
768.205810546875
1051.1424560546875
830.715087890625
845.5198974609375
768.205810546875
945.8637084960938
825.7801513671875
853.7448120117188
557.6483154296875
735.3062133789062
834.0050048828125
855.3897705078125
557.6483154296875
735.3062133789062
834.0050048828125
852.0997924804688
347.0908508300781
524.7487182617188
834.0050048828125
847.1648559570312
768.205810546875
1051.1424560546875
827.4251098632812
845.5198974609375
768.205810546875
945.8637084960938
829.070068359375
843.8749389648438
768.205810546875
945.8637084960938
825.7801513671875
850.454833984375
768.205810546875
735.3062133789062
830.715087890625
857.0347290039062
557.6483154296875
735.3062133789062
837.2949829101562
847.1648559570312
1399.8782958984375
1366.9786376953125
820.84521484375
855.3897705078125
768.205810546875
630.0274658203125
838.9400024414062
861.9697265625
768.205810546875
735.3062133789062
845.5198974609375
853.7448120117188
768.205810546875
735.3062133789062
842.2299194335938
858.6797485351562
978.7633056640625
945.8637084960938
847.1648559570312
857.0347290039062
766.5608520507812
662.9270629882812
842.2299194335938
847.1648559570312
1187.67578125
1084.0419921875
830.715087890625
852.0997924804688
1187.67578125
873.4845581054688
832.3600463867188
855.3897705078125
766.5608520507812
662.9270629882812
840.5849609375
852.0997924804688
1398.2332763671875
1294.5994873046875
840.5849609375
848.8098754882812
977.1183471679688
873.4845581054688
840.5849609375
848.8098754882812
977.1183471679688
873.4845581054688
840.5849609375
850.454833984375
977.1183471679688
873.4845581054688
835.6500244140625
843.8749389648438
977.1183471679688
873.4845581054688
827.4251098632812
855.3897705078125
766.5608520507812
662.9270629882812
838.9400024414062
842.2299194335938
1398.2332763671875
1084.0419921875
822.4901733398438
843.8749389648438
766.5608520507812
452.3695983886719
829.070068359375
847.1648559570312
766.5608520507812
662.9270629882812
830.715087890625
843.8749389648438
977.1183471679688
873.4845581054688
827.4251098632812
847.1648559570312
977.1183471679688
873.4845581054688
827.4251098632812
860.32470703125
766.5608520507812
662.9270629882812
838.9400024414062
850.454833984375
766.5608520507812
873.4845581054688
835.6500244140625
847.1648559570312
1187.67578125
873.4845581054688
829.070068359375
850.454833984375
977.1183471679688
662.9270629882812
829.070068359375
853.7448120117188
977.1183471679688
768.205810546875
827.4251098632812
855.3897705078125
977.1183471679688
557.6483154296875
829.070068359375
848.8098754882812
977.1183471679688
557.6483154296875
825.7801513671875
843.8749389648438
1398.2332763671875
978.7633056640625
817.5552368164062
847.1648559570312
977.1183471679688
452.3695983886719
822.4901733398438
850.454833984375
977.1183471679688
452.3695983886719
824.1351318359375
838.9400024414062
1187.67578125
768.205810546875
814.2652587890625
837.2949829101562
1187.67578125
662.9270629882812
815.9102783203125
835.6500244140625
977.1183471679688
557.6483154296875
820.84521484375
845.5198974609375
766.5608520507812
452.3695983886719
830.715087890625
852.0997924804688
977.1183471679688
768.205810546875
832.3600463867188
847.1648559570312
1398.2332763671875
1084.0419921875
822.4901733398438
852.0997924804688
766.5608520507812
557.6483154296875
830.715087890625
848.8098754882812
1187.67578125
1084.0419921875
825.7801513671875
855.3897705078125
766.5608520507812
452.3695983886719
835.6500244140625
852.0997924804688
556.0033569335938
452.3695983886719
830.715087890625
850.454833984375
766.5608520507812
662.9270629882812
824.1351318359375
848.8098754882812
556.0033569335938
452.3695983886719
829.070068359375
853.7448120117188
345.44586181640625
452.3695983886719
832.3600463867188
853.7448120117188
556.0033569335938
662.9270629882812
829.070068359375
853.7448120117188
345.44586181640625
452.3695983886719
825.7801513671875
848.8098754882812
345.44586181640625
662.9270629882812
819.2001953125
842.2299194335938
766.5608520507812
873.4845581054688
812.6203002929688
847.1648559570312
766.5608520507812
873.4845581054688
820.84521484375
855.3897705078125
345.44586181640625
452.3695983886719
830.715087890625
852.0997924804688
134.8883819580078
452.3695983886719
838.9400024414062
847.1648559570312
977.1183471679688
1084.0419921875
830.715087890625
855.3897705078125
556.0033569335938
662.9270629882812
837.2949829101562
847.1648559570312
1187.67578125
1084.0419921875
824.1351318359375
853.7448120117188
556.0033569335938
452.3695983886719
832.3600463867188
850.454833984375
661.2821044921875
662.9270629882812
830.715087890625
842.2299194335938
1187.67578125
1084.0419921875
822.4901733398438
843.8749389648438
871.839599609375
768.205810546875
827.4251098632812
850.454833984375
766.5608520507812
768.205810546875
824.1351318359375
850.454833984375
871.839599609375
873.4845581054688
829.070068359375
860.32470703125
556.0033569335938
662.9270629882812
838.9400024414062
855.3897705078125
1082.3970947265625
1189.32080078125
832.3600463867188
855.3897705078125
977.1183471679688
873.4845581054688
834.0050048828125
848.8098754882812
871.839599609375
873.4845581054688
827.4251098632812
850.454833984375
1187.67578125
1084.0419921875
827.4251098632812
855.3897705078125
766.5608520507812
768.205810546875
834.0050048828125
853.7448120117188
977.1183471679688
978.7633056640625
835.6500244140625
858.6797485351562
977.1183471679688
978.7633056640625
835.6500244140625
857.0347290039062
977.1183471679688
873.4845581054688
835.6500244140625
853.7448120117188
1082.3970947265625
978.7633056640625
834.0050048828125
853.7448120117188
1292.95458984375
1084.0419921875
834.0050048828125
853.7448120117188
450.724609375
241.81210327148438
840.5849609375
847.1648559570312
1082.3970947265625
873.4845581054688
837.2949829101562
853.7448120117188
871.839599609375
452.3695983886719
837.2949829101562
842.2299194335938
1082.3970947265625
662.9270629882812
830.715087890625
838.9400024414062
1082.3970947265625
662.9270629882812
834.0050048828125
840.5849609375
450.724609375
241.81210327148438
834.0050048828125
837.2949829101562
1082.3970947265625
662.9270629882812
829.070068359375
843.8749389648438
661.2821044921875
241.81210327148438
835.6500244140625
834.0050048828125
871.839599609375
662.9270629882812
830.715087890625
834.0050048828125
1082.3970947265625
662.9270629882812
827.4251098632812
840.5849609375
661.2821044921875
452.3695983886719
830.715087890625
825.7801513671875
1292.95458984375
1084.0419921875
819.2001953125
835.6500244140625
661.2821044921875
452.3695983886719
827.4251098632812
832.3600463867188
661.2821044921875
662.9270629882812
827.4251098632812
829.070068359375
871.839599609375
873.4845581054688
829.070068359375
843.8749389648438
871.839599609375
873.4845581054688
830.715087890625
843.8749389648438
450.724609375
662.9270629882812
837.2949829101562
834.0050048828125
450.724609375
662.9270629882812
830.715087890625
838.9400024414062
29.60964584350586
241.81210327148438
834.0050048828125
830.715087890625
871.839599609375
873.4845581054688
814.2652587890625
834.0050048828125
661.2821044921875
347.0908508300781
820.84521484375
838.9400024414062
450.724609375
241.81210327148438
827.4251098632812
837.2949829101562
450.724609375
136.5333709716797
832.3600463867188
832.3600463867188
871.839599609375
768.205810546875
822.4901733398438
842.2299194335938
871.839599609375
557.6483154296875
825.7801513671875
852.0997924804688
871.839599609375
662.9270629882812
829.070068359375
850.454833984375
871.839599609375
662.9270629882812
827.4251098632812
850.454833984375
240.16712951660156
136.5333709716797
83