3000
4
847.1648559570312
1080.7520751953125
1003.43798828125
830.715087890625
853.7448120117188
764.9158325195312
266.48681640625
840.5849609375
855.3897705078125
817.5552368164062
582.3230590820312
832.3600463867188
857.0347290039062
764.9158325195312
582.3230590820312
847.1648559570312
848.8098754882812
817.5552368164062
792.8805541992188
837.2949829101562
843.8749389648438
870.194580078125
792.8805541992188
834.0050048828125
842.2299194335938
870.194580078125
898.1592407226562
840.5849609375
845.5198974609375
922.833984375
898.1592407226562
830.715087890625
855.3897705078125
659.6371459960938
371.76556396484375
835.6500244140625
852.0997924804688
659.6371459960938
582.3230590820312
832.3600463867188
853.7448120117188
659.6371459960938
582.3230590820312
829.070068359375
853.7448120117188
764.9158325195312
792.8805541992188
837.2949829101562
850.454833984375
817.5552368164062
898.1592407226562
829.070068359375
853.7448120117188
817.5552368164062
792.8805541992188
825.7801513671875
865.2596435546875
817.5552368164062
792.8805541992188
832.3600463867188
865.2596435546875
817.5552368164062
792.8805541992188
837.2949829101562
858.6797485351562
606.9977416992188
371.76556396484375
845.5198974609375
847.1648559570312
817.5552368164062
792.8805541992188
827.4251098632812
850.454833984375
817.5552368164062
792.8805541992188
825.7801513671875
853.7448120117188
712.2764892578125
582.3230590820312
829.070068359375
858.6797485351562
817.5552368164062
792.8805541992188
835.6500244140625
863.6146850585938
606.9977416992188
371.76556396484375
848.8098754882812
848.8098754882812
712.2764892578125
792.8805541992188
837.2949829101562
852.0997924804688
817.5552368164062
792.8805541992188
837.2949829101562
857.0347290039062
606.9977416992188
371.76556396484375
843.8749389648438
857.0347290039062
922.833984375
1003.43798828125
837.2949829101562
863.6146850585938
817.5552368164062
582.3230590820312
840.5849609375
857.0347290039062
817.5552368164062
582.3230590820312
842.2299194335938
853.7448120117188
817.5552368164062
792.8805541992188
834.0050048828125
842.2299194335938
817.5552368164062
792.8805541992188
825.7801513671875
842.2299194335938
712.2764892578125
582.3230590820312
835.6500244140625
850.454833984375
817.5552368164062
1003.43798828125
832.3600463867188
857.0347290039062
764.9158325195312
898.1592407226562
840.5849609375
855.3897705078125
712.2764892578125
792.8805541992188
842.2299194335938
848.8098754882812
659.6371459960938
792.8805541992188
830.715087890625
845.5198974609375
606.9977416992188
687.601806640625
830.715087890625
847.1648559570312
554.3583984375
687.601806640625
835.6500244140625
848.8098754882812
870.194580078125
1213.9954833984375
824.1351318359375
853.7448120117188
659.6371459960938
582.3230590820312
827.4251098632812
847.1648559570312
606.9977416992188
582.3230590820312
829.070068359375
842.2299194335938
659.6371459960938
687.601806640625
822.4901733398438
843.8749389648438
922.833984375
1319.2742919921875
817.5552368164062
840.5849609375
764.9158325195312
792.8805541992188
820.84521484375
838.9400024414062
764.9158325195312
898.1592407226562
817.5552368164062
845.5198974609375
975.4733276367188
1213.9954833984375
815.9102783203125
838.9400024414062
764.9158325195312
792.8805541992188
820.84521484375
842.2299194335938
870.194580078125
1003.43798828125
820.84521484375
845.5198974609375
922.833984375
1003.43798828125
820.84521484375
847.1648559570312
712.2764892578125
582.3230590820312
827.4251098632812
857.0347290039062
817.5552368164062
792.8805541992188
827.4251098632812
855.3897705078125
817.5552368164062
792.8805541992188
827.4251098632812
855.3897705078125
817.5552368164062
792.8805541992188
829.070068359375
852.0997924804688
712.2764892578125
582.3230590820312
834.0050048828125
845.5198974609375
922.833984375
1213.9954833984375
830.715087890625
843.8749389648438
712.2764892578125
582.3230590820312
835.6500244140625
842.2299194335938
712.2764892578125
792.8805541992188
830.715087890625
848.8098754882812
1028.1126708984375
1213.9954833984375
832.3600463867188
860.32470703125
922.833984375
792.8805541992188
835.6500244140625
873.4845581054688
922.833984375
792.8805541992188
853.7448120117188
870.194580078125
817.5552368164062
582.3230590820312
842.2299194335938
866.9046630859375
922.833984375
792.8805541992188
832.3600463867188
875.1295166015625
922.833984375
792.8805541992188
847.1648559570312
870.194580078125
1028.1126708984375
1003.43798828125
847.1648559570312
891.579345703125
817.5552368164062
582.3230590820312
866.9046630859375
891.579345703125
712.2764892578125
371.76556396484375
863.6146850585938
886.6444091796875
817.5552368164062
582.3230590820312
866.9046630859375
884.9994506835938
817.5552368164062
582.3230590820312
858.6797485351562
881.70947265625
817.5552368164062
582.3230590820312
863.6146850585938
880.064453125
817.5552368164062
582.3230590820312
863.6146850585938
881.70947265625
606.9977416992188
371.76556396484375
863.6146850585938
878.4194946289062
606.9977416992188
582.3230590820312
866.9046630859375
873.4845581054688
817.5552368164062
792.8805541992188
853.7448120117188
870.194580078125
712.2764892578125
582.3230590820312
848.8098754882812
865.2596435546875
817.5552368164062
582.3230590820312
847.1648559570312
858.6797485351562
712.2764892578125
371.76556396484375
861.9697265625
860.32470703125
817.5552368164062
792.8805541992188
860.32470703125
870.194580078125
712.2764892578125
371.76556396484375
855.3897705078125
881.70947265625
606.9977416992188
371.76556396484375
865.2596435546875
876.7745361328125
817.5552368164062
1003.43798828125
848.8098754882812
875.1295166015625
606.9977416992188
371.76556396484375
852.0997924804688
857.0347290039062
817.5552368164062
1003.43798828125
842.2299194335938
868.5496215820312
817.5552368164062
792.8805541992188
842.2299194335938
870.194580078125
606.9977416992188
582.3230590820312
858.6797485351562
860.32470703125
817.5552368164062
1003.43798828125
852.0997924804688
865.2596435546875
817.5552368164062
1003.43798828125
855.3897705078125
870.194580078125
712.2764892578125
792.8805541992188
855.3897705078125
865.2596435546875
817.5552368164062
1003.43798828125
847.1648559570312
870.194580078125
712.2764892578125
792.8805541992188
850.454833984375
868.5496215820312
712.2764892578125
792.8805541992188
850.454833984375
863.6146850585938
922.833984375
1003.43798828125
848.8098754882812
866.9046630859375
922.833984375
1003.43798828125
845.5198974609375
870.194580078125
922.833984375
1003.43798828125
842.2299194335938
871.839599609375
817.5552368164062
792.8805541992188
852.0997924804688
871.839599609375
817.5552368164062
792.8805541992188
847.1648559570312
871.839599609375
817.5552368164062
792.8805541992188
845.5198974609375
858.6797485351562
922.833984375
1003.43798828125
837.2949829101562
858.6797485351562
817.5552368164062
792.8805541992188
835.6500244140625
855.3897705078125
817.5552368164062
1003.43798828125
830.715087890625
852.0997924804688
606.9977416992188
371.76556396484375
845.5198974609375
860.32470703125
291.1615295410156
161.20806884765625
845.5198974609375
837.2949829101562
922.833984375
1424.552978515625
819.2001953125
847.1648559570312
817.5552368164062
1003.43798828125
822.4901733398438
848.8098754882812
712.2764892578125
1003.43798828125
827.4251098632812
847.1648559570312
922.833984375
1424.552978515625
817.5552368164062
855.3897705078125
817.5552368164062
1213.9954833984375
834.0050048828125
850.454833984375
817.5552368164062
1213.9954833984375
832.3600463867188
847.1648559570312
1028.1126708984375
1424.552978515625
819.2001953125
858.6797485351562
712.2764892578125
792.8805541992188
834.0050048828125
861.9697265625
712.2764892578125
792.8805541992188
842.2299194335938
855.3897705078125
817.5552368164062
1003.43798828125
834.0050048828125
858.6797485351562
922.833984375
1003.43798828125
825.7801513671875
858.6797485351562
712.2764892578125
582.3230590820312
834.0050048828125
853.7448120117188
764.9158325195312
792.8805541992188
838.9400024414062
845.5198974609375
922.833984375
1213.9954833984375
824.1351318359375
845.5198974609375
817.5552368164062
1213.9954833984375
832.3600463867188
845.5198974609375
817.5552368164062
1424.552978515625
822.4901733398438
845.5198974609375
764.9158325195312
1213.9954833984375
820.84521484375
845.5198974609375
712.2764892578125
1213.9954833984375
838.9400024414062
842.2299194335938
1028.1126708984375
1635.1104736328125
817.5552368164062
847.1648559570312
817.5552368164062
1003.43798828125
825.7801513671875
845.5198974609375
817.5552368164062
1003.43798828125
829.070068359375
845.5198974609375
975.4733276367188
1213.9954833984375
825.7801513671875
842.2299194335938
817.5552368164062
792.8805541992188
830.715087890625
843.8749389648438
817.5552368164062
792.8805541992188
827.4251098632812
845.5198974609375
817.5552368164062
792.8805541992188
825.7801513671875
843.8749389648438
1028.1126708984375
1003.43798828125
825.7801513671875
850.454833984375
870.194580078125
582.3230590820312
825.7801513671875
845.5198974609375
764.9158325195312
582.3230590820312
824.1351318359375
842.2299194335938
705.6965942382812
427.69488525390625
825.7801513671875
837.2949829101562
600.4178466796875
638.2523803710938
825.7801513671875
837.2949829101562
810.9752807617188
1269.9248046875
824.1351318359375
847.1648559570312
705.6965942382812
954.088623046875
824.1351318359375
845.5198974609375
600.4178466796875
743.5311279296875
832.3600463867188
843.8749389648438
705.6965942382812
1059.3673095703125
829.070068359375
845.5198974609375
810.9752807617188
1164.6461181640625
827.4251098632812
848.8098754882812
810.9752807617188
1059.3673095703125
827.4251098632812
850.454833984375
810.9752807617188
1059.3673095703125
825.7801513671875
850.454833984375
810.9752807617188
1164.6461181640625
824.1351318359375
852.0997924804688
810.9752807617188
1059.3673095703125
824.1351318359375
855.3897705078125
916.2540283203125
1164.6461181640625
822.4901733398438
857.0347290039062
705.6965942382812
638.2523803710938
827.4251098632812
850.454833984375
705.6965942382812
638.2523803710938
830.715087890625
843.8749389648438
705.6965942382812
848.8098754882812
819.2001953125
845.5198974609375
916.2540283203125
1164.6461181640625
819.2001953125
850.454833984375
810.9752807617188
743.5311279296875
822.4901733398438
855.3897705078125
758.3359375
532.9736328125
822.4901733398438
852.0997924804688
863.6146850585938
743.5311279296875
827.4251098632812
861.9697265625
758.3359375
532.9736328125
829.070068359375
865.2596435546875
758.3359375
532.9736328125
832.3600463867188
858.6797485351562
758.3359375
532.9736328125
832.3600463867188
858.6797485351562
547.7784423828125
322.4161376953125
838.9400024414062
853.7448120117188
863.6146850585938
954.088623046875
829.070068359375
860.32470703125
758.3359375
743.5311279296875
829.070068359375
855.3897705078125
810.9752807617188
954.088623046875
824.1351318359375
861.9697265625
810.9752807617188
743.5311279296875
827.4251098632812
858.6797485351562
705.6965942382812
743.5311279296875
835.6500244140625
852.0997924804688
863.6146850585938
954.088623046875
834.0050048828125
855.3897705078125
916.2540283203125
954.088623046875
829.070068359375
855.3897705078125
758.3359375
532.9736328125
830.715087890625
855.3897705078125
810.9752807617188
743.5311279296875
825.7801513671875
858.6797485351562
810.9752807617188
743.5311279296875
829.070068359375
860.32470703125
968.8934326171875
954.088623046875
827.4251098632812
853.7448120117188
916.2540283203125
1164.6461181640625
822.4901733398438
847.1648559570312
1074.172119140625
1375.20361328125
817.5552368164062
857.0347290039062
810.9752807617188
743.5311279296875
835.6500244140625
855.3897705078125
653.0571899414062
743.5311279296875
835.6500244140625
852.0997924804688
1021.5327758789062
1375.20361328125
834.0050048828125
852.0997924804688
758.3359375
743.5311279296875
847.1648559570312
848.8098754882812
758.3359375
954.088623046875
834.0050048828125
848.8098754882812
758.3359375
954.088623046875
835.6500244140625
845.5198974609375
810.9752807617188
954.088623046875
830.715087890625
852.0997924804688
810.9752807617188
954.088623046875
832.3600463867188
852.0997924804688
916.2540283203125
954.088623046875
837.2949829101562
848.8098754882812
863.6146850585938
743.5311279296875
827.4251098632812
860.32470703125
653.0571899414062
532.9736328125
837.2949829101562
858.6797485351562
863.6146850585938
954.088623046875
827.4251098632812
863.6146850585938
810.9752807617188
743.5311279296875
825.7801513671875
860.32470703125
810.9752807617188
743.5311279296875
837.2949829101562
848.8098754882812
863.6146850585938
848.8098754882812
832.3600463867188
845.5198974609375
916.2540283203125
954.088623046875
834.0050048828125
847.1648559570312
810.9752807617188
743.5311279296875
835.6500244140625
852.0997924804688
810.9752807617188
848.8098754882812
842.2299194335938
853.7448120117188
810.9752807617188
743.5311279296875
835.6500244140625
857.0347290039062
653.0571899414062
532.9736328125
842.2299194335938
858.6797485351562
863.6146850585938
954.088623046875
838.9400024414062
852.0997924804688
968.8934326171875
954.088623046875
825.7801513671875
848.8098754882812
1179.450927734375
1164.6461181640625
822.4901733398438
853.7448120117188
705.6965942382812
322.4161376953125
834.0050048828125
840.5849609375
810.9752807617188
743.5311279296875
834.0050048828125
842.2299194335938
810.9752807617188
743.5311279296875
837.2949829101562
840.5849609375
863.6146850585938
848.8098754882812
824.1351318359375
835.6500244140625
916.2540283203125
848.8098754882812
825.7801513671875
842.2299194335938
758.3359375
532.9736328125
832.3600463867188
830.715087890625
653.0571899414062
427.69488525390625
819.2001953125
834.0050048828125
810.9752807617188
848.8098754882812
820.84521484375
840.5849609375
758.3359375
638.2523803710938
820.84521484375
842.2299194335938
653.0571899414062
532.9736328125
827.4251098632812
850.454833984375
547.7784423828125
322.4161376953125
837.2949829101562
850.454833984375
600.4178466796875
532.9736328125
827.4251098632812
840.5849609375
758.3359375
743.5311279296875
817.5552368164062
845.5198974609375
705.6965942382812
743.5311279296875
820.84521484375
847.1648559570312
758.3359375
848.8098754882812
824.1351318359375
848.8098754882812
758.3359375
848.8098754882812
824.1351318359375
850.454833984375
968.8934326171875
1269.9248046875
832.3600463867188
858.6797485351562
705.6965942382812
638.2523803710938
832.3600463867188
860.32470703125
653.0571899414062
638.2523803710938
829.070068359375
858.6797485351562
600.4178466796875
532.9736328125
838.9400024414062
858.6797485351562
758.3359375
848.8098754882812
829.070068359375
853.7448120117188
810.9752807617188
848.8098754882812
834.0050048828125
843.8749389648438
916.2540283203125
1059.3673095703125
827.4251098632812
850.454833984375
758.3359375
638.2523803710938
830.715087890625
850.454833984375
705.6965942382812
638.2523803710938
838.9400024414062
847.1648559570312
863.6146850585938
1059.3673095703125
834.0050048828125
840.5849609375
810.9752807617188
743.5311279296875
830.715087890625
850.454833984375
810.9752807617188
743.5311279296875
822.4901733398438
845.5198974609375
810.9752807617188
638.2523803710938
830.715087890625
842.2299194335938
705.6965942382812
427.69488525390625
837.2949829101562
842.2299194335938
1021.5327758789062
1164.6461181640625
819.2001953125
848.8098754882812
968.8934326171875
848.8098754882812
819.2001953125
840.5849609375
968.8934326171875
954.088623046875
819.2001953125
837.2949829101562
1021.5327758789062
954.088623046875
819.2001953125
847.1648559570312
758.3359375
638.2523803710938
835.6500244140625
848.8098754882812
758.3359375
743.5311279296875
832.3600463867188
848.8098754882812
758.3359375
848.8098754882812
824.1351318359375
853.7448120117188
968.8934326171875
1164.6461181640625
819.2001953125
850.454833984375
916.2540283203125
1164.6461181640625
825.7801513671875
843.8749389648438
968.8934326171875
1269.9248046875
820.84521484375
852.0997924804688
600.4178466796875
638.2523803710938
834.0050048828125
853.7448120117188
600.4178466796875
848.8098754882812
835.6500244140625
842.2299194335938
810.9752807617188
1164.6461181640625
819.2001953125
852.0997924804688
705.6965942382812
848.8098754882812
835.6500244140625
858.6797485351562
705.6965942382812
954.088623046875
837.2949829101562
852.0997924804688
810.9752807617188
1059.3673095703125
822.4901733398438
848.8098754882812
758.3359375
954.088623046875
830.715087890625
845.5198974609375
810.9752807617188
1164.6461181640625
829.070068359375
850.454833984375
968.8934326171875
1269.9248046875
825.7801513671875
861.9697265625
653.0571899414062
638.2523803710938
840.5849609375
860.32470703125
758.3359375
954.088623046875
840.5849609375
860.32470703125
916.2540283203125
1059.3673095703125
835.6500244140625
860.32470703125
705.6965942382812
638.2523803710938
835.6500244140625
858.6797485351562
705.6965942382812
743.5311279296875
840.5849609375
858.6797485351562
758.3359375
848.8098754882812
832.3600463867188
853.7448120117188
863.6146850585938
954.088623046875
822.4901733398438
858.6797485351562
758.3359375
743.5311279296875
838.9400024414062
865.2596435546875
810.9752807617188
848.8098754882812
837.2949829101562
861.9697265625
547.7784423828125
427.69488525390625
843.8749389648438
847.1648559570312
863.6146850585938
1059.3673095703125
829.070068359375
852.0997924804688
863.6146850585938
848.8098754882812
838.9400024414062
853.7448120117188
863.6146850585938
954.088623046875
834.0050048828125
866.9046630859375
1021.5327758789062
954.088623046875
840.5849609375
863.6146850585938
653.0571899414062
427.69488525390625
843.8749389648438
853.7448120117188
916.2540283203125
954.088623046875
832.3600463867188
852.0997924804688
916.2540283203125
848.8098754882812
837.2949829101562
855.3897705078125
968.8934326171875
848.8098754882812
842.2299194335938
848.8098754882812
863.6146850585938
638.2523803710938
834.0050048828125
852.0997924804688
916.2540283203125
848.8098754882812
827.4251098632812
848.8098754882812
916.2540283203125
848.8098754882812
830.715087890625
852.0997924804688
865.2596435546875
736.951171875
830.715087890625
857.0347290039062
917.8990478515625
842.2299194335938
834.0050048828125
850.454833984375
865.2596435546875
736.951171875
825.7801513671875
853.7448120117188
917.8990478515625
842.2299194335938
830.715087890625
848.8098754882812
759.9808959960938
631.6724243164062
834.0050048828125
847.1648559570312
917.8990478515625
947.5086669921875
834.0050048828125
857.0347290039062
707.341552734375
421.1149597167969
838.9400024414062
850.454833984375
707.341552734375
526.3937377929688
834.0050048828125
847.1648559570312
1286.3746337890625
1473.90234375
824.1351318359375
855.3897705078125
1023.1777954101562
736.951171875
832.3600463867188
853.7448120117188
917.8990478515625
631.6724243164062
842.2299194335938
863.6146850585938
917.8990478515625
631.6724243164062
835.6500244140625
857.0347290039062
865.2596435546875
631.6724243164062
842.2299194335938
857.0347290039062
865.2596435546875
631.6724243164062
840.5849609375
855.3897705078125
812.6203002929688
631.6724243164062
837.2949829101562
853.7448120117188
917.8990478515625
842.2299194335938
837.2949829101562
853.7448120117188
917.8990478515625
842.2299194335938
825.7801513671875
858.6797485351562
865.2596435546875
842.2299194335938
827.4251098632812
857.0347290039062
812.6203002929688
736.951171875
834.0050048828125
855.3897705078125
812.6203002929688
736.951171875
832.3600463867188
855.3897705078125
865.2596435546875
842.2299194335938
830.715087890625
858.6797485351562
865.2596435546875
842.2299194335938
830.715087890625
850.454833984375
812.6203002929688
789.590576171875
827.4251098632812
847.1648559570312
970.5383911132812
1105.4267578125
824.1351318359375
848.8098754882812
970.5383911132812
947.5086669921875
820.84521484375
847.1648559570312
812.6203002929688
579.0330810546875
827.4251098632812
845.5198974609375
865.2596435546875
789.590576171875
820.84521484375
838.9400024414062
1023.1777954101562
1105.4267578125
815.9102783203125
843.8749389648438
1023.1777954101562
1105.4267578125
822.4901733398438
850.454833984375
1075.817138671875
1158.066162109375
820.84521484375
857.0347290039062
759.9808959960938
473.75433349609375
832.3600463867188
857.0347290039062
707.341552734375
526.3937377929688
834.0050048828125
843.8749389648438
1023.1777954101562
1158.066162109375
820.84521484375
850.454833984375
1023.1777954101562
842.2299194335938
835.6500244140625
860.32470703125
917.8990478515625
736.951171875
842.2299194335938
860.32470703125
970.5383911132812
947.5086669921875
840.5849609375
863.6146850585938
1023.1777954101562
1052.7874755859375
838.9400024414062
866.9046630859375
917.8990478515625
842.2299194335938
838.9400024414062
861.9697265625
917.8990478515625
842.2299194335938
834.0050048828125
866.9046630859375
759.9808959960938
736.951171875
835.6500244140625
858.6797485351562
865.2596435546875
1052.7874755859375
837.2949829101562
850.454833984375
1023.1777954101562
1158.066162109375
837.2949829101562
858.6797485351562
707.341552734375
526.3937377929688
853.7448120117188
850.454833984375
970.5383911132812
1158.066162109375
837.2949829101562
861.9697265625
812.6203002929688
631.6724243164062
837.2949829101562
858.6797485351562
812.6203002929688
736.951171875
835.6500244140625
857.0347290039062
812.6203002929688
736.951171875
827.4251098632812
853.7448120117188
812.6203002929688
842.2299194335938
825.7801513671875
848.8098754882812
865.2596435546875
947.5086669921875
827.4251098632812
848.8098754882812
812.6203002929688
842.2299194335938
827.4251098632812
847.1648559570312
917.8990478515625
1052.7874755859375
837.2949829101562
852.0997924804688
865.2596435546875
842.2299194335938
840.5849609375
853.7448120117188
812.6203002929688
842.2299194335938
835.6500244140625
855.3897705078125
917.8990478515625
947.5086669921875
835.6500244140625
848.8098754882812
654.7021484375
526.3937377929688
830.715087890625
848.8098754882812
707.341552734375
842.2299194335938
827.4251098632812
845.5198974609375
865.2596435546875
1052.7874755859375
825.7801513671875
840.5849609375
970.5383911132812
1052.7874755859375
820.84521484375
850.454833984375
917.8990478515625
842.2299194335938
827.4251098632812
850.454833984375
812.6203002929688
631.6724243164062
835.6500244140625
855.3897705078125
812.6203002929688
631.6724243164062
842.2299194335938
852.0997924804688
812.6203002929688
736.951171875
842.2299194335938
847.1648559570312
917.8990478515625
842.2299194335938
834.0050048828125
853.7448120117188
759.9808959960938
631.6724243164062
837.2949829101562
855.3897705078125
759.9808959960938
631.6724243164062
843.8749389648438
847.1648559570312
865.2596435546875
842.2299194335938
829.070068359375
847.1648559570312
865.2596435546875
842.2299194335938
835.6500244140625
837.2949829101562
865.2596435546875
947.5086669921875
824.1351318359375
842.2299194335938
865.2596435546875
947.5086669921875
827.4251098632812
847.1648559570312
496.7840576171875
315.8362121582031
843.8749389648438
838.9400024414062
917.8990478515625
1263.3448486328125
829.070068359375
842.2299194335938
759.9808959960938
631.6724243164062
832.3600463867188
843.8749389648438
707.341552734375
736.951171875
832.3600463867188
847.1648559570312
707.341552734375
736.951171875
838.9400024414062
845.5198974609375
812.6203002929688
947.5086669921875
830.715087890625
847.1648559570312
1023.1777954101562
1263.3448486328125
824.1351318359375
848.8098754882812
812.6203002929688
631.6724243164062
829.070068359375
843.8749389648438
812.6203002929688
631.6724243164062
827.4251098632812
838.9400024414062
812.6203002929688
526.3937377929688
838.9400024414062
845.5198974609375
707.341552734375
421.1149597167969
840.5849609375
845.5198974609375
917.8990478515625
947.5086669921875
827.4251098632812
840.5849609375
1128.45654296875
1158.066162109375
824.1351318359375
853.7448120117188
812.6203002929688
526.3937377929688
832.3600463867188
843.8749389648438
1023.1777954101562
1158.066162109375
829.070068359375
845.5198974609375
1023.1777954101562
947.5086669921875
834.0050048828125
850.454833984375
812.6203002929688
736.951171875
840.5849609375
848.8098754882812
917.8990478515625
947.5086669921875
834.0050048828125
852.0997924804688
812.6203002929688
526.3937377929688
840.5849609375
852.0997924804688
917.8990478515625
736.951171875
830.715087890625
850.454833984375
1023.1777954101562
736.951171875
827.4251098632812
853.7448120117188
812.6203002929688
315.8362121582031
837.2949829101562
855.3897705078125
1023.1777954101562
736.951171875
838.9400024414062
855.3897705078125
917.8990478515625
526.3937377929688
838.9400024414062
842.2299194335938
917.8990478515625
736.951171875
840.5849609375
845.5198974609375
917.8990478515625
736.951171875
834.0050048828125
848.8098754882812
707.341552734375
315.8362121582031
835.6500244140625
842.2299194335938
917.8990478515625
947.5086669921875
825.7801513671875
842.2299194335938
812.6203002929688
736.951171875
819.2001953125
832.3600463867188
1128.45654296875
1579.18115234375
815.9102783203125
843.8749389648438
917.8990478515625
947.5086669921875
834.0050048828125
842.2299194335938
917.8990478515625
947.5086669921875
830.715087890625
845.5198974609375
1023.1777954101562
947.5086669921875
829.070068359375
842.2299194335938
812.6203002929688
526.3937377929688
835.6500244140625
835.6500244140625
1023.1777954101562
947.5086669921875
827.4251098632812
834.0050048828125
1023.1777954101562
947.5086669921875
824.1351318359375
837.2949829101562
1023.1777954101562
947.5086669921875
822.4901733398438
838.9400024414062
1128.45654296875
1158.066162109375
812.6203002929688
848.8098754882812
812.6203002929688
526.3937377929688
832.3600463867188
853.7448120117188
812.6203002929688
736.951171875
832.3600463867188
845.5198974609375
917.8990478515625
947.5086669921875
830.715087890625
840.5849609375
917.8990478515625
736.951171875
830.715087890625
848.8098754882812
917.8990478515625
736.951171875
832.3600463867188
837.2949829101562
917.8990478515625
736.951171875
834.0050048828125
845.5198974609375
1023.1777954101562
947.5086669921875
830.715087890625
848.8098754882812
917.8990478515625
947.5086669921875
834.0050048828125
838.9400024414062
1023.1777954101562
1368.6236572265625
834.0050048828125
848.8098754882812
812.6203002929688
947.5086669921875
842.2299194335938
852.0997924804688
707.341552734375
1158.066162109375
843.8749389648438
852.0997924804688
1023.1777954101562
1579.18115234375
829.070068359375
850.454833984375
812.6203002929688
947.5086669921875
829.070068359375
845.5198974609375
812.6203002929688
1158.066162109375
827.4251098632812
840.5849609375
917.8990478515625
1158.066162109375
824.1351318359375
843.8749389648438
917.8990478515625
1158.066162109375
819.2001953125
857.0347290039062
812.6203002929688
947.5086669921875
829.070068359375
857.0347290039062
812.6203002929688
947.5086669921875
834.0050048828125
857.0347290039062
812.6203002929688
947.5086669921875
830.715087890625
852.0997924804688
1023.1777954101562
1158.066162109375
827.4251098632812
855.3897705078125
707.341552734375
526.3937377929688
834.0050048828125
850.454833984375
1128.45654296875
1368.6236572265625
837.2949829101562
855.3897705078125
880.064453125
720.5014038085938
843.8749389648438
855.3897705078125
774.7857666015625
509.94390869140625
840.5849609375
842.2299194335938
985.3432006835938
1141.6163330078125
825.7801513671875
852.0997924804688
669.5070190429688
509.94390869140625
830.715087890625
857.0347290039062
669.5070190429688
509.94390869140625
837.2949829101562
857.0347290039062
774.7857666015625
720.5014038085938
835.6500244140625
855.3897705078125
564.228271484375
299.38641357421875
840.5849609375
847.1648559570312
774.7857666015625
931.0588989257812
830.715087890625
850.454833984375
880.064453125
931.0588989257812
838.9400024414062
860.32470703125
774.7857666015625
720.5014038085938
842.2299194335938
866.9046630859375
774.7857666015625
720.5014038085938
837.2949829101562
868.5496215820312
669.5070190429688
509.94390869140625
835.6500244140625
865.2596435546875
774.7857666015625
720.5014038085938
830.715087890625
855.3897705078125
985.3432006835938
931.0588989257812
827.4251098632812
855.3897705078125
880.064453125
720.5014038085938
835.6500244140625
852.0997924804688
774.7857666015625
509.94390869140625
843.8749389648438
853.7448120117188
774.7857666015625
720.5014038085938
835.6500244140625
852.0997924804688
880.064453125
720.5014038085938
834.0050048828125
853.7448120117188
880.064453125
615.22265625
834.0050048828125
857.0347290039062
880.064453125
615.22265625
837.2949829101562
857.0347290039062
932.703857421875
825.7801513671875
838.9400024414062
857.0347290039062
932.703857421875
720.5014038085938
842.2299194335938
865.2596435546875
827.4251098632812
615.22265625
835.6500244140625
858.6797485351562
932.703857421875
720.5014038085938
827.4251098632812
860.32470703125
669.5070190429688
299.38641357421875
834.0050048828125
852.0997924804688
774.7857666015625
720.5014038085938
832.3600463867188
843.8749389648438
985.3432006835938
1036.337646484375
825.7801513671875
838.9400024414062
932.703857421875
931.0588989257812
827.4251098632812
845.5198974609375
774.7857666015625
615.22265625
834.0050048828125
847.1648559570312
774.7857666015625
720.5014038085938
832.3600463867188
861.9697265625
827.4251098632812
825.7801513671875
848.8098754882812
855.3897705078125
774.7857666015625
720.5014038085938
843.8749389648438
845.5198974609375
774.7857666015625
720.5014038085938
830.715087890625
825.7801513671875
774.7857666015625
1141.6163330078125
825.7801513671875
822.4901733398438
669.5070190429688
720.5014038085938
817.5552368164062
829.070068359375
669.5070190429688
720.5014038085938
827.4251098632812
820.84521484375
774.7857666015625
720.5014038085938
825.7801513671875
810.9752807617188
774.7857666015625
720.5014038085938
825.7801513671875
804.3953857421875
985.3432006835938
931.0588989257812
819.2001953125
809.330322265625
774.7857666015625
299.38641357421875
830.715087890625
809.330322265625
985.3432006835938
720.5014038085938
832.3600463867188
812.6203002929688
985.3432006835938
509.94390869140625
829.070068359375
810.9752807617188
985.3432006835938
720.5014038085938
840.5849609375
812.6203002929688
1195.9007568359375
931.0588989257812
843.8749389648438
810.9752807617188
774.7857666015625
299.38641357421875
838.9400024414062
810.9752807617188
774.7857666015625
509.94390869140625
838.9400024414062
815.9102783203125
880.064453125
931.0588989257812
835.6500244140625
824.1351318359375
774.7857666015625
720.5014038085938
842.2299194335938
825.7801513671875
669.5070190429688
720.5014038085938
863.6146850585938
825.7801513671875
669.5070190429688
1141.6163330078125
860.32470703125
830.715087890625
774.7857666015625
1352.173828125
853.7448120117188
848.8098754882812
564.228271484375
931.0588989257812
866.9046630859375
852.0997924804688
669.5070190429688
1141.6163330078125
858.6797485351562
845.5198974609375
564.228271484375
720.5014038085938
861.9697265625
838.9400024414062
564.228271484375
720.5014038085938
858.6797485351562
842.2299194335938
880.064453125
1141.6163330078125
858.6797485351562
853.7448120117188
774.7857666015625
720.5014038085938
873.4845581054688
861.9697265625
669.5070190429688
720.5014038085938
876.7745361328125
852.0997924804688
880.064453125
1141.6163330078125
866.9046630859375
850.454833984375
880.064453125
1352.173828125
855.3897705078125
855.3897705078125
880.064453125
1141.6163330078125
855.3897705078125
853.7448120117188
985.3432006835938
1352.173828125
848.8098754882812
860.32470703125
774.7857666015625
720.5014038085938
861.9697265625
857.0347290039062
774.7857666015625
720.5014038085938
865.2596435546875
853.7448120117188
880.064453125
931.0588989257812
860.32470703125
860.32470703125
932.703857421875
1036.337646484375
858.6797485351562
866.9046630859375
827.4251098632812
931.0588989257812
863.6146850585938
861.9697265625
932.703857421875
1141.6163330078125
857.0347290039062
863.6146850585938
616.8676147460938
509.94390869140625
870.194580078125
857.0347290039062
722.1463623046875
1036.337646484375
858.6797485351562
871.839599609375
774.7857666015625
931.0588989257812
852.0997924804688
871.839599609375
616.8676147460938
720.5014038085938
860.32470703125
866.9046630859375
669.5070190429688
825.7801513671875
857.0347290039062
860.32470703125
774.7857666015625
931.0588989257812
857.0347290039062
852.0997924804688
880.064453125
1036.337646484375
848.8098754882812
855.3897705078125
827.4251098632812
825.7801513671875
848.8098754882812
865.2596435546875
774.7857666015625
720.5014038085938
852.0997924804688
863.6146850585938
616.8676147460938
615.22265625
855.3897705078125
863.6146850585938
616.8676147460938
720.5014038085938
852.0997924804688
860.32470703125
669.5070190429688
720.5014038085938
843.8749389648438
848.8098754882812
880.064453125
1141.6163330078125
840.5849609375
857.0347290039062
985.3432006835938
931.0588989257812
842.2299194335938
857.0347290039062
774.7857666015625
720.5014038085938
852.0997924804688
850.454833984375
1090.6219482421875
1352.173828125
843.8749389648438
870.194580078125
774.7857666015625
509.94390869140625
861.9697265625
855.3897705078125
774.7857666015625
720.5014038085938
845.5198974609375
845.5198974609375
774.7857666015625
720.5014038085938
827.4251098632812
857.0347290039062
564.228271484375
509.94390869140625
842.2299194335938
842.2299194335938
774.7857666015625
931.0588989257812
825.7801513671875
847.1648559570312
774.7857666015625
931.0588989257812
832.3600463867188
848.8098754882812
774.7857666015625
931.0588989257812
827.4251098632812
842.2299194335938
774.7857666015625
931.0588989257812
824.1351318359375
848.8098754882812
669.5070190429688
931.0588989257812
834.0050048828125
848.8098754882812
774.7857666015625
931.0588989257812
829.070068359375
855.3897705078125
564.228271484375
509.94390869140625
838.9400024414062
842.2299194335938
774.7857666015625
931.0588989257812
825.7801513671875
852.0997924804688
669.5070190429688
509.94390869140625
835.6500244140625
858.6797485351562
669.5070190429688
825.7801513671875
840.5849609375
852.0997924804688
774.7857666015625
1141.6163330078125
842.2299194335938
860.32470703125
564.228271484375
720.5014038085938
845.5198974609375
861.9697265625
564.228271484375
825.7801513671875
835.6500244140625
852.0997924804688
564.228271484375
825.7801513671875
837.2949829101562
850.454833984375
564.228271484375
720.5014038085938
835.6500244140625
847.1648559570312
774.7857666015625
1141.6163330078125
827.4251098632812
848.8098754882812
774.7857666015625
1036.337646484375
835.6500244140625
847.1648559570312
880.064453125
1141.6163330078125
832.3600463867188
850.454833984375
669.5070190429688
720.5014038085938
837.2949829101562
852.0997924804688
669.5070190429688
720.5014038085938
842.2299194335938
857.0347290039062
774.7857666015625
1036.337646484375
837.2949829101562
866.9046630859375
774.7857666015625
931.0588989257812
829.070068359375
865.2596435546875
669.5070190429688
720.5014038085938
835.6500244140625
853.7448120117188
880.064453125
1036.337646484375
838.9400024414062
860.32470703125
564.228271484375
299.38641357421875
837.2949829101562
853.7448120117188
564.228271484375
1141.6163330078125
832.3600463867188
861.9697265625
564.228271484375
931.0588989257812
838.9400024414062
865.2596435546875
458.94952392578125
931.0588989257812
840.5849609375
853.7448120117188
669.5070190429688
1352.173828125
830.715087890625
857.0347290039062
458.94952392578125
720.5014038085938
834.0050048828125
848.8098754882812
564.228271484375
931.0588989257812
834.0050048828125
845.5198974609375
564.228271484375
720.5014038085938
832.3600463867188
855.3897705078125
564.228271484375
720.5014038085938
842.2299194335938
845.5198974609375
774.7857666015625
1141.6163330078125
827.4251098632812
855.3897705078125
564.228271484375
720.5014038085938
832.3600463867188
852.0997924804688
774.7857666015625
1141.6163330078125
829.070068359375
850.454833984375
669.5070190429688
720.5014038085938
829.070068359375
853.7448120117188
669.5070190429688
720.5014038085938
835.6500244140625
847.1648559570312
774.7857666015625
720.5014038085938
827.4251098632812
843.8749389648438
774.7857666015625
720.5014038085938
832.3600463867188
847.1648559570312
774.7857666015625
720.5014038085938
838.9400024414062
860.32470703125
750.1110229492188
746.8211059570312
834.0050048828125
858.6797485351562
855.3897705078125
852.0997924804688
827.4251098632812
857.0347290039062
855.3897705078125
852.0997924804688
835.6500244140625
857.0347290039062
855.3897705078125
852.0997924804688
834.0050048828125
858.6797485351562
908.0291748046875
852.0997924804688
834.0050048828125
866.9046630859375
697.4716796875
536.2636108398438
847.1648559570312
858.6797485351562
802.7504272460938
852.0997924804688
843.8749389648438
855.3897705078125
1065.947265625
1273.21484375
832.3600463867188
853.7448120117188
908.0291748046875
852.0997924804688
832.3600463867188
863.6146850585938
802.7504272460938
746.8211059570312
830.715087890625
860.32470703125
697.4716796875
641.5423583984375
832.3600463867188
860.32470703125
802.7504272460938
957.3785400390625
830.715087890625
858.6797485351562
855.3897705078125
957.3785400390625
832.3600463867188
863.6146850585938
908.0291748046875
957.3785400390625
829.070068359375
870.194580078125
802.7504272460938
641.5423583984375
829.070068359375
858.6797485351562
697.4716796875
536.2636108398438
834.0050048828125
853.7448120117188
750.1110229492188
746.8211059570312
834.0050048828125
848.8098754882812
855.3897705078125
746.8211059570312
830.715087890625
847.1648559570312
908.0291748046875
746.8211059570312
834.0050048828125
850.454833984375
908.0291748046875
746.8211059570312
829.070068359375
850.454833984375
960.6685180664062
852.0997924804688
825.7801513671875
855.3897705078125
802.7504272460938
536.2636108398438
832.3600463867188
843.8749389648438
802.7504272460938
746.8211059570312
822.4901733398438
852.0997924804688
855.3897705078125
746.8211059570312
832.3600463867188
857.0347290039062
697.4716796875
536.2636108398438
835.6500244140625
845.5198974609375
1118.586669921875
1378.4935302734375
815.9102783203125
853.7448120117188
908.0291748046875
852.0997924804688
824.1351318359375
848.8098754882812
855.3897705078125
852.0997924804688
829.070068359375
850.454833984375
802.7504272460938
746.8211059570312
835.6500244140625
855.3897705078125
750.1110229492188
746.8211059570312
840.5849609375
848.8098754882812
802.7504272460938
852.0997924804688
834.0050048828125
842.2299194335938
855.3897705078125
957.3785400390625
820.84521484375
838.9400024414062
1013.307861328125
1167.93603515625
817.5552368164062
843.8749389648438
802.7504272460938
536.2636108398438
832.3600463867188
840.5849609375
908.0291748046875
1167.93603515625
820.84521484375
843.8749389648438
908.0291748046875
1062.6573486328125
820.84521484375
847.1648559570312
802.7504272460938
746.8211059570312
827.4251098632812
845.5198974609375
1013.307861328125
1167.93603515625
824.1351318359375
853.7448120117188
802.7504272460938
746.8211059570312
835.6500244140625
850.454833984375
802.7504272460938
852.0997924804688
830.715087890625
848.8098754882812
908.0291748046875
957.3785400390625
830.715087890625
852.0997924804688
908.0291748046875
957.3785400390625
829.070068359375
857.0347290039062
908.0291748046875
746.8211059570312
834.0050048828125
865.2596435546875
802.7504272460938
641.5423583984375
843.8749389648438
852.0997924804688
908.0291748046875
957.3785400390625
837.2949829101562
850.454833984375
908.0291748046875
957.3785400390625
840.5849609375
852.0997924804688
697.4716796875
325.70611572265625
838.9400024414062
845.5198974609375
1118.586669921875
1378.4935302734375
825.7801513671875
860.32470703125
1118.586669921875
1167.93603515625
830.715087890625
863.6146850585938
908.0291748046875
957.3785400390625
835.6500244140625
858.6797485351562
1013.307861328125
1378.4935302734375
835.6500244140625
860.32470703125
1013.307861328125
1167.93603515625
835.6500244140625
852.0997924804688
1013.307861328125
1167.93603515625
825.7801513671875
857.0347290039062
1013.307861328125
1167.93603515625
837.2949829101562
848.8098754882812
1118.586669921875
1378.4935302734375
829.070068359375
850.454833984375
1013.307861328125
1167.93603515625
834.0050048828125
845.5198974609375
1013.307861328125
1378.4935302734375
835.6500244140625
838.9400024414062
1223.8653564453125
1589.051025390625
825.7801513671875
848.8098754882812
802.7504272460938
746.8211059570312
840.5849609375
850.454833984375
908.0291748046875
957.3785400390625
829.070068359375
855.3897705078125
1013.307861328125
1167.93603515625
829.070068359375
857.0347290039062
1013.307861328125
1167.93603515625
824.1351318359375
860.32470703125
802.7504272460938
746.8211059570312
834.0050048828125
855.3897705078125
802.7504272460938
746.8211059570312
835.6500244140625
848.8098754882812
908.0291748046875
957.3785400390625
832.3600463867188
853.7448120117188
802.7504272460938
746.8211059570312
832.3600463867188
852.0997924804688
855.3897705078125
852.0997924804688
829.070068359375
852.0997924804688
908.0291748046875
852.0997924804688
832.3600463867188
853.7448120117188
960.6685180664062
852.0997924804688
827.4251098632812
853.7448120117188
855.3897705078125
641.5423583984375
834.0050048828125
852.0997924804688
908.0291748046875
746.8211059570312
827.4251098632812
850.454833984375
697.4716796875
325.70611572265625
830.715087890625
842.2299194335938
750.1110229492188
641.5423583984375
829.070068359375
838.9400024414062
1118.586669921875
1273.21484375
822.4901733398438
847.1648559570312
960.6685180664062
746.8211059570312
824.1351318359375
853.7448120117188
750.1110229492188
430.98486328125
824.1351318359375
855.3897705078125
750.1110229492188
430.98486328125
827.4251098632812
852.0997924804688
697.4716796875
325.70611572265625
824.1351318359375
853.7448120117188
908.0291748046875
852.0997924804688
817.5552368164062
850.454833984375
908.0291748046875
852.0997924804688
815.9102783203125
842.2299194335938
750.1110229492188
536.2636108398438
820.84521484375
845.5198974609375
644.832275390625
430.98486328125
825.7801513671875
838.9400024414062
750.1110229492188
746.8211059570312
825.7801513671875
847.1648559570312
750.1110229492188
641.5423583984375
825.7801513671875
853.7448120117188
644.832275390625
536.2636108398438
827.4251098632812
845.5198974609375
644.832275390625
536.2636108398438
822.4901733398438
838.9400024414062
434.2748107910156
325.70611572265625
824.1351318359375
830.715087890625
644.832275390625
957.3785400390625
815.9102783203125
835.6500244140625
644.832275390625
957.3785400390625
819.2001953125
843.8749389648438
434.2748107910156
430.98486328125
830.715087890625
842.2299194335938
855.3897705078125
1273.21484375
817.5552368164062
852.0997924804688
644.832275390625
641.5423583984375
825.7801513671875
855.3897705078125
644.832275390625
641.5423583984375
837.2949829101562
848.8098754882812
855.3897705078125
1167.93603515625
829.070068359375
842.2299194335938
750.1110229492188
746.8211059570312
829.070068359375
840.5849609375
750.1110229492188
746.8211059570312
825.7801513671875
838.9400024414062
750.1110229492188
746.8211059570312
829.070068359375
838.9400024414062
855.3897705078125
957.3785400390625
829.070068359375
845.5198974609375
855.3897705078125
852.0997924804688
837.2949829101562
843.8749389648438
855.3897705078125
957.3785400390625
834.0050048828125
845.5198974609375
855.3897705078125
957.3785400390625
832.3600463867188
840.5849609375
855.3897705078125
957.3785400390625
832.3600463867188
843.8749389648438
802.7504272460938
852.0997924804688
830.715087890625
847.1648559570312
908.0291748046875
1062.6573486328125
829.070068359375
847.1648559570312
644.832275390625
536.2636108398438
838.9400024414062
857.0347290039062
697.4716796875
852.0997924804688
842.2299194335938
848.8098754882812
1065.947265625
1378.4935302734375
829.070068359375
847.1648559570312
697.4716796875
536.2636108398438
838.9400024414062
850.454833984375
644.832275390625
536.2636108398438
835.6500244140625
835.6500244140625
855.3897705078125
852.0997924804688
835.6500244140625
838.9400024414062
1118.586669921875
1273.21484375
830.715087890625
848.8098754882812
802.7504272460938
641.5423583984375
835.6500244140625
845.5198974609375
802.7504272460938
852.0997924804688
838.9400024414062
843.8749389648438
697.4716796875
746.8211059570312
837.2949829101562
848.8098754882812
592.1929321289062
746.8211059570312
838.9400024414062
845.5198974609375
960.6685180664062
1589.051025390625
822.4901733398438
853.7448120117188
802.7504272460938
957.3785400390625
829.070068359375
850.454833984375
750.1110229492188
957.3785400390625
834.0050048828125
843.8749389648438
802.7504272460938
957.3785400390625
832.3600463867188
850.454833984375
697.4716796875
852.0997924804688
835.6500244140625
845.5198974609375
750.1110229492188
957.3785400390625
834.0050048828125
843.8749389648438
802.7504272460938
957.3785400390625
829.070068359375
845.5198974609375
802.7504272460938
957.3785400390625
834.0050048828125
845.5198974609375
960.6685180664062
1167.93603515625
825.7801513671875
852.0997924804688
750.1110229492188
641.5423583984375
830.715087890625
848.8098754882812
697.4716796875
641.5423583984375
827.4251098632812
848.8098754882812
908.0291748046875
1062.6573486328125
817.5552368164062
848.8098754882812
750.1110229492188
641.5423583984375
815.9102783203125
850.454833984375
750.1110229492188
746.8211059570312
822.4901733398438
847.1648559570312
672.7969360351562
565.8732299804688
824.1351318359375
838.9400024414062
725.4363403320312
776.4307250976562
824.1351318359375
838.9400024414062
778.07568359375
776.4307250976562
819.2001953125
832.3600463867188
988.6331787109375
1197.545654296875
807.6853637695312
832.3600463867188
988.6331787109375
986.9882202148438
810.9752807617188
824.1351318359375
672.7969360351562
565.8732299804688
807.6853637695312
815.9102783203125
1041.2725830078125
1408.1031494140625
797.8154907226562
807.6853637695312
883.3544311523438
986.9882202148438
787.945556640625
802.7504272460938
988.6331787109375
1197.545654296875
779.720703125
804.3953857421875
988.6331787109375
1197.545654296875
783.0106201171875
787.945556640625
778.07568359375
986.9882202148438
766.5608520507812
768.205810546875
883.3544311523438
1197.545654296875
750.1110229492188
750.1110229492188
1041.2725830078125
1408.1031494140625
725.4363403320312
741.8861083984375
883.3544311523438
986.9882202148438
722.1463623046875
740.2411499023438
883.3544311523438
986.9882202148438
712.2764892578125
728.726318359375
935.9938354492188
986.9882202148438
695.82666015625
722.1463623046875
935.9938354492188
986.9882202148438
689.2467651367188
723.7913208007812
778.07568359375
723.7913208007812
687.601806640625
712.2764892578125
778.07568359375
776.4307250976562
672.7969360351562
715.5664672851562
778.07568359375
829.070068359375
669.5070190429688
713.9214477539062
778.07568359375
829.070068359375
664.5720825195312
715.5664672851562
778.07568359375
881.70947265625
661.2821044921875
712.2764892578125
778.07568359375
829.070068359375
671.1519775390625
715.5664672851562
567.5181884765625
460.594482421875
669.5070190429688
710.6315307617188
830.715087890625
1197.545654296875
661.2821044921875
720.5014038085938
935.9938354492188
1250.18505859375
659.6371459960938
723.7913208007812
725.4363403320312
723.7913208007812
659.6371459960938
718.8563842773438
725.4363403320312
723.7913208007812
666.217041015625
718.8563842773438
672.7969360351562
618.5126342773438
669.5070190429688
727.081298828125
672.7969360351562
671.1519775390625
677.7318725585938
735.3062133789062
883.3544311523438
1039.6275634765625
677.7318725585938
745.1760864257812
830.715087890625
776.4307250976562
682.6668701171875
745.1760864257812
778.07568359375
671.1519775390625
682.6668701171875
746.8211059570312
725.4363403320312
460.594482421875
692.5367431640625
748.466064453125
830.715087890625
671.1519775390625
687.601806640625
763.2708740234375
778.07568359375
460.594482421875
694.1817016601562
759.9808959960938
778.07568359375
460.594482421875
702.4066162109375
771.4957885742188
725.4363403320312
460.594482421875
712.2764892578125
763.2708740234375
672.7969360351562
460.594482421875
708.9865112304688
769.850830078125
988.6331787109375
881.70947265625
704.0515747070312
783.0106201171875
672.7969360351562
250.03701782226562
717.21142578125
783.0106201171875
672.7969360351562
250.03701782226562
730.3712768554688
787.945556640625
883.3544311523438
671.1519775390625
728.726318359375
781.3656616210938
988.6331787109375
881.70947265625
735.3062133789062
792.8805541992188
988.6331787109375
671.1519775390625
750.1110229492188
792.8805541992188
830.715087890625
460.594482421875
741.8861083984375
807.6853637695312
620.1575927734375
250.03701782226562
751.7560424804688
814.2652587890625
778.07568359375
671.1519775390625
761.6259155273438
807.6853637695312
778.07568359375
671.1519775390625
761.6259155273438
797.8154907226562
830.715087890625
776.4307250976562
763.2708740234375
802.7504272460938
935.9938354492188
881.70947265625
766.5608520507812
804.3953857421875
988.6331787109375
986.9882202148438
756.6909790039062
822.4901733398438
988.6331787109375
986.9882202148438
771.4957885742188
810.9752807617188
883.3544311523438
776.4307250976562
773.1407470703125
797.8154907226562
883.3544311523438
881.70947265625
758.3359375
820.84521484375
935.9938354492188
986.9882202148438
774.7857666015625
814.2652587890625
935.9938354492188
986.9882202148438
774.7857666015625
810.9752807617188
988.6331787109375
1092.2669677734375
778.07568359375
815.9102783203125
935.9938354492188
881.70947265625
787.945556640625
806.0403442382812
830.715087890625
671.1519775390625
771.4957885742188
827.4251098632812
988.6331787109375
986.9882202148438
791.2355346679688
832.3600463867188
1146.55126953125
1092.2669677734375
797.8154907226562
832.3600463867188
672.7969360351562
355.3157653808594
797.8154907226562
840.5849609375
830.715087890625
881.70947265625
814.2652587890625
847.1648559570312
830.715087890625
776.4307250976562
814.2652587890625
834.0050048828125
830.715087890625
1408.1031494140625
797.8154907226562
848.8098754882812
830.715087890625
1408.1031494140625
810.9752807617188
840.5849609375
514.8788452148438
986.9882202148438
806.0403442382812
843.8749389648438
409.60009765625
776.4307250976562
815.9102783203125
842.2299194335938
409.60009765625
776.4307250976562
825.7801513671875
825.7801513671875
620.1575927734375
1197.545654296875
807.6853637695312
838.9400024414062
514.8788452148438
986.9882202148438
827.4251098632812
840.5849609375
725.4363403320312
1197.545654296875
822.4901733398438
858.6797485351562
514.8788452148438
565.8732299804688
834.0050048828125
847.1648559570312
830.715087890625
1197.545654296875
819.2001953125
855.3897705078125
830.715087890625
776.4307250976562
837.2949829101562
863.6146850585938
620.1575927734375
565.8732299804688
845.5198974609375
848.8098754882812
830.715087890625
986.9882202148438
835.6500244140625
861.9697265625
935.9938354492188
986.9882202148438
850.454833984375
876.7745361328125
830.715087890625
565.8732299804688
858.6797485351562
876.7745361328125
830.715087890625
565.8732299804688
863.6146850585938
883.3544311523438
778.07568359375
671.1519775390625
884.9994506835938
889.9343872070312
935.9938354492188
1092.2669677734375
875.1295166015625
894.8693237304688
883.3544311523438
881.70947265625
881.70947265625
899.8042602539062
883.3544311523438
881.70947265625
893.2243041992188
903.09423828125
830.715087890625
776.4307250976562
894.8693237304688
909.6741333007812
778.07568359375
776.4307250976562
901.44921875
908.0291748046875
1146.55126953125
1513.3819580078125
896.5142822265625
922.833984375
988.6331787109375
986.9882202148438
908.0291748046875
932.703857421875
830.715087890625
776.4307250976562
916.2540283203125
934.3488159179688
830.715087890625
776.4307250976562
917.8990478515625
935.9938354492188
778.07568359375
671.1519775390625
926.1239624023438
934.3488159179688
988.6331787109375
1092.2669677734375
917.8990478515625
932.703857421875
1041.2725830078125
1092.2669677734375
911.319091796875
929.4138793945312
830.715087890625
671.1519775390625
914.6090698242188
934.3488159179688
830.715087890625
776.4307250976562
912.964111328125
926.1239624023438
883.3544311523438
986.9882202148438
912.964111328125
926.1239624023438
883.3544311523438
776.4307250976562
914.6090698242188
937.6387939453125
778.07568359375
565.8732299804688
924.4789428710938
935.9938354492188
778.07568359375
671.1519775390625
924.4789428710938
935.9938354492188
778.07568359375
671.1519775390625
927.7689208984375
934.3488159179688
778.07568359375
671.1519775390625
922.833984375
929.4138793945312
778.07568359375
671.1519775390625
914.6090698242188
937.6387939453125
725.4363403320312
565.8732299804688
911.319091796875
942.57373046875
620.1575927734375
460.594482421875
916.2540283203125
927.7689208984375
988.6331787109375
1197.545654296875
904.7391967773438
935.9938354492188
988.6331787109375
986.9882202148438
908.0291748046875
932.703857421875
830.715087890625
671.1519775390625
909.6741333007812
932.703857421875
725.4363403320312
565.8732299804688
912.964111328125
927.7689208984375
725.4363403320312
671.1519775390625
914.6090698242188
921.18896484375
778.07568359375
776.4307250976562
909.6741333007812
917.8990478515625
883.3544311523438
986.9882202148438
908.0291748046875
917.8990478515625
935.9938354492188
986.9882202148438
908.0291748046875
921.18896484375
830.715087890625
776.4307250976562
904.7391967773438
917.8990478515625
1041.2725830078125
1197.545654296875
903.09423828125
917.8990478515625
1146.55126953125
1197.545654296875
898.1592407226562
914.6090698242188
1041.2725830078125
986.9882202148438
901.44921875
906.3841552734375
1041.2725830078125
986.9882202148438
901.44921875
909.6741333007812
1041.2725830078125
986.9882202148438
898.1592407226562
903.09423828125
1041.2725830078125
986.9882202148438
889.9343872070312
904.7391967773438
1251.830078125
1408.1031494140625
881.70947265625
908.0291748046875
935.9938354492188
776.4307250976562
883.3544311523438
908.0291748046875
935.9938354492188
776.4307250976562
886.6444091796875
904.7391967773438
1041.2725830078125
986.9882202148438
883.3544311523438
898.1592407226562
1146.55126953125
1197.545654296875
876.7745361328125
904.7391967773438
1041.2725830078125
986.9882202148438
881.70947265625
896.5142822265625
1146.55126953125
1197.545654296875
870.194580078125
903.09423828125
725.4363403320312
355.3157653808594
876.7745361328125
894.8693237304688
830.715087890625
776.4307250976562
881.70947265625
884.9994506835938
968.8934326171875
1103.7818603515625
873.4845581054688
894.8693237304688
968.8934326171875
893.2243041992188
878.4194946289062
896.5142822265625
968.8934326171875
893.2243041992188
880.064453125
898.1592407226562
968.8934326171875
893.2243041992188
868.5496215820312
906.3841552734375
758.3359375
472.1093444824219
878.4194946289062
899.8042602539062
863.6146850585938
893.2243041992188
876.7745361328125
894.8693237304688
1074.172119140625
1314.3392333984375
868.5496215820312
896.5142822265625
863.6146850585938
893.2243041992188
876.7745361328125
886.6444091796875
1074.172119140625
1314.3392333984375
868.5496215820312
891.579345703125
653.0571899414062
261.5518798828125
873.4845581054688
881.70947265625
758.3359375
893.2243041992188
860.32470703125
876.7745361328125
863.6146850585938
893.2243041992188
852.0997924804688
876.7745361328125
863.6146850585938
893.2243041992188
850.454833984375
876.7745361328125
863.6146850585938
893.2243041992188
860.32470703125
871.839599609375
758.3359375
682.6668701171875
857.0347290039062
868.5496215820312
758.3359375
682.6668701171875
858.6797485351562
860.32470703125
1074.172119140625
1314.3392333984375
848.8098754882812
866.9046630859375
863.6146850585938
1103.7818603515625
855.3897705078125
866.9046630859375
863.6146850585938
1524.896728515625
855.3897705078125
865.2596435546875
968.8934326171875
1524.896728515625
848.8098754882812
871.839599609375
653.0571899414062
893.2243041992188
852.0997924804688
866.9046630859375
863.6146850585938
1314.3392333984375
845.5198974609375
871.839599609375
758.3359375
893.2243041992188
852.0997924804688
868.5496215820312
758.3359375
1103.7818603515625
847.1648559570312
865.2596435546875
1074.172119140625
1524.896728515625
838.9400024414062
868.5496215820312
968.8934326171875
1103.7818603515625
842.2299194335938
866.9046630859375
863.6146850585938
893.2243041992188
852.0997924804688
868.5496215820312
758.3359375
682.6668701171875
853.7448120117188
868.5496215820312
863.6146850585938
1103.7818603515625
847.1648559570312
871.839599609375
863.6146850585938
1103.7818603515625
842.2299194335938
868.5496215820312
968.8934326171875
1103.7818603515625
842.2299194335938
865.2596435546875
758.3359375
682.6668701171875
847.1648559570312
860.32470703125
758.3359375
682.6668701171875
848.8098754882812
852.0997924804688
653.0571899414062
893.2243041992188
843.8749389648438
847.1648559570312
968.8934326171875
1682.81494140625
835.6500244140625
857.0347290039062
758.3359375
1051.1424560546875
850.454833984375
857.0347290039062
758.3359375
1051.1424560546875
840.5849609375
873.4845581054688
547.7784423828125
840.5849609375
853.7448120117188
857.0347290039062
758.3359375
1261.699951171875
843.8749389648438
843.8749389648438
863.6146850585938
1261.699951171875
835.6500244140625
858.6797485351562
653.0571899414062
840.5849609375
842.2299194335938
847.1648559570312
863.6146850585938
1261.699951171875
829.070068359375
858.6797485351562
653.0571899414062
630.0274658203125
835.6500244140625
852.0997924804688
758.3359375
1051.1424560546875
840.5849609375
850.454833984375
758.3359375
840.5849609375
838.9400024414062
861.9697265625
653.0571899414062
840.5849609375
845.5198974609375
860.32470703125
863.6146850585938
1051.1424560546875
845.5198974609375
865.2596435546875
653.0571899414062
630.0274658203125
848.8098754882812
855.3897705078125
968.8934326171875
1261.699951171875
838.9400024414062
860.32470703125
863.6146850585938
630.0274658203125
843.8749389648438
860.32470703125
810.9752807617188
630.0274658203125
835.6500244140625
853.7448120117188
863.6146850585938
735.3062133789062
840.5849609375
857.0347290039062
863.6146850585938
840.5849609375
842.2299194335938
858.6797485351562
863.6146850585938
735.3062133789062
842.2299194335938
861.9697265625
863.6146850585938
735.3062133789062
853.7448120117188
858.6797485351562
863.6146850585938
735.3062133789062
845.5198974609375
860.32470703125
810.9752807617188
735.3062133789062
847.1648559570312
860.32470703125
1021.5327758789062
1156.421142578125
840.5849609375
870.194580078125
705.6965942382812
524.7487182617188
842.2299194335938
868.5496215820312
758.3359375
630.0274658203125
847.1648559570312
860.32470703125
705.6965942382812
524.7487182617188
850.454833984375
852.0997924804688
810.9752807617188
945.8637084960938
837.2949829101562
860.32470703125
916.2540283203125
945.8637084960938
834.0050048828125
860.32470703125
705.6965942382812
630.0274658203125
832.3600463867188
861.9697265625
705.6965942382812
630.0274658203125
832.3600463867188
860.32470703125
810.9752807617188
735.3062133789062
838.9400024414062
860.32470703125
810.9752807617188
524.7487182617188
848.8098754882812
863.6146850585938
705.6965942382812
419.4700012207031
845.5198974609375
861.9697265625
758.3359375
524.7487182617188
840.5849609375
863.6146850585938
758.3359375
524.7487182617188
842.2299194335938
868.5496215820312
758.3359375
524.7487182617188
842.2299194335938
861.9697265625
810.9752807617188
630.0274658203125
838.9400024414062
866.9046630859375
810.9752807617188
524.7487182617188
842.2299194335938
863.6146850585938
758.3359375
524.7487182617188
835.6500244140625
853.7448120117188
916.2540283203125
840.5849609375
838.9400024414062
860.32470703125
863.6146850585938
630.0274658203125
843.8749389648438
863.6146850585938
653.0571899414062
419.4700012207031
838.9400024414062
861.9697265625
916.2540283203125
945.8637084960938
840.5849609375
871.839599609375
916.2540283203125
735.3062133789062
840.5849609375
861.9697265625
758.3359375
524.7487182617188
840.5849609375
848.8098754882812
810.9752807617188
735.3062133789062
837.2949829101562
853.7448120117188
810.9752807617188
524.7487182617188
837.2949829101562
853.7448120117188
600.4178466796875
0.0
840.5849609375
845.5198974609375
1232.09033203125
1263.3448486328125
824.1351318359375
847.1648559570312
916.2540283203125
421.1149597167969
825.7801513671875
838.9400024414062
705.6965942382812
421.1149597167969
820.84521484375
830.715087890625
1021.5327758789062
1052.7874755859375
814.2652587890625
825.7801513671875
810.9752807617188
421.1149597167969
804.3953857421875
814.2652587890625
810.9752807617188
631.6724243164062
794.5255126953125
796.1704711914062
810.9752807617188
842.2299194335938
773.1407470703125
781.3656616210938
810.9752807617188
842.2299194335938
751.7560424804688
766.5608520507812
600.4178466796875
421.1149597167969
746.8211059570312
740.2411499023438
810.9752807617188
842.2299194335938
718.8563842773438
717.21142578125
705.6965942382812
421.1149597167969
700.7615966796875
692.5367431640625
810.9752807617188
842.2299194335938
676.0869140625
676.0869140625
810.9752807617188
842.2299194335938
656.34716796875
644.832275390625
810.9752807617188
842.2299194335938
620.1575927734375
631.6724243164062
1021.5327758789062
1263.3448486328125
602.0628051757812
625.092529296875
600.4178466796875
631.6724243164062
605.352783203125
606.9977416992188
916.2540283203125
1682.81494140625
585.6129760742188
620.1575927734375
916.2540283203125
1261.699951171875
595.48291015625
623.4475708007812
705.6965942382812
1051.1424560546875
602.0628051757812
621.8025512695312
810.9752807617188
1261.699951171875
597.1278686523438
631.6724243164062
705.6965942382812
1051.1424560546875
603.707763671875
630.0274658203125
705.6965942382812
1051.1424560546875
613.5776977539062
646.477294921875
916.2540283203125
1472.2574462890625
618.5126342773438
657.9921264648438
1021.5327758789062
1472.2574462890625
623.4475708007812
681.0218505859375
810.9752807617188
840.5849609375
643.1873168945312
690.8917236328125
810.9752807617188
840.5849609375
662.9270629882812
708.9865112304688
705.6965942382812
630.0274658203125
682.6668701171875
725.4363403320312
705.6965942382812
630.0274658203125
695.82666015625
733.6612548828125
1126.8115234375
1261.699951171875
695.82666015625
758.3359375
916.2540283203125
630.0274658203125
725.4363403320312
766.5608520507812
810.9752807617188
735.3062133789062
741.8861083984375
791.2355346679688
810.9752807617188
945.8637084960938
769.850830078125
817.5552368164062
1021.5327758789062
1366.9786376953125
794.5255126953125
825.7801513671875
1021.5327758789062
1261.699951171875
799.46044921875
842.2299194335938
916.2540283203125
1051.1424560546875
815.9102783203125
858.6797485351562
810.9752807617188
1051.1424560546875
838.9400024414062
870.194580078125
810.9752807617188
1156.421142578125
838.9400024414062
888.2893676757812
1021.5327758789062
1366.9786376953125
858.6797485351562
903.09423828125
916.2540283203125
1156.421142578125
871.839599609375
906.3841552734375
1021.5327758789062
1261.699951171875
870.194580078125
914.6090698242188
705.6965942382812
524.7487182617188
891.579345703125
916.2540283203125
916.2540283203125
1051.1424560546875
898.1592407226562
917.8990478515625
1021.5327758789062
1156.421142578125
906.3841552734375
934.3488159179688
916.2540283203125
840.5849609375
911.319091796875
937.6387939453125
916.2540283203125
1051.1424560546875
916.2540283203125
942.57373046875
1021.5327758789062
1051.1424560546875
917.8990478515625
947.5086669921875
562.583251953125
210.55747985839844
924.4789428710938
939.2837524414062
773.1407470703125
1052.7874755859375
922.833984375
954.088623046875
878.4194946289062
1052.7874755859375
926.1239624023438
954.088623046875
773.1407470703125
1052.7874755859375
926.1239624023438
952.443603515625
1088.9769287109375
1473.90234375
926.1239624023438
962.3134765625
667.8619995117188
631.6724243164062
944.2186889648438
954.088623046875
773.1407470703125
1052.7874755859375
934.3488159179688
962.3134765625
667.8619995117188
842.2299194335938
937.6387939453125
960.6685180664062
667.8619995117188
842.2299194335938
940.9287719726562
960.6685180664062
878.4194946289062
1263.3448486328125
924.4789428710938
962.3134765625
773.1407470703125
842.2299194335938
926.1239624023438
954.088623046875
983.6982421875
1263.3448486328125
921.18896484375
955.7335815429688
773.1407470703125
631.6724243164062
922.833984375
950.7986450195312
773.1407470703125
842.2299194335938
922.833984375
950.7986450195312
878.4194946289062
842.2299194335938
926.1239624023438
939.2837524414062
878.4194946289062
842.2299194335938
927.7689208984375
944.2186889648438
773.1407470703125
631.6724243164062
932.703857421875
942.57373046875
720.5014038085938
736.951171875
922.833984375
935.9938354492188
720.5014038085938
947.5086669921875
909.6741333007812
937.6387939453125
720.5014038085938
947.5086669921875
909.6741333007812
929.4138793945312
667.8619995117188
736.951171875
908.0291748046875
929.4138793945312
720.5014038085938
736.951171875
914.6090698242188
932.703857421875
562.583251953125
526.3937377929688
924.4789428710938
924.4789428710938
878.4194946289062
1158.066162109375
909.6741333007812
917.8990478515625
773.1407470703125
736.951171875
899.8042602539062
919.5440063476562
773.1407470703125
736.951171875
906.3841552734375
919.5440063476562
983.6982421875
947.5086669921875
891.579345703125
917.8990478515625
720.5014038085938
421.1149597167969
896.5142822265625
917.8990478515625
773.1407470703125
526.3937377929688
896.5142822265625
917.8990478515625
615.22265625
315.8362121582031
888.2893676757812
911.319091796875
878.4194946289062
1052.7874755859375
889.9343872070312
914.6090698242188
825.7801513671875
736.951171875
889.9343872070312
904.7391967773438
773.1407470703125
736.951171875
889.9343872070312
898.1592407226562
983.6982421875
736.951171875
888.2893676757812
898.1592407226562
667.8619995117188
0.0
893.2243041992188
894.8693237304688
1088.9769287109375
1052.7874755859375
886.6444091796875
898.1592407226562
878.4194946289062
421.1149597167969
886.6444091796875
908.0291748046875
667.8619995117188
421.1149597167969
894.8693237304688
906.3841552734375
983.6982421875
842.2299194335938
883.3544311523438
914.6090698242188
773.1407470703125
421.1149597167969
889.9343872070312
904.7391967773438
773.1407470703125
631.6724243164062
880.064453125
898.1592407226562
773.1407470703125
631.6724243164062
873.4845581054688
899.8042602539062
983.6982421875
1052.7874755859375
866.9046630859375
894.8693237304688
878.4194946289062
631.6724243164062
863.6146850585938
898.1592407226562
878.4194946289062
631.6724243164062
868.5496215820312
888.2893676757812
667.8619995117188
421.1149597167969
871.839599609375
883.3544311523438
773.1407470703125
842.2299194335938
871.839599609375
888.2893676757812
773.1407470703125
842.2299194335938
868.5496215820312
891.579345703125
773.1407470703125
842.2299194335938
866.9046630859375
888.2893676757812
825.7801513671875
947.5086669921875
865.2596435546875
876.7745361328125
1036.337646484375
1263.3448486328125
857.0347290039062
878.4194946289062
1036.337646484375
1263.3448486328125
857.0347290039062
881.70947265625
1036.337646484375
1263.3448486328125
857.0347290039062
886.6444091796875
825.7801513671875
842.2299194335938
860.32470703125
880.064453125
825.7801513671875
1052.7874755859375
863.6146850585938
876.7745361328125
825.7801513671875
1052.7874755859375
860.32470703125
873.4845581054688
878.4194946289062
1158.066162109375
853.7448120117188
876.7745361328125
878.4194946289062
1052.7874755859375
852.0997924804688
876.7745361328125
878.4194946289062
1158.066162109375
850.454833984375
878.4194946289062
1088.9769287109375
1368.6236572265625
850.454833984375
878.4194946289062
825.7801513671875
842.2299194335938
855.3897705078125
870.194580078125
1036.337646484375
1368.6236572265625
850.454833984375
873.4845581054688
773.1407470703125
736.951171875
860.32470703125
863.6146850585938
720.5014038085938
736.951171875
853.7448120117188
861.9697265625
931.0588989257812
1158.066162109375
845.5198974609375
865.2596435546875
615.22265625
526.3937377929688
852.0997924804688
860.32470703125
931.0588989257812
1368.6236572265625
843.8749389648438
863.6146850585938
931.0588989257812
947.5086669921875
847.1648559570312
868.5496215820312
825.7801513671875
947.5086669921875
850.454833984375
865.2596435546875
931.0588989257812
1158.066162109375
843.8749389648438
860.32470703125
720.5014038085938
736.951171875
840.5849609375
857.0347290039062
931.0588989257812
1158.066162109375
835.6500244140625
865.2596435546875
825.7801513671875
947.5086669921875
838.9400024414062
866.9046630859375
720.5014038085938
736.951171875
842.2299194335938
868.5496215820312
825.7801513671875
947.5086669921875
843.8749389648438
861.9697265625
825.7801513671875
947.5086669921875
845.5198974609375
855.3897705078125
931.0588989257812
1158.066162109375
840.5849609375
857.0347290039062
931.0588989257812
947.5086669921875
840.5849609375
866.9046630859375
931.0588989257812
947.5086669921875
847.1648559570312
861.9697265625
931.0588989257812
947.5086669921875
845.5198974609375
853.7448120117188
931.0588989257812
947.5086669921875
838.9400024414062
855.3897705078125
773.1407470703125
842.2299194335938
845.5198974609375
852.0997924804688
773.1407470703125
1052.7874755859375
837.2949829101562
852.0997924804688
931.0588989257812
1368.6236572265625
835.6500244140625
855.3897705078125
1036.337646484375
1368.6236572265625
832.3600463867188
860.32470703125
825.7801513671875
947.5086669921875
834.0050048828125
860.32470703125
720.5014038085938
842.2299194335938
835.6500244140625
860.32470703125
667.8619995117188
736.951171875
837.2949829101562
855.3897705078125
667.8619995117188
947.5086669921875
837.2949829101562
857.0347290039062
825.7801513671875
1263.3448486328125
832.3600463867188
858.6797485351562
773.1407470703125
1052.7874755859375
835.6500244140625
857.0347290039062
773.1407470703125
1052.7874755859375
830.715087890625
860.32470703125
931.0588989257812
1158.066162109375
834.0050048828125
855.3897705078125
720.5014038085938
736.951171875
835.6500244140625
848.8098754882812
720.5014038085938
736.951171875
845.5198974609375
842.2299194335938
825.7801513671875
1052.7874755859375
830.715087890625
842.2299194335938
878.4194946289062
1052.7874755859375
822.4901733398438
850.454833984375
667.8619995117188
631.6724243164062
827.4251098632812
847.1648559570312
667.8619995117188
631.6724243164062
829.070068359375
847.1648559570312
773.1407470703125
421.1149597167969
837.2949829101562
850.454833984375
615.22265625
210.55747985839844
835.6500244140625
850.454833984375
720.5014038085938
421.1149597167969
829.070068359375
855.3897705078125
615.22265625
210.55747985839844
835.6500244140625
852.0997924804688
509.94390869140625
210.55747985839844
840.5849609375
840.5849609375
983.6982421875
1052.7874755859375
822.4901733398438
842.2299194335938
931.0588989257812
631.6724243164062
817.5552368164062
852.0997924804688
720.5014038085938
421.1149597167969
822.4901733398438
850.454833984375
667.8619995117188
421.1149597167969
827.4251098632812
857.0347290039062
667.8619995117188
421.1149597167969
834.0050048828125
852.0997924804688
773.1407470703125
631.6724243164062
830.715087890625
858.6797485351562
878.4194946289062
842.2299194335938
834.0050048828125
863.6146850585938
825.7801513671875
631.6724243164062
832.3600463867188
865.2596435546875
720.5014038085938
631.6724243164062
837.2949829101562
861.9697265625
615.22265625
421.1149597167969
832.3600463867188
847.1648559570312
615.22265625
421.1149597167969
830.715087890625
850.454833984375
615.22265625
421.1149597167969
838.9400024414062
857.0347290039062
615.22265625
421.1149597167969
843.8749389648438
863.6146850585938
615.22265625
421.1149597167969
832.3600463867188
853.7448120117188
720.5014038085938
631.6724243164062
830.715087890625
855.3897705078125
720.5014038085938
421.1149597167969
830.715087890625
857.0347290039062
720.5014038085938
421.1149597167969
834.0050048828125
852.0997924804688
931.0588989257812
631.6724243164062
835.6500244140625
853.7448120117188
720.5014038085938
210.55747985839844
842.2299194335938
840.5849609375
931.0588989257812
842.2299194335938
819.2001953125
842.2299194335938
825.7801513671875
421.1149597167969
825.7801513671875
848.8098754882812
720.5014038085938
421.1149597167969
829.070068359375
845.5198974609375
931.0588989257812
842.2299194335938
820.84521484375
855.3897705078125
720.5014038085938
421.1149597167969
829.070068359375
840.5849609375
825.7801513671875
842.2299194335938
827.4251098632812
842.2299194335938
1010.0179443359375
1181.0958251953125
820.84521484375
847.1648559570312
694.1817016601562
759.9808959960938
832.3600463867188
842.2299194335938
799.46044921875
1181.0958251953125
829.070068359375
852.0997924804688
904.7391967773438
1181.0958251953125
830.715087890625
852.0997924804688
588.9029541015625
549.4234619140625
842.2299194335938
852.0997924804688
799.46044921875
1181.0958251953125
840.5849609375
855.3897705078125
694.1817016601562
759.9808959960938
837.2949829101562
852.0997924804688
588.9029541015625
654.7021484375
830.715087890625
853.7448120117188
799.46044921875
1075.817138671875
830.715087890625
850.454833984375
904.7391967773438
1075.817138671875
825.7801513671875
860.32470703125
904.7391967773438
1075.817138671875
832.3600463867188
855.3897705078125
904.7391967773438
1075.817138671875
829.070068359375
858.6797485351562
799.46044921875
759.9808959960938
832.3600463867188
857.0347290039062
799.46044921875
759.9808959960938
838.9400024414062
843.8749389648438
799.46044921875
865.2596435546875
825.7801513671875
853.7448120117188
799.46044921875
865.2596435546875
834.0050048828125
850.454833984375
1010.0179443359375
1286.3746337890625
829.070068359375
860.32470703125
957.3785400390625
1286.3746337890625
825.7801513671875
865.2596435546875
746.8211059570312
1286.3746337890625
830.715087890625
860.32470703125
852.0997924804688
1496.93212890625
822.4901733398438
860.32470703125
852.0997924804688
1496.93212890625
829.070068359375
853.7448120117188
746.8211059570312
1286.3746337890625
840.5849609375
847.1648559570312
799.46044921875
1496.93212890625
835.6500244140625
847.1648559570312
852.0997924804688
1496.93212890625
827.4251098632812
848.8098754882812
694.1817016601562
1286.3746337890625
825.7801513671875
848.8098754882812
1010.0179443359375
1682.81494140625
819.2001953125
861.9697265625
746.8211059570312
1051.1424560546875
832.3600463867188
861.9697265625
746.8211059570312
1051.1424560546875
837.2949829101562
855.3897705078125
799.46044921875
1051.1424560546875
840.5849609375
847.1648559570312
904.7391967773438
1261.699951171875
825.7801513671875
848.8098754882812
746.8211059570312
840.5849609375
832.3600463867188
852.0997924804688
746.8211059570312
840.5849609375
827.4251098632812
853.7448120117188
746.8211059570312
840.5849609375
825.7801513671875
855.3897705078125
852.0997924804688
1051.1424560546875
825.7801513671875
850.454833984375
852.0997924804688
1051.1424560546875
819.2001953125
850.454833984375
852.0997924804688
1051.1424560546875
827.4251098632812
855.3897705078125
536.2636108398438
419.4700012207031
834.0050048828125
847.1648559570312
641.5423583984375
840.5849609375
837.2949829101562
840.5849609375
746.8211059570312
840.5849609375
825.7801513671875
847.1648559570312
536.2636108398438
630.0274658203125
827.4251098632812
857.0347290039062
641.5423583984375
840.5849609375
825.7801513671875
840.5849609375
746.8211059570312
1051.1424560546875
815.9102783203125
845.5198974609375
746.8211059570312
840.5849609375
829.070068359375
847.1648559570312
746.8211059570312
840.5849609375
834.0050048828125
845.5198974609375
641.5423583984375
630.0274658203125
838.9400024414062
847.1648559570312
536.2636108398438
630.0274658203125
829.070068359375
847.1648559570312
746.8211059570312
1051.1424560546875
825.7801513671875
842.2299194335938
852.0997924804688
1051.1424560546875
817.5552368164062
852.0997924804688
746.8211059570312
630.0274658203125
827.4251098632812
847.1648559570312
746.8211059570312
630.0274658203125
827.4251098632812
842.2299194335938
852.0997924804688
840.5849609375
825.7801513671875
847.1648559570312
957.3785400390625
840.5849609375
830.715087890625
850.454833984375
852.0997924804688
630.0274658203125
842.2299194335938
857.0347290039062
957.3785400390625
630.0274658203125
835.6500244140625
857.0347290039062
746.8211059570312
208.91250610351562
832.3600463867188
855.3897705078125
746.8211059570312
419.4700012207031
835.6500244140625
858.6797485351562
957.3785400390625
630.0274658203125
834.0050048828125
863.6146850585938
957.3785400390625
630.0274658203125
840.5849609375
865.2596435546875
799.46044921875
208.91250610351562
845.5198974609375
860.32470703125
1010.0179443359375
840.5849609375
834.0050048828125
863.6146850585938
1010.0179443359375
840.5849609375
834.0050048828125
857.0347290039062
904.7391967773438
840.5849609375
835.6500244140625
855.3897705078125
1115.296630859375
1051.1424560546875
834.0050048828125
861.9697265625
746.8211059570312
419.4700012207031
840.5849609375
852.0997924804688
799.46044921875
630.0274658203125
838.9400024414062
853.7448120117188
799.46044921875
840.5849609375
840.5849609375
860.32470703125
694.1817016601562
840.5849609375
832.3600463867188
858.6797485351562
588.9029541015625
630.0274658203125
827.4251098632812
857.0347290039062
588.9029541015625
630.0274658203125
822.4901733398438
857.0347290039062
483.62420654296875
630.0274658203125
829.070068359375
853.7448120117188
694.1817016601562
1051.1424560546875
832.3600463867188
863.6146850585938
694.1817016601562
840.5849609375
838.9400024414062
863.6146850585938
694.1817016601562
840.5849609375
840.5849609375
855.3897705078125
799.46044921875
840.5849609375
834.0050048828125
865.2596435546875
588.9029541015625
419.4700012207031
832.3600463867188
861.9697265625
694.1817016601562
630.0274658203125
838.9400024414062
857.0347290039062
694.1817016601562
630.0274658203125
829.070068359375
860.32470703125
904.7391967773438
1051.1424560546875
827.4251098632812
860.32470703125
799.46044921875
630.0274658203125
835.6500244140625
866.9046630859375
799.46044921875
630.0274658203125
838.9400024414062
865.2596435546875
694.1817016601562
419.4700012207031
845.5198974609375
855.3897705078125
483.62420654296875
840.5849609375
830.715087890625
852.0997924804688
694.1817016601562
1261.699951171875
830.715087890625
858.6797485351562
694.1817016601562
840.5849609375
832.3600463867188
858.6797485351562
694.1817016601562
840.5849609375
840.5849609375
858.6797485351562
483.62420654296875
208.91250610351562
848.8098754882812
850.454833984375
1115.296630859375
1472.2574462890625
824.1351318359375
853.7448120117188
694.1817016601562
208.91250610351562
840.5849609375
860.32470703125
694.1817016601562
419.4700012207031
843.8749389648438
852.0997924804688
904.7391967773438
840.5849609375
837.2949829101562
857.0347290039062
694.1817016601562
419.4700012207031
842.2299194335938
850.454833984375
904.7391967773438
840.5849609375
834.0050048828125
848.8098754882812
904.7391967773438
840.5849609375
838.9400024414062
852.0997924804688
904.7391967773438
840.5849609375
837.2949829101562
853.7448120117188
694.1817016601562
630.0274658203125
832.3600463867188
852.0997924804688
904.7391967773438
1261.699951171875
827.4251098632812
850.454833984375
694.1817016601562
419.4700012207031
830.715087890625
857.0347290039062
694.1817016601562
630.0274658203125
840.5849609375
847.1648559570312
1010.0179443359375
1261.699951171875
830.715087890625
840.5849609375
1010.0179443359375
1472.2574462890625
817.5552368164062
843.8749389648438
904.7391967773438
1261.699951171875
832.3600463867188
847.1648559570312
904.7391967773438
1261.699951171875
837.2949829101562
852.0997924804688
799.46044921875
1051.1424560546875
842.2299194335938
850.454833984375
799.46044921875
1051.1424560546875
840.5849609375
853.7448120117188
1010.0179443359375
1261.699951171875
825.7801513671875
852.0997924804688
904.7391967773438
1051.1424560546875
829.070068359375
857.0347290039062
1115.296630859375
1261.699951171875
825.7801513671875
860.32470703125
799.46044921875
630.0274658203125
835.6500244140625
848.8098754882812
799.46044921875
840.5849609375
837.2949829101562
850.454833984375
904.7391967773438
1051.1424560546875
832.3600463867188
857.0347290039062
799.46044921875
840.5849609375
837.2949829101562
858.6797485351562
799.46044921875
840.5849609375
843.8749389648438
863.6146850585938
904.7391967773438
840.5849609375
847.1648559570312
865.2596435546875
799.46044921875
945.8637084960938
847.1648559570312
852.0997924804688
694.1817016601562
735.3062133789062
837.2949829101562
837.2949829101562
799.46044921875
1051.1424560546875
824.1351318359375
835.6500244140625
694.1817016601562
630.0274658203125
817.5552368164062
837.2949829101562
483.62420654296875
419.4700012207031
822.4901733398438
832.3600463867188
799.46044921875
1156.421142578125
820.84521484375
834.0050048828125
694.1817016601562
630.0274658203125
814.2652587890625
834.0050048828125
694.1817016601562
630.0274658203125
819.2001953125
838.9400024414062
799.46044921875
840.5849609375
819.2001953125
840.5849609375
904.7391967773438
945.8637084960938
824.1351318359375
845.5198974609375
904.7391967773438
840.5849609375
824.1351318359375
850.454833984375
799.46044921875
524.7487182617188
827.4251098632812
848.8098754882812
694.1817016601562
524.7487182617188
829.070068359375
847.1648559570312
799.46044921875
735.3062133789062
824.1351318359375
848.8098754882812
799.46044921875
630.0274658203125
827.4251098632812
840.5849609375
1115.296630859375
1261.699951171875
819.2001953125
850.454833984375
720.5014038085938
411.2450866699219
829.070068359375
845.5198974609375
615.22265625
621.8025512695312
827.4251098632812
842.2299194335938
825.7801513671875
1042.91748046875
825.7801513671875
843.8749389648438
825.7801513671875
832.3600463867188
829.070068359375
850.454833984375
720.5014038085938
832.3600463867188
834.0050048828125
842.2299194335938
825.7801513671875
832.3600463867188
827.4251098632812
842.2299194335938
615.22265625
411.2450866699219
830.715087890625
842.2299194335938
825.7801513671875
1042.91748046875
824.1351318359375
843.8749389648438
825.7801513671875
1042.91748046875
827.4251098632812
845.5198974609375
615.22265625
832.3600463867188
838.9400024414062
830.715087890625
1036.337646484375
1464.032470703125
824.1351318359375
842.2299194335938
825.7801513671875
832.3600463867188
834.0050048828125
840.5849609375
931.0588989257812
1253.4749755859375
829.070068359375
853.7448120117188
825.7801513671875
832.3600463867188
830.715087890625
852.0997924804688
720.5014038085938
832.3600463867188
837.2949829101562
855.3897705078125
720.5014038085938
832.3600463867188
835.6500244140625
848.8098754882812
720.5014038085938
832.3600463867188
829.070068359375
845.5198974609375
931.0588989257812
832.3600463867188
832.3600463867188
847.1648559570312
825.7801513671875
832.3600463867188
832.3600463867188
852.0997924804688
825.7801513671875
832.3600463867188
832.3600463867188
860.32470703125
825.7801513671875
832.3600463867188
832.3600463867188
855.3897705078125
931.0588989257812
832.3600463867188
827.4251098632812
850.454833984375
720.5014038085938
411.2450866699219
834.0050048828125
842.2299194335938
931.0588989257812
832.3600463867188
834.0050048828125
845.5198974609375
720.5014038085938
411.2450866699219
842.2299194335938
843.8749389648438
720.5014038085938
621.8025512695312
822.4901733398438
843.8749389648438
931.0588989257812
832.3600463867188
820.84521484375
848.8098754882812
825.7801513671875
621.8025512695312
825.7801513671875
843.8749389648438
1036.337646484375
1042.91748046875
819.2001953125
845.5198974609375
825.7801513671875
621.8025512695312
824.1351318359375
848.8098754882812
825.7801513671875
621.8025512695312
824.1351318359375
842.2299194335938
931.0588989257812
832.3600463867188
824.1351318359375
852.0997924804688
931.0588989257812
832.3600463867188
829.070068359375
848.8098754882812
720.5014038085938
832.3600463867188
835.6500244140625
838.9400024414062
931.0588989257812
1253.4749755859375
827.4251098632812
847.1648559570312
615.22265625
621.8025512695312
832.3600463867188
853.7448120117188
615.22265625
621.8025512695312
835.6500244140625
857.0347290039062
825.7801513671875
1042.91748046875
830.715087890625
850.454833984375
615.22265625
621.8025512695312
835.6500244140625
838.9400024414062
615.22265625
621.8025512695312
842.2299194335938
842.2299194335938
825.7801513671875
832.3600463867188
838.9400024414062
837.2949829101562
615.22265625
411.2450866699219
838.9400024414062
837.2949829101562
615.22265625
411.2450866699219
834.0050048828125
838.9400024414062
931.0588989257812
1042.91748046875
830.715087890625
835.6500244140625
825.7801513671875
832.3600463867188
829.070068359375
848.8098754882812
720.5014038085938
832.3600463867188
835.6500244140625
852.0997924804688
931.0588989257812
1253.4749755859375
834.0050048828125
853.7448120117188
720.5014038085938
621.8025512695312
838.9400024414062
852.0997924804688
720.5014038085938
621.8025512695312
837.2949829101562
852.0997924804688
773.1407470703125
727.081298828125
842.2299194335938
852.0997924804688
773.1407470703125
727.081298828125
832.3600463867188
845.5198974609375
983.6982421875
1042.91748046875
830.715087890625
848.8098754882812
825.7801513671875
727.081298828125
838.9400024414062
858.6797485351562
931.0588989257812
937.6387939453125
834.0050048828125
857.0347290039062
667.8619995117188
516.5238037109375
837.2949829101562
853.7448120117188
931.0588989257812
1148.1962890625
830.715087890625
852.0997924804688
1141.6163330078125
1464.032470703125
822.4901733398438
848.8098754882812
825.7801513671875
621.8025512695312
827.4251098632812
865.2596435546875
825.7801513671875
727.081298828125
835.6500244140625
857.0347290039062
773.1407470703125
727.081298828125
834.0050048828125
855.3897705078125
773.1407470703125
832.3600463867188
834.0050048828125
860.32470703125
825.7801513671875
937.6387939453125
837.2949829101562
855.3897705078125
878.4194946289062
1042.91748046875
832.3600463867188
860.32470703125
720.5014038085938
621.8025512695312
842.2299194335938
848.8098754882812
773.1407470703125
937.6387939453125
837.2949829101562
845.5198974609375
878.4194946289062
1148.1962890625
834.0050048828125
847.1648559570312
562.583251953125
727.081298828125
838.9400024414062
845.5198974609375
667.8619995117188
937.6387939453125
829.070068359375
845.5198974609375
667.8619995117188
937.6387939453125
829.070068359375
843.8749389648438
667.8619995117188
937.6387939453125
825.7801513671875
843.8749389648438
667.8619995117188
937.6387939453125
827.4251098632812
837.2949829101562
667.8619995117188
937.6387939453125
815.9102783203125
829.070068359375
457.3045349121094
516.5238037109375
802.7504272460938
810.9752807617188
457.3045349121094
727.081298828125
792.8805541992188
786.3005981445312
773.1407470703125
1148.1962890625
763.2708740234375
781.3656616210938
562.583251953125
516.5238037109375
761.6259155273438
761.6259155273438
352.0257873535156
305.9663391113281
748.466064453125
732.0162353515625
983.6982421875
1148.1962890625
708.9865112304688
715.5664672851562
457.3045349121094
95.40885925292969
689.2467651367188
687.601806640625
878.4194946289062
1148.1962890625
659.6371459960938
676.0869140625
878.4194946289062
727.081298828125
648.1222534179688
664.5720825195312
667.8619995117188
516.5238037109375
639.8973388671875
649.7672119140625
983.6982421875
937.6387939453125
631.6724243164062
630.0274658203125
983.6982421875
1148.1962890625
610.2877197265625
633.3174438476562
983.6982421875
1148.1962890625
603.707763671875
644.832275390625
878.4194946289062
937.6387939453125
616.8676147460938
656.34716796875
983.6982421875
937.6387939453125
625.092529296875
677.7318725585938
773.1407470703125
727.081298828125
643.1873168945312
689.2467651367188
983.6982421875
1148.1962890625
648.1222534179688
712.2764892578125
983.6982421875
1148.1962890625
662.9270629882812
736.951171875
878.4194946289062
937.6387939453125
681.0218505859375
755.0459594726562
1194.2557373046875
1569.311279296875
697.4716796875
778.07568359375
878.4194946289062
937.6387939453125
730.3712768554688
796.1704711914062
878.4194946289062
1148.1962890625
743.5311279296875
804.3953857421875
983.6982421875
1148.1962890625
756.6909790039062
822.4901733398438
773.1407470703125
727.081298828125
778.07568359375
840.5849609375
773.1407470703125
727.081298828125
799.46044921875
850.454833984375
562.583251953125
516.5238037109375
809.330322265625
861.9697265625
562.583251953125
621.8025512695312
827.4251098632812
880.064453125
562.583251953125
727.081298828125
834.0050048828125
886.6444091796875
773.1407470703125
1042.91748046875
842.2299194335938
896.5142822265625
667.8619995117188
727.081298828125
857.0347290039062
898.1592407226562
562.583251953125
516.5238037109375
861.9697265625
894.8693237304688
667.8619995117188
937.6387939453125
861.9697265625
908.0291748046875
667.8619995117188
937.6387939453125
868.5496215820312
921.18896484375
667.8619995117188
832.3600463867188
880.064453125
926.1239624023438
667.8619995117188
937.6387939453125
883.3544311523438
917.8990478515625
773.1407470703125
1042.91748046875
893.2243041992188
927.7689208984375
667.8619995117188
727.081298828125
901.44921875
922.833984375
878.4194946289062
1253.4749755859375
893.2243041992188
932.703857421875
667.8619995117188
621.8025512695312
899.8042602539062
935.9938354492188
667.8619995117188
621.8025512695312
894.8693237304688
932.703857421875
667.8619995117188
621.8025512695312
899.8042602539062
935.9938354492188
878.4194946289062
832.3600463867188
898.1592407226562
935.9938354492188
878.4194946289062
411.2450866699219
903.09423828125
937.6387939453125
773.1407470703125
411.2450866699219
903.09423828125
927.7689208984375
983.6982421875
832.3600463867188
904.7391967773438
934.3488159179688
667.8619995117188
200.68760681152344
911.319091796875
924.4789428710938
773.1407470703125
621.8025512695312
911.319091796875
927.7689208984375
773.1407470703125
411.2450866699219
912.964111328125
927.7689208984375
667.8619995117188
411.2450866699219
914.6090698242188
919.544006347656