3000
4
860.32470703125
1158.066162109375
975.4733276367188
840.5849609375
840.5849609375
736.951171875
975.4733276367188
819.2001953125
838.9400024414062
1682.81494140625
1682.81494140625
820.84521484375
834.0050048828125
840.5849609375
840.5849609375
822.4901733398438
834.0050048828125
1051.1424560546875
1051.1424560546875
817.5552368164062
838.9400024414062
1051.1424560546875
840.5849609375
829.070068359375
825.7801513671875
1051.1424560546875
840.5849609375
820.84521484375
834.0050048828125
1472.2574462890625
1051.1424560546875
814.2652587890625
834.0050048828125
840.5849609375
419.4700012207031
822.4901733398438
834.0050048828125
1051.1424560546875
630.0274658203125
827.4251098632812
834.0050048828125
1472.2574462890625
1051.1424560546875
814.2652587890625
843.8749389648438
1051.1424560546875
630.0274658203125
830.715087890625
845.5198974609375
1051.1424560546875
840.5849609375
835.6500244140625
842.2299194335938
1261.699951171875
1051.1424560546875
825.7801513671875
848.8098754882812
419.4700012207031
419.4700012207031
834.0050048828125
850.454833984375
840.5849609375
840.5849609375
832.3600463867188
852.0997924804688
630.0274658203125
208.91250610351562
834.0050048828125
847.1648559570312
630.0274658203125
208.91250610351562
837.2949829101562
843.8749389648438
1261.699951171875
630.0274658203125
840.5849609375
840.5849609375
1472.2574462890625
840.5849609375
834.0050048828125
848.8098754882812
1472.2574462890625
840.5849609375
835.6500244140625
843.8749389648438
1051.1424560546875
630.0274658203125
835.6500244140625
845.5198974609375
1472.2574462890625
840.5849609375
829.070068359375
861.9697265625
840.5849609375
419.4700012207031
847.1648559570312
852.0997924804688
1682.81494140625
1051.1424560546875
842.2299194335938
863.6146850585938
840.5849609375
208.91250610351562
853.7448120117188
861.9697265625
840.5849609375
419.4700012207031
848.8098754882812
861.9697265625
840.5849609375
419.4700012207031
848.8098754882812
855.3897705078125
1261.699951171875
840.5849609375
842.2299194335938
860.32470703125
1261.699951171875
840.5849609375
842.2299194335938
860.32470703125
840.5849609375
630.0274658203125
848.8098754882812
853.7448120117188
1261.699951171875
1051.1424560546875
837.2949829101562
860.32470703125
794.5255126953125
705.6965942382812
845.5198974609375
861.9697265625
583.968017578125
705.6965942382812
848.8098754882812
861.9697265625
583.968017578125
810.9752807617188
843.8749389648438
860.32470703125
583.968017578125
810.9752807617188
842.2299194335938
861.9697265625
373.4105529785156
600.4178466796875
843.8749389648438
853.7448120117188
583.968017578125
916.2540283203125
838.9400024414062
858.6797485351562
373.4105529785156
600.4178466796875
842.2299194335938
860.32470703125
373.4105529785156
600.4178466796875
847.1648559570312
850.454833984375
1215.6405029296875
1337.3690185546875
830.715087890625
857.0347290039062
1005.0830078125
916.2540283203125
835.6500244140625
855.3897705078125
583.968017578125
600.4178466796875
840.5849609375
857.0347290039062
583.968017578125
495.1390686035156
838.9400024414062
847.1648559570312
794.5255126953125
810.9752807617188
837.2949829101562
852.0997924804688
794.5255126953125
810.9752807617188
837.2949829101562
850.454833984375
794.5255126953125
916.2540283203125
834.0050048828125
852.0997924804688
1005.0830078125
1021.5327758789062
830.715087890625
853.7448120117188
373.4105529785156
389.8603515625
840.5849609375
852.0997924804688
794.5255126953125
1021.5327758789062
830.715087890625
850.454833984375
583.968017578125
810.9752807617188
825.7801513671875
845.5198974609375
0.0
600.4178466796875
827.4251098632812
847.1648559570312
210.55747985839844
810.9752807617188
825.7801513671875
847.1648559570312
0.0
600.4178466796875
827.4251098632812
850.454833984375
421.1149597167969
1021.5327758789062
829.070068359375
847.1648559570312
421.1149597167969
810.9752807617188
824.1351318359375
843.8749389648438
210.55747985839844
600.4178466796875
827.4251098632812
840.5849609375
631.6724243164062
1021.5327758789062
824.1351318359375
848.8098754882812
421.1149597167969
600.4178466796875
830.715087890625
855.3897705078125
421.1149597167969
600.4178466796875
830.715087890625
850.454833984375
631.6724243164062
600.4178466796875
832.3600463867188
853.7448120117188
631.6724243164062
600.4178466796875
830.715087890625
857.0347290039062
631.6724243164062
600.4178466796875
827.4251098632812
848.8098754882812
1263.3448486328125
1021.5327758789062
825.7801513671875
857.0347290039062
210.55747985839844
179.3028564453125
832.3600463867188
852.0997924804688
842.2299194335938
810.9752807617188
835.6500244140625
847.1648559570312
1052.7874755859375
1021.5327758789062
830.715087890625
853.7448120117188
421.1149597167969
495.1390686035156
837.2949829101562
853.7448120117188
1052.7874755859375
1232.09033203125
832.3600463867188
853.7448120117188
842.2299194335938
916.2540283203125
835.6500244140625
853.7448120117188
631.6724243164062
810.9752807617188
834.0050048828125
855.3897705078125
842.2299194335938
1021.5327758789062
829.070068359375
857.0347290039062
421.1149597167969
495.1390686035156
840.5849609375
855.3897705078125
842.2299194335938
1021.5327758789062
830.715087890625
847.1648559570312
1052.7874755859375
1021.5327758789062
830.715087890625
852.0997924804688
1052.7874755859375
1021.5327758789062
832.3600463867188
843.8749389648438
842.2299194335938
705.6965942382812
825.7801513671875
847.1648559570312
842.2299194335938
705.6965942382812
834.0050048828125
853.7448120117188
1052.7874755859375
810.9752807617188
834.0050048828125
847.1648559570312
1052.7874755859375
916.2540283203125
832.3600463867188
857.0347290039062
1052.7874755859375
810.9752807617188
832.3600463867188
860.32470703125
1263.3448486328125
1021.5327758789062
830.715087890625
855.3897705078125
1263.3448486328125
916.2540283203125
829.070068359375
863.6146850585938
631.6724243164062
389.8603515625
838.9400024414062
858.6797485351562
1263.3448486328125
1021.5327758789062
840.5849609375
858.6797485351562
1263.3448486328125
810.9752807617188
838.9400024414062
861.9697265625
1052.7874755859375
705.6965942382812
838.9400024414062
857.0347290039062
1473.90234375
1126.8115234375
835.6500244140625
860.32470703125
1473.90234375
1021.5327758789062
834.0050048828125
866.9046630859375
1263.3448486328125
916.2540283203125
843.8749389648438
860.32470703125
1682.81494140625
1442.647705078125
834.0050048828125
870.194580078125
840.5849609375
600.4178466796875
842.2299194335938
865.2596435546875
840.5849609375
810.9752807617188
842.2299194335938
865.2596435546875
840.5849609375
916.2540283203125
843.8749389648438
861.9697265625
1051.1424560546875
1021.5327758789062
845.5198974609375
863.6146850585938
630.0274658203125
600.4178466796875
848.8098754882812
861.9697265625
630.0274658203125
705.6965942382812
843.8749389648438
855.3897705078125
840.5849609375
810.9752807617188
837.2949829101562
863.6146850585938
630.0274658203125
495.1390686035156
838.9400024414062
858.6797485351562
1051.1424560546875
705.6965942382812
835.6500244140625
865.2596435546875
1051.1424560546875
705.6965942382812
835.6500244140625
868.5496215820312
0.0
0.0
848.8098754882812
860.32470703125
842.2299194335938
842.2299194335938
838.9400024414062
866.9046630859375
631.6724243164062
526.3937377929688
840.5849609375
868.5496215820312
421.1149597167969
526.3937377929688
847.1648559570312
871.839599609375
631.6724243164062
631.6724243164062
845.5198974609375
866.9046630859375
842.2299194335938
947.5086669921875
837.2949829101562
868.5496215820312
842.2299194335938
842.2299194335938
835.6500244140625
865.2596435546875
421.1149597167969
631.6724243164062
835.6500244140625
866.9046630859375
210.55747985839844
526.3937377929688
838.9400024414062
861.9697265625
421.1149597167969
736.951171875
837.2949829101562
860.32470703125
421.1149597167969
631.6724243164062
838.9400024414062
860.32470703125
421.1149597167969
631.6724243164062
838.9400024414062
858.6797485351562
842.2299194335938
736.951171875
838.9400024414062
858.6797485351562
842.2299194335938
736.951171875
842.2299194335938
855.3897705078125
1263.3448486328125
1052.7874755859375
838.9400024414062
866.9046630859375
631.6724243164062
526.3937377929688
852.0997924804688
866.9046630859375
842.2299194335938
842.2299194335938
845.5198974609375
840.5849609375
842.2299194335938
842.2299194335938
822.4901733398438
832.3600463867188
631.6724243164062
736.951171875
812.6203002929688
817.5552368164062
1052.7874755859375
1158.066162109375
794.5255126953125
815.9102783203125
1052.7874755859375
1052.7874755859375
789.590576171875
819.2001953125
1052.7874755859375
1052.7874755859375
794.5255126953125
810.9752807617188
842.2299194335938
842.2299194335938
791.2355346679688
815.9102783203125
631.6724243164062
736.951171875
797.8154907226562
807.6853637695312
631.6724243164062
842.2299194335938
789.590576171875
801.1054077148438
631.6724243164062
842.2299194335938
789.590576171875
806.0403442382812
1473.90234375
1473.90234375
784.6556396484375
815.9102783203125
421.1149597167969
421.1149597167969
796.1704711914062
829.070068359375
315.8362121582031
526.3937377929688
814.2652587890625
822.4901733398438
947.5086669921875
947.5086669921875
804.3953857421875
825.7801513671875
842.2299194335938
842.2299194335938
810.9752807617188
832.3600463867188
315.8362121582031
526.3937377929688
817.5552368164062
830.715087890625
736.951171875
842.2299194335938
812.6203002929688
842.2299194335938
421.1149597167969
526.3937377929688
819.2001953125
829.070068359375
526.3937377929688
736.951171875
809.330322265625
834.0050048828125
842.2299194335938
842.2299194335938
809.330322265625
837.2949829101562
736.951171875
842.2299194335938
806.0403442382812
832.3600463867188
842.2299194335938
842.2299194335938
807.6853637695312
845.5198974609375
421.1149597167969
421.1149597167969
822.4901733398438
852.0997924804688
421.1149597167969
526.3937377929688
825.7801513671875
855.3897705078125
842.2299194335938
842.2299194335938
824.1351318359375
852.0997924804688
631.6724243164062
631.6724243164062
822.4901733398438
850.454833984375
526.3937377929688
631.6724243164062
825.7801513671875
848.8098754882812
526.3937377929688
631.6724243164062
827.4251098632812
853.7448120117188
947.5086669921875
1052.7874755859375
827.4251098632812
855.3897705078125
1158.066162109375
1263.3448486328125
825.7801513671875
853.7448120117188
1158.066162109375
1473.90234375
824.1351318359375
860.32470703125
947.5086669921875
1263.3448486328125
832.3600463867188
865.2596435546875
315.8362121582031
842.2299194335938
845.5198974609375
860.32470703125
736.951171875
1473.90234375
837.2949829101562
855.3897705078125
1158.066162109375
1682.81494140625
830.715087890625
852.0997924804688
526.3937377929688
1051.1424560546875
829.070068359375
848.8098754882812
526.3937377929688
1051.1424560546875
829.070068359375
840.5849609375
1158.066162109375
1472.2574462890625
825.7801513671875
843.8749389648438
736.951171875
1051.1424560546875
830.715087890625
840.5849609375
947.5086669921875
1261.699951171875
824.1351318359375
838.9400024414062
1158.066162109375
1261.699951171875
822.4901733398438
850.454833984375
105.27873992919922
419.4700012207031
837.2949829101562
845.5198974609375
736.951171875
1051.1424560546875
834.0050048828125
847.1648559570312
1158.066162109375
1051.1424560546875
832.3600463867188
857.0347290039062
588.9029541015625
562.583251953125
837.2949829101562
855.3897705078125
799.46044921875
773.1407470703125
837.2949829101562
855.3897705078125
1220.575439453125
1194.2557373046875
835.6500244140625
855.3897705078125
1220.575439453125
1194.2557373046875
834.0050048828125
852.0997924804688
1010.0179443359375
1194.2557373046875
837.2949829101562
857.0347290039062
1010.0179443359375
1194.2557373046875
835.6500244140625
861.9697265625
588.9029541015625
773.1407470703125
842.2299194335938
853.7448120117188
1220.575439453125
1404.813232421875
837.2949829101562
847.1648559570312
1682.81494140625
1615.3707275390625
822.4901733398438
853.7448120117188
840.5849609375
773.1407470703125
837.2949829101562
857.0347290039062
840.5849609375
983.6982421875
837.2949829101562
855.3897705078125
630.0274658203125
773.1407470703125
835.6500244140625
857.0347290039062
630.0274658203125
773.1407470703125
838.9400024414062
852.0997924804688
840.5849609375
983.6982421875
832.3600463867188
853.7448120117188
840.5849609375
983.6982421875
832.3600463867188
858.6797485351562
419.4700012207031
562.583251953125
835.6500244140625
861.9697265625
419.4700012207031
562.583251953125
837.2949829101562
855.3897705078125
630.0274658203125
1194.2557373046875
835.6500244140625
857.0347290039062
208.91250610351562
983.6982421875
840.5849609375
857.0347290039062
0.0
983.6982421875
842.2299194335938
855.3897705078125
0.0
983.6982421875
842.2299194335938
853.7448120117188
210.55747985839844
1194.2557373046875
832.3600463867188
863.6146850585938
0.0
983.6982421875
838.9400024414062
863.6146850585938
0.0
983.6982421875
837.2949829101562
861.9697265625
0.0
773.1407470703125
843.8749389648438
861.9697265625
0.0
773.1407470703125
843.8749389648438
843.8749389648438
1052.7874755859375
1615.3707275390625
827.4251098632812
845.5198974609375
631.6724243164062
983.6982421875
830.715087890625
850.454833984375
210.55747985839844
773.1407470703125
827.4251098632812
855.3897705078125
631.6724243164062
983.6982421875
830.715087890625
861.9697265625
210.55747985839844
773.1407470703125
838.9400024414062
857.0347290039062
631.6724243164062
983.6982421875
837.2949829101562
853.7448120117188
842.2299194335938
983.6982421875
837.2949829101562
853.7448120117188
631.6724243164062
773.1407470703125
840.5849609375
857.0347290039062
631.6724243164062
773.1407470703125
838.9400024414062
855.3897705078125
1052.7874755859375
1194.2557373046875
830.715087890625
860.32470703125
842.2299194335938
983.6982421875
830.715087890625
858.6797485351562
842.2299194335938
983.6982421875
832.3600463867188
857.0347290039062
1052.7874755859375
1194.2557373046875
834.0050048828125
853.7448120117188
631.6724243164062
773.1407470703125
840.5849609375
848.8098754882812
1052.7874755859375
1194.2557373046875
837.2949829101562
850.454833984375
1052.7874755859375
1194.2557373046875
837.2949829101562
855.3897705078125
1052.7874755859375
1194.2557373046875
838.9400024414062
857.0347290039062
1263.3448486328125
1194.2557373046875
835.6500244140625
860.32470703125
421.1149597167969
562.583251953125
842.2299194335938
857.0347290039062
631.6724243164062
773.1407470703125
837.2949829101562
855.3897705078125
631.6724243164062
773.1407470703125
837.2949829101562
857.0347290039062
842.2299194335938
983.6982421875
838.9400024414062
858.6797485351562
842.2299194335938
983.6982421875
840.5849609375
855.3897705078125
1263.3448486328125
1404.813232421875
832.3600463867188
861.9697265625
0.0
352.0257873535156
852.0997924804688
858.6797485351562
421.1149597167969
983.6982421875
850.454833984375
855.3897705078125
631.6724243164062
983.6982421875
845.5198974609375
860.32470703125
0.0
562.583251953125
848.8098754882812
858.6797485351562
631.6724243164062
983.6982421875
842.2299194335938
861.9697265625
631.6724243164062
983.6982421875
845.5198974609375
858.6797485351562
421.1149597167969
773.1407470703125
853.7448120117188
852.0997924804688
1052.7874755859375
1404.813232421875
845.5198974609375
860.32470703125
631.6724243164062
773.1407470703125
848.8098754882812
865.2596435546875
421.1149597167969
773.1407470703125
852.0997924804688
868.5496215820312
421.1149597167969
773.1407470703125
853.7448120117188
865.2596435546875
421.1149597167969
773.1407470703125
853.7448120117188
855.3897705078125
1052.7874755859375
1194.2557373046875
837.2949829101562
863.6146850585938
421.1149597167969
562.583251953125
842.2299194335938
861.9697265625
631.6724243164062
773.1407470703125
837.2949829101562
861.9697265625
842.2299194335938
983.6982421875
832.3600463867188
853.7448120117188
421.1149597167969
983.6982421875
832.3600463867188
848.8098754882812
1052.7874755859375
1682.81494140625
827.4251098632812
852.0997924804688
631.6724243164062
1051.1424560546875
837.2949829101562
855.3897705078125
210.55747985839844
840.5849609375
843.8749389648438
857.0347290039062
1052.7874755859375
1472.2574462890625
838.9400024414062
861.9697265625
842.2299194335938
1051.1424560546875
840.5849609375
861.9697265625
842.2299194335938
1051.1424560546875
843.8749389648438
857.0347290039062
842.2299194335938
1051.1424560546875
843.8749389648438
857.0347290039062
842.2299194335938
1051.1424560546875
848.8098754882812
863.6146850585938
842.2299194335938
1051.1424560546875
850.454833984375
858.6797485351562
1263.3448486328125
1261.699951171875
837.2949829101562
857.0347290039062
421.1149597167969
630.0274658203125
843.8749389648438
858.6797485351562
631.6724243164062
840.5849609375
847.1648559570312
857.0347290039062
1052.7874755859375
1051.1424560546875
838.9400024414062
863.6146850585938
631.6724243164062
630.0274658203125
847.1648559570312
866.9046630859375
421.1149597167969
524.7487182617188
845.5198974609375
863.6146850585938
421.1149597167969
314.1912536621094
855.3897705078125
861.9697265625
421.1149597167969
524.7487182617188
855.3897705078125
863.6146850585938
842.2299194335938
735.3062133789062
853.7448120117188
858.6797485351562
421.1149597167969
419.4700012207031
843.8749389648438
858.6797485351562
421.1149597167969
419.4700012207031
834.0050048828125
860.32470703125
210.55747985839844
208.91250610351562
845.5198974609375
858.6797485351562
421.1149597167969
630.0274658203125
843.8749389648438
861.9697265625
631.6724243164062
735.3062133789062
843.8749389648438
853.7448120117188
421.1149597167969
419.4700012207031
840.5849609375
858.6797485351562
421.1149597167969
419.4700012207031
840.5849609375
865.2596435546875
631.6724243164062
630.0274658203125
838.9400024414062
858.6797485351562
631.6724243164062
630.0274658203125
837.2949829101562
858.6797485351562
421.1149597167969
314.1912536621094
834.0050048828125
860.32470703125
421.1149597167969
314.1912536621094
832.3600463867188
843.8749389648438
1263.3448486328125
1156.421142578125
827.4251098632812
850.454833984375
1263.3448486328125
945.8637084960938
829.070068359375
853.7448120117188
1682.81494140625
1366.9786376953125
827.4251098632812
850.454833984375
1261.699951171875
735.3062133789062
829.070068359375
857.0347290039062
1261.699951171875
735.3062133789062
830.715087890625
858.6797485351562
1261.699951171875
945.8637084960938
830.715087890625
863.6146850585938
1261.699951171875
945.8637084960938
832.3600463867188
855.3897705078125
1682.81494140625
1156.421142578125
829.070068359375
860.32470703125
1261.699951171875
735.3062133789062
830.715087890625
857.0347290039062
1682.81494140625
1366.9786376953125
825.7801513671875
861.9697265625
1261.699951171875
945.8637084960938
830.715087890625
868.5496215820312
1261.699951171875
945.8637084960938
835.6500244140625
866.9046630859375
1261.699951171875
945.8637084960938
832.3600463867188
863.6146850585938
1261.699951171875
945.8637084960938
837.2949829101562
855.3897705078125
1682.81494140625
1366.9786376953125
830.715087890625
861.9697265625
840.5849609375
524.7487182617188
842.2299194335938
853.7448120117188
1261.699951171875
1156.421142578125
830.715087890625
857.0347290039062
630.0274658203125
524.7487182617188
834.0050048828125
858.6797485351562
208.91250610351562
524.7487182617188
835.6500244140625
857.0347290039062
419.4700012207031
945.8637084960938
829.070068359375
858.6797485351562
419.4700012207031
945.8637084960938
834.0050048828125
860.32470703125
0.0
524.7487182617188
837.2949829101562
852.0997924804688
210.55747985839844
735.3062133789062
832.3600463867188
858.6797485351562
210.55747985839844
735.3062133789062
838.9400024414062
852.0997924804688
210.55747985839844
735.3062133789062
837.2949829101562
861.9697265625
842.2299194335938
1156.421142578125
834.0050048828125
865.2596435546875
210.55747985839844
524.7487182617188
838.9400024414062
861.9697265625
631.6724243164062
945.8637084960938
838.9400024414062
870.194580078125
421.1149597167969
735.3062133789062
847.1648559570312
863.6146850585938
421.1149597167969
735.3062133789062
847.1648559570312
861.9697265625
421.1149597167969
735.3062133789062
847.1648559570312
855.3897705078125
421.1149597167969
735.3062133789062
843.8749389648438
857.0347290039062
842.2299194335938
945.8637084960938
829.070068359375
861.9697265625
590.5479125976562
580.6780395507812
835.6500244140625
858.6797485351562
590.5479125976562
580.6780395507812
824.1351318359375
860.32470703125
169.43296813964844
159.56309509277344
827.4251098632812
861.9697265625
0.0
159.56309509277344
840.5849609375
857.0347290039062
842.2299194335938
1001.7930297851562
834.0050048828125
863.6146850585938
421.1149597167969
580.6780395507812
838.9400024414062
858.6797485351562
421.1149597167969
580.6780395507812
845.5198974609375
852.0997924804688
1263.3448486328125
1422.907958984375
832.3600463867188
853.7448120117188
1263.3448486328125
1001.7930297851562
830.715087890625
855.3897705078125
842.2299194335938
580.6780395507812
835.6500244140625
858.6797485351562
842.2299194335938
580.6780395507812
832.3600463867188
857.0347290039062
842.2299194335938
580.6780395507812
834.0050048828125
852.0997924804688
842.2299194335938
580.6780395507812
837.2949829101562
850.454833984375
1263.3448486328125
1001.7930297851562
832.3600463867188
850.454833984375
1263.3448486328125
1001.7930297851562
838.9400024414062
858.6797485351562
842.2299194335938
580.6780395507812
842.2299194335938
850.454833984375
1263.3448486328125
1001.7930297851562
830.715087890625
848.8098754882812
1473.90234375
1212.3504638671875
827.4251098632812
848.8098754882812
1263.3448486328125
1001.7930297851562
830.715087890625
853.7448120117188
1263.3448486328125
1001.7930297851562
830.715087890625
858.6797485351562
1263.3448486328125
1001.7930297851562
834.0050048828125
855.3897705078125
1682.81494140625
1212.3504638671875
827.4251098632812
858.6797485351562
1261.699951171875
791.2355346679688
830.715087890625
858.6797485351562
1261.699951171875
791.2355346679688
832.3600463867188
866.9046630859375
840.5849609375
370.1205749511719
837.2949829101562
852.0997924804688
1682.81494140625
1422.907958984375
824.1351318359375
845.5198974609375
1682.81494140625
1422.907958984375
820.84521484375
848.8098754882812
840.5849609375
791.2355346679688
834.0050048828125
848.8098754882812
840.5849609375
791.2355346679688
830.715087890625
857.0347290039062
630.0274658203125
580.6780395507812
837.2949829101562
853.7448120117188
1051.1424560546875
1001.7930297851562
830.715087890625
852.0997924804688
1051.1424560546875
1001.7930297851562
830.715087890625
857.0347290039062
840.5849609375
791.2355346679688
834.0050048828125
861.9697265625
630.0274658203125
370.1205749511719
840.5849609375
858.6797485351562
630.0274658203125
370.1205749511719
842.2299194335938
853.7448120117188
1051.1424560546875
791.2355346679688
830.715087890625
855.3897705078125
630.0274658203125
370.1205749511719
837.2949829101562
855.3897705078125
630.0274658203125
370.1205749511719
837.2949829101562
861.9697265625
630.0274658203125
370.1205749511719
840.5849609375
855.3897705078125
630.0274658203125
370.1205749511719
842.2299194335938
852.0997924804688
840.5849609375
580.6780395507812
835.6500244140625
850.454833984375
630.0274658203125
370.1205749511719
837.2949829101562
848.8098754882812
1051.1424560546875
791.2355346679688
834.0050048828125
853.7448120117188
419.4700012207031
159.56309509277344
840.5849609375
845.5198974609375
1051.1424560546875
791.2355346679688
829.070068359375
852.0997924804688
840.5849609375
370.1205749511719
834.0050048828125
853.7448120117188
208.91250610351562
159.56309509277344
840.5849609375
853.7448120117188
1261.699951171875
1001.7930297851562
834.0050048828125
860.32470703125
630.0274658203125
370.1205749511719
842.2299194335938
860.32470703125
1472.2574462890625
1001.7930297851562
835.6500244140625
861.9697265625
1472.2574462890625
791.2355346679688
830.715087890625
860.32470703125
1051.1424560546875
580.6780395507812
837.2949829101562
857.0347290039062
1261.699951171875
791.2355346679688
838.9400024414062
858.6797485351562
840.5849609375
370.1205749511719
838.9400024414062
860.32470703125
1261.699951171875
791.2355346679688
834.0050048828125
861.9697265625
1261.699951171875
791.2355346679688
830.715087890625
861.9697265625
1051.1424560546875
580.6780395507812
834.0050048828125
848.8098754882812
1682.81494140625
1001.7930297851562
827.4251098632812
857.0347290039062
1051.1424560546875
370.1205749511719
835.6500244140625
855.3897705078125
1051.1424560546875
370.1205749511719
830.715087890625
860.32470703125
1051.1424560546875
370.1205749511719
832.3600463867188
857.0347290039062
1261.699951171875
791.2355346679688
830.715087890625
853.7448120117188
1261.699951171875
791.2355346679688
824.1351318359375
861.9697265625
1051.1424560546875
791.2355346679688
829.070068359375
855.3897705078125
1472.2574462890625
1212.3504638671875
819.2001953125
865.2596435546875
208.91250610351562
370.1205749511719
834.0050048828125
858.6797485351562
630.0274658203125
1001.7930297851562
829.070068359375
855.3897705078125
630.0274658203125
580.6780395507812
832.3600463867188
868.5496215820312
208.91250610351562
0.0
847.1648559570312
860.32470703125
1051.1424560546875
842.2299194335938
834.0050048828125
858.6797485351562
1051.1424560546875
842.2299194335938
834.0050048828125
863.6146850585938
630.0274658203125
421.1149597167969
840.5849609375
855.3897705078125
1051.1424560546875
842.2299194335938
838.9400024414062
858.6797485351562
1051.1424560546875
631.6724243164062
838.9400024414062
861.9697265625
630.0274658203125
421.1149597167969
843.8749389648438
852.0997924804688
1051.1424560546875
1052.7874755859375
830.715087890625
850.454833984375
1051.1424560546875
1052.7874755859375
829.070068359375
860.32470703125
630.0274658203125
631.6724243164062
837.2949829101562
857.0347290039062
630.0274658203125
842.2299194335938
827.4251098632812
861.9697265625
630.0274658203125
842.2299194335938
832.3600463867188
868.5496215820312
630.0274658203125
842.2299194335938
842.2299194335938
865.2596435546875
840.5849609375
842.2299194335938
837.2949829101562
860.32470703125
630.0274658203125
631.6724243164062
842.2299194335938
861.9697265625
419.4700012207031
631.6724243164062
838.9400024414062
857.0347290039062
840.5849609375
842.2299194335938
832.3600463867188
860.32470703125
419.4700012207031
421.1149597167969
840.5849609375
863.6146850585938
840.5849609375
631.6724243164062
842.2299194335938
863.6146850585938
840.5849609375
631.6724243164062
840.5849609375
847.1648559570312
1051.1424560546875
842.2299194335938
824.1351318359375
850.454833984375
1051.1424560546875
842.2299194335938
830.715087890625
853.7448120117188
630.0274658203125
421.1149597167969
838.9400024414062
858.6797485351562
208.91250610351562
210.55747985839844
847.1648559570312
860.32470703125
840.5849609375
842.2299194335938
842.2299194335938
857.0347290039062
840.5849609375
842.2299194335938
838.9400024414062
848.8098754882812
840.5849609375
842.2299194335938
834.0050048828125
852.0997924804688
840.5849609375
842.2299194335938
834.0050048828125
858.6797485351562
630.0274658203125
631.6724243164062
837.2949829101562
857.0347290039062
840.5849609375
842.2299194335938
835.6500244140625
848.8098754882812
1261.699951171875
1052.7874755859375
822.4901733398438
858.6797485351562
840.5849609375
631.6724243164062
832.3600463867188
853.7448120117188
840.5849609375
631.6724243164062
827.4251098632812
853.7448120117188
840.5849609375
631.6724243164062
829.070068359375
853.7448120117188
630.0274658203125
631.6724243164062
832.3600463867188
843.8749389648438
1261.699951171875
1052.7874755859375
825.7801513671875
847.1648559570312
1261.699951171875
1052.7874755859375
829.070068359375
850.454833984375
840.5849609375
842.2299194335938
834.0050048828125
857.0347290039062
1051.1424560546875
1052.7874755859375
838.9400024414062
852.0997924804688
1051.1424560546875
1052.7874755859375
832.3600463867188
855.3897705078125
1051.1424560546875
1052.7874755859375
829.070068359375
848.8098754882812
1261.699951171875
1263.3448486328125
824.1351318359375
853.7448120117188
630.0274658203125
631.6724243164062
832.3600463867188
852.0997924804688
1051.1424560546875
1052.7874755859375
827.4251098632812
852.0997924804688
1261.699951171875
1052.7874755859375
824.1351318359375
857.0347290039062
419.4700012207031
421.1149597167969
838.9400024414062
850.454833984375
840.5849609375
842.2299194335938
829.070068359375
855.3897705078125
840.5849609375
842.2299194335938
837.2949829101562
858.6797485351562
840.5849609375
842.2299194335938
832.3600463867188
861.9697265625
630.0274658203125
631.6724243164062
837.2949829101562
853.7448120117188
840.5849609375
842.2299194335938
830.715087890625
852.0997924804688
419.4700012207031
631.6724243164062
837.2949829101562
852.0997924804688
840.5849609375
1052.7874755859375
835.6500244140625
852.0997924804688
1051.1424560546875
1052.7874755859375
834.0050048828125
850.454833984375
630.0274658203125
842.2299194335938
838.9400024414062
840.5849609375
1261.699951171875
1263.3448486328125
820.84521484375
852.0997924804688
419.4700012207031
631.6724243164062
830.715087890625
852.0997924804688
840.5849609375
1052.7874755859375
830.715087890625
852.0997924804688
1051.1424560546875
1052.7874755859375
834.0050048828125
853.7448120117188
840.5849609375
842.2299194335938
830.715087890625
853.7448120117188
840.5849609375
842.2299194335938
829.070068359375
852.0997924804688
858.6797485351562
817.5552368164062
827.4251098632812
852.0997924804688
1069.2371826171875
606.9977416992188
825.7801513671875
857.0347290039062
858.6797485351562
396.4402770996094
835.6500244140625
853.7448120117188
858.6797485351562
606.9977416992188
830.715087890625
858.6797485351562
648.1222534179688
396.4402770996094
832.3600463867188
857.0347290039062
437.56475830078125
396.4402770996094
840.5849609375
842.2299194335938
1490.3521728515625
1238.670166015625
825.7801513671875
847.1648559570312
1279.794677734375
817.5552368164062
835.6500244140625
852.0997924804688
858.6797485351562
817.5552368164062
832.3600463867188
853.7448120117188
1490.3521728515625
1238.670166015625
825.7801513671875
857.0347290039062
648.1222534179688
606.9977416992188
832.3600463867188
848.8098754882812
1069.2371826171875
1028.1126708984375
827.4251098632812
850.454833984375
1279.794677734375
1028.1126708984375
822.4901733398438
853.7448120117188
858.6797485351562
606.9977416992188
825.7801513671875
855.3897705078125
858.6797485351562
817.5552368164062
832.3600463867188
855.3897705078125
648.1222534179688
606.9977416992188
830.715087890625
850.454833984375
1069.2371826171875
1028.1126708984375
829.070068359375
852.0997924804688
858.6797485351562
712.2764892578125
834.0050048828125
857.0347290039062
648.1222534179688
712.2764892578125
834.0050048828125
853.7448120117188
858.6797485351562
922.833984375
834.0050048828125
855.3897705078125
753.4010009765625
817.5552368164062
832.3600463867188
860.32470703125
753.4010009765625
817.5552368164062
830.715087890625
855.3897705078125
858.6797485351562
817.5552368164062
829.070068359375
868.5496215820312
437.56475830078125
396.4402770996094
842.2299194335938
860.32470703125
858.6797485351562
817.5552368164062
838.9400024414062
848.8098754882812
1595.6309814453125
1238.670166015625
827.4251098632812
853.7448120117188
963.95849609375
606.9977416992188
825.7801513671875
853.7448120117188
753.4010009765625
501.718994140625
830.715087890625
860.32470703125
648.1222534179688
501.718994140625
840.5849609375
857.0347290039062
753.4010009765625
712.2764892578125
834.0050048828125
857.0347290039062
753.4010009765625
712.2764892578125
834.0050048828125
852.0997924804688
1174.5159912109375
1133.3914794921875
825.7801513671875
863.6146850585938
858.6797485351562
712.2764892578125
830.715087890625
865.2596435546875
437.56475830078125
922.833984375
837.2949829101562
865.2596435546875
437.56475830078125
922.833984375
840.5849609375
863.6146850585938
437.56475830078125
922.833984375
838.9400024414062
863.6146850585938
1279.794677734375
1554.5064697265625
834.0050048828125
866.9046630859375
437.56475830078125
712.2764892578125
843.8749389648438
858.6797485351562
858.6797485351562
1133.3914794921875
843.8749389648438
857.0347290039062
858.6797485351562
1133.3914794921875
843.8749389648438
858.6797485351562
858.6797485351562
1133.3914794921875
842.2299194335938
868.5496215820312
1069.2371826171875
1343.948974609375
845.5198974609375
861.9697265625
1069.2371826171875
1343.948974609375
832.3600463867188
861.9697265625
648.1222534179688
922.833984375
838.9400024414062
858.6797485351562
1069.2371826171875
1343.948974609375
835.6500244140625
863.6146850585938
437.56475830078125
922.833984375
847.1648559570312
857.0347290039062
858.6797485351562
1133.3914794921875
845.5198974609375
858.6797485351562
437.56475830078125
712.2764892578125
847.1648559570312
858.6797485351562
648.1222534179688
922.833984375
847.1648559570312
861.9697265625
1069.2371826171875
922.833984375
843.8749389648438
865.2596435546875
437.56475830078125
291.1615295410156
852.0997924804688
863.6146850585938
648.1222534179688
291.1615295410156
848.8098754882812
863.6146850585938
437.56475830078125
80.60403442382812
850.454833984375
847.1648559570312
858.6797485351562
501.718994140625
837.2949829101562
843.8749389648438
1279.794677734375
712.2764892578125
834.0050048828125
848.8098754882812
858.6797485351562
291.1615295410156
842.2299194335938
852.0997924804688
858.6797485351562
291.1615295410156
842.2299194335938
857.0347290039062
648.1222534179688
80.60403442382812
845.5198974609375
858.6797485351562
1069.2371826171875
501.718994140625
842.2299194335938
855.3897705078125
1069.2371826171875
501.718994140625
838.9400024414062
857.0347290039062
1069.2371826171875
501.718994140625
838.9400024414062
866.9046630859375
858.6797485351562
291.1615295410156
840.5849609375
855.3897705078125
1069.2371826171875
712.2764892578125
832.3600463867188
852.0997924804688
858.6797485351562
501.718994140625
835.6500244140625
860.32470703125
437.56475830078125
501.718994140625
842.2299194335938
855.3897705078125
1069.2371826171875
1133.3914794921875
837.2949829101562
858.6797485351562
437.56475830078125
712.2764892578125
842.2299194335938
852.0997924804688
1279.794677734375
1554.5064697265625
830.715087890625
852.0997924804688
648.1222534179688
922.833984375
842.2299194335938
855.3897705078125
437.56475830078125
922.833984375
840.5849609375
860.32470703125
648.1222534179688
922.833984375
832.3600463867188
865.2596435546875
227.00729370117188
501.718994140625
837.2949829101562
858.6797485351562
648.1222534179688
922.833984375
830.715087890625
855.3897705078125
858.6797485351562
922.833984375
835.6500244140625
858.6797485351562
858.6797485351562
922.833984375
838.9400024414062
860.32470703125
648.1222534179688
712.2764892578125
838.9400024414062
860.32470703125
648.1222534179688
712.2764892578125
842.2299194335938
858.6797485351562
648.1222534179688
712.2764892578125
843.8749389648438
850.454833984375
858.6797485351562
922.833984375
832.3600463867188
857.0347290039062
858.6797485351562
712.2764892578125
834.0050048828125
857.0347290039062
648.1222534179688
501.718994140625
837.2949829101562
857.0347290039062
1069.2371826171875
922.833984375
830.715087890625
852.0997924804688
1279.794677734375
1133.3914794921875
829.070068359375
853.7448120117188
1069.2371826171875
1133.3914794921875
824.1351318359375
858.6797485351562
1069.2371826171875
1133.3914794921875
825.7801513671875
861.9697265625
648.1222534179688
712.2764892578125
835.6500244140625
858.6797485351562
858.6797485351562
1133.3914794921875
835.6500244140625
852.0997924804688
1279.794677734375
1343.948974609375
824.1351318359375
857.0347290039062
437.56475830078125
501.718994140625
835.6500244140625
848.8098754882812
1069.2371826171875
1133.3914794921875
827.4251098632812
853.7448120117188
648.1222534179688
712.2764892578125
830.715087890625
857.0347290039062
648.1222534179688
712.2764892578125
834.0050048828125
855.3897705078125
648.1222534179688
712.2764892578125
835.6500244140625
857.0347290039062
648.1222534179688
922.833984375
837.2949829101562
848.8098754882812
1069.2371826171875
1133.3914794921875
830.715087890625
855.3897705078125
648.1222534179688
712.2764892578125
830.715087890625
853.7448120117188
858.6797485351562
922.833984375
824.1351318359375
857.0347290039062
648.1222534179688
922.833984375
827.4251098632812
857.0347290039062
648.1222534179688
922.833984375
829.070068359375
853.7448120117188
858.6797485351562
1133.3914794921875
829.070068359375
865.2596435546875
648.1222534179688
922.833984375
835.6500244140625
858.6797485351562
858.6797485351562
1133.3914794921875
835.6500244140625
858.6797485351562
648.1222534179688
922.833984375
840.5849609375
855.3897705078125
858.6797485351562
1133.3914794921875
832.3600463867188
857.0347290039062
437.56475830078125
712.2764892578125
832.3600463867188
852.0997924804688
1069.2371826171875
1343.948974609375
829.070068359375
852.0997924804688
1279.794677734375
1343.948974609375
825.7801513671875
845.5198974609375
858.6797485351562
922.833984375
829.070068359375
852.0997924804688
437.56475830078125
712.2764892578125
832.3600463867188
853.7448120117188
437.56475830078125
712.2764892578125
827.4251098632812
853.7448120117188
858.6797485351562
922.833984375
832.3600463867188
855.3897705078125
437.56475830078125
501.718994140625
835.6500244140625
845.5198974609375
858.6797485351562
922.833984375
835.6500244140625
845.5198974609375
753.4010009765625
817.5552368164062
829.070068359375
847.1648559570312
858.6797485351562
975.4733276367188
825.7801513671875
855.3897705078125
753.4010009765625
712.2764892578125
830.715087890625
858.6797485351562
753.4010009765625
712.2764892578125
829.070068359375
855.3897705078125
858.6797485351562
870.194580078125
829.070068359375
850.454833984375
753.4010009765625
764.9158325195312
829.070068359375
860.32470703125
753.4010009765625
764.9158325195312
837.2949829101562
855.3897705078125
753.4010009765625
817.5552368164062
837.2949829101562
860.32470703125
858.6797485351562
817.5552368164062
837.2949829101562
858.6797485351562
858.6797485351562
817.5552368164062
830.715087890625
858.6797485351562
858.6797485351562
817.5552368164062
829.070068359375
861.9697265625
963.95849609375
922.833984375
829.070068359375
858.6797485351562
542.843505859375
554.3583984375
834.0050048828125
855.3897705078125
542.843505859375
606.9977416992188
835.6500244140625
852.0997924804688
1279.794677734375
1186.0308837890625
825.7801513671875
860.32470703125
542.843505859375
449.0796203613281
832.3600463867188
861.9697265625
829.070068359375
922.833984375
832.3600463867188
853.7448120117188
1460.7425537109375
1343.948974609375
825.7801513671875
865.2596435546875
407.95513916015625
501.718994140625
845.5198974609375
858.6797485351562
1039.6275634765625
1343.948974609375
837.2949829101562
865.2596435546875
1039.6275634765625
1133.3914794921875
840.5849609375
861.9697265625
1039.6275634765625
1133.3914794921875
837.2949829101562
855.3897705078125
1250.18505859375
1133.3914794921875
835.6500244140625
855.3897705078125
618.5126342773438
712.2764892578125
842.2299194335938
855.3897705078125
1460.7425537109375
1343.948974609375
835.6500244140625
860.32470703125
618.5126342773438
501.718994140625
847.1648559570312
858.6797485351562
618.5126342773438
712.2764892578125
838.9400024414062
857.0347290039062
829.070068359375
922.833984375
832.3600463867188
863.6146850585938
829.070068359375
922.833984375
835.6500244140625
866.9046630859375
407.95513916015625
712.2764892578125
840.5849609375
860.32470703125
618.5126342773438
922.833984375
838.9400024414062
855.3897705078125
829.070068359375
922.833984375
834.0050048828125
855.3897705078125
618.5126342773438
712.2764892578125
830.715087890625
852.0997924804688
829.070068359375
922.833984375
829.070068359375
855.3897705078125
618.5126342773438
501.718994140625
834.0050048828125
860.32470703125
197.39764404296875
291.1615295410156
842.2299194335938
857.0347290039062
829.070068359375
922.833984375
835.6500244140625
860.32470703125
197.39764404296875
501.718994140625
834.0050048828125
853.7448120117188
407.95513916015625
712.2764892578125
829.070068359375
845.5198974609375
407.95513916015625
712.2764892578125
827.4251098632812
840.5849609375
1039.6275634765625
1343.948974609375
827.4251098632812
847.1648559570312
1039.6275634765625
1133.3914794921875
830.715087890625
850.454833984375
829.070068359375
922.833984375
829.070068359375
858.6797485351562
407.95513916015625
712.2764892578125
840.5849609375
853.7448120117188
618.5126342773438
922.833984375
840.5849609375
852.0997924804688
829.070068359375
1133.3914794921875
832.3600463867188
857.0347290039062
1039.6275634765625
1133.3914794921875
837.2949829101562
855.3897705078125
618.5126342773438
712.2764892578125
842.2299194335938
865.2596435546875
618.5126342773438
712.2764892578125
845.5198974609375
863.6146850585938
513.23388671875
606.9977416992188
852.0997924804688
852.0997924804688
1039.6275634765625
1028.1126708984375
832.3600463867188
860.32470703125
618.5126342773438
501.718994140625
837.2949829101562
853.7448120117188
513.23388671875
501.718994140625
835.6500244140625
857.0347290039062
407.95513916015625
396.4402770996094
840.5849609375
853.7448120117188
829.070068359375
817.5552368164062
834.0050048828125
858.6797485351562
829.070068359375
712.2764892578125
832.3600463867188
865.2596435546875
302.6763916015625
291.1615295410156
843.8749389648438
858.6797485351562
723.7913208007812
817.5552368164062
838.9400024414062
857.0347290039062
934.3488159179688
922.833984375
835.6500244140625
861.9697265625
618.5126342773438
606.9977416992188
829.070068359375
853.7448120117188
513.23388671875
606.9977416992188
827.4251098632812
853.7448120117188
513.23388671875
606.9977416992188
829.070068359375
848.8098754882812
513.23388671875
606.9977416992188
827.4251098632812
843.8749389648438
1250.18505859375
1238.670166015625
825.7801513671875
850.454833984375
1039.6275634765625
922.833984375
825.7801513671875
855.3897705078125
618.5126342773438
712.2764892578125
829.070068359375
855.3897705078125
618.5126342773438
712.2764892578125
830.715087890625
850.454833984375
618.5126342773438
712.2764892578125
835.6500244140625
852.0997924804688
829.070068359375
922.833984375
830.715087890625
855.3897705078125
197.39764404296875
291.1615295410156
838.9400024414062
847.1648559570312
618.5126342773438
712.2764892578125
834.0050048828125
848.8098754882812
407.95513916015625
501.718994140625
830.715087890625
852.0997924804688
407.95513916015625
501.718994140625
837.2949829101562
845.5198974609375
1039.6275634765625
1133.3914794921875
827.4251098632812
850.454833984375
1039.6275634765625
1133.3914794921875
829.070068359375
852.0997924804688
1039.6275634765625
1133.3914794921875
832.3600463867188
848.8098754882812
1039.6275634765625
1133.3914794921875
827.4251098632812
863.6146850585938
829.070068359375
922.833984375
830.715087890625
860.32470703125
1039.6275634765625
1133.3914794921875
824.1351318359375
866.9046630859375
407.95513916015625
501.718994140625
840.5849609375
860.32470703125
1039.6275634765625
1133.3914794921875
835.6500244140625
860.32470703125
829.070068359375
501.718994140625
840.5849609375
857.0347290039062
1250.18505859375
712.2764892578125
834.0050048828125
858.6797485351562
1250.18505859375
712.2764892578125
829.070068359375
861.9697265625
618.5126342773438
291.1615295410156
838.9400024414062
860.32470703125
1039.6275634765625
712.2764892578125
830.715087890625
860.32470703125
618.5126342773438
291.1615295410156
837.2949829101562
857.0347290039062
618.5126342773438
501.718994140625
835.6500244140625
850.454833984375
1039.6275634765625
712.2764892578125
832.3600463867188
850.454833984375
1039.6275634765625
712.2764892578125
834.0050048828125
847.1648559570312
1039.6275634765625
712.2764892578125
822.4901733398438
855.3897705078125
829.070068359375
501.718994140625
827.4251098632812
861.9697265625
618.5126342773438
501.718994140625
834.0050048828125
857.0347290039062
1039.6275634765625
712.2764892578125
832.3600463867188
857.0347290039062
1039.6275634765625
712.2764892578125
830.715087890625
860.32470703125
829.070068359375
712.2764892578125
830.715087890625
855.3897705078125
1250.18505859375
1133.3914794921875
827.4251098632812
860.32470703125
618.5126342773438
712.2764892578125
837.2949829101562
853.7448120117188
829.070068359375
922.833984375
835.6500244140625
843.8749389648438
1460.7425537109375
1343.948974609375
827.4251098632812
857.0347290039062
618.5126342773438
712.2764892578125
834.0050048828125
855.3897705078125
1039.6275634765625
1133.3914794921875
830.715087890625
850.454833984375
1039.6275634765625
1133.3914794921875
829.070068359375
847.1648559570312
829.070068359375
922.833984375
824.1351318359375
845.5198974609375
829.070068359375
922.833984375
825.7801513671875
837.2949829101562
1250.18505859375
1343.948974609375
810.9752807617188
850.454833984375
618.5126342773438
712.2764892578125
827.4251098632812
850.454833984375
829.070068359375
1133.3914794921875
825.7801513671875
845.5198974609375
1039.6275634765625
1133.3914794921875
824.1351318359375
855.3897705078125
618.5126342773438
712.2764892578125
837.2949829101562
853.7448120117188
618.5126342773438
712.2764892578125
835.6500244140625
850.454833984375
1039.6275634765625
922.833984375
825.7801513671875
850.454833984375
829.070068359375
712.2764892578125
825.7801513671875
853.7448120117188
1250.18505859375
1133.3914794921875
819.2001953125
860.32470703125
829.070068359375
712.2764892578125
829.070068359375
868.5496215820312
829.070068359375
712.2764892578125
837.2949829101562
870.194580078125
1039.6275634765625
712.2764892578125
840.5849609375
865.2596435546875
618.5126342773438
501.718994140625
847.1648559570312
861.9697265625
829.070068359375
712.2764892578125
842.2299194335938
866.9046630859375
407.95513916015625
291.1615295410156
848.8098754882812
858.6797485351562
829.070068359375
712.2764892578125
843.8749389648438
852.0997924804688
1460.7425537109375
922.833984375
837.2949829101562
855.3897705078125
1039.6275634765625
501.718994140625
840.5849609375
852.0997924804688
829.070068359375
501.718994140625
838.9400024414062
852.0997924804688
618.5126342773438
501.718994140625
848.8098754882812
845.5198974609375
1039.6275634765625
922.833984375
837.2949829101562
845.5198974609375
1039.6275634765625
922.833984375
834.0050048828125
847.1648559570312
1039.6275634765625
922.833984375
830.715087890625
850.454833984375
618.5126342773438
501.718994140625
834.0050048828125
848.8098754882812
829.070068359375
501.718994140625
834.0050048828125
845.5198974609375
1250.18505859375
922.833984375
830.715087890625
853.7448120117188
829.070068359375
501.718994140625
835.6500244140625
845.5198974609375
829.070068359375
501.718994140625
827.4251098632812
843.8749389648438
829.070068359375
501.718994140625
829.070068359375
845.5198974609375
407.95513916015625
291.1615295410156
832.3600463867188
845.5198974609375
1039.6275634765625
922.833984375
824.1351318359375
855.3897705078125
829.070068359375
501.718994140625
832.3600463867188
855.3897705078125
197.39764404296875
80.60403442382812
843.8749389648438
848.8098754882812
829.070068359375
712.2764892578125
835.6500244140625
847.1648559570312
1039.6275634765625
712.2764892578125
829.070068359375
847.1648559570312
1039.6275634765625
712.2764892578125
829.070068359375
855.3897705078125
1039.6275634765625
712.2764892578125
829.070068359375
863.6146850585938
407.95513916015625
291.1615295410156
837.2949829101562
861.9697265625
829.070068359375
712.2764892578125
837.2949829101562
865.2596435546875
618.5126342773438
501.718994140625
838.9400024414062
860.32470703125
590.5479125976562
659.6371459960938
835.6500244140625
857.0347290039062
379.9904479980469
659.6371459960938
834.0050048828125
852.0997924804688
379.9904479980469
659.6371459960938
827.4251098632812
852.0997924804688
1011.6629028320312
1080.7520751953125
824.1351318359375
858.6797485351562
590.5479125976562
659.6371459960938
832.3600463867188
855.3897705078125
590.5479125976562
870.194580078125
832.3600463867188
852.0997924804688
379.9904479980469
659.6371459960938
834.0050048828125
853.7448120117188
379.9904479980469
659.6371459960938
832.3600463867188
855.3897705078125
590.5479125976562
870.194580078125
834.0050048828125
855.3897705078125
590.5479125976562
870.194580078125
838.9400024414062
858.6797485351562
590.5479125976562
870.194580078125
840.5849609375
857.0347290039062
1011.6629028320312
1291.3095703125
835.6500244140625
865.2596435546875
379.9904479980469
659.6371459960938
838.9400024414062
873.4845581054688
379.9904479980469
659.6371459960938
845.5198974609375
868.5496215820312
590.5479125976562
870.194580078125
840.5849609375
860.32470703125
1011.6629028320312
1080.7520751953125
829.070068359375
863.6146850585938
801.1054077148438
870.194580078125
835.6500244140625
858.6797485351562
1222.2203369140625
1291.3095703125
837.2949829101562
860.32470703125
1222.2203369140625
870.194580078125
842.2299194335938
861.9697265625
801.1054077148438
659.6371459960938
850.454833984375
853.7448120117188
1643.3353271484375
1291.3095703125
832.3600463867188
860.32470703125
1222.2203369140625
870.194580078125
838.9400024414062
863.6146850585938
1222.2203369140625
870.194580078125
838.9400024414062
850.454833984375
1432.77783203125
1080.7520751953125
830.715087890625
855.3897705078125
1011.6629028320312
659.6371459960938
840.5849609375
858.6797485351562
1432.77783203125
1080.7520751953125
840.5849609375
855.3897705078125
1432.77783203125
1080.7520751953125
834.0050048828125
857.0347290039062
590.5479125976562
449.0796203613281
838.9400024414062
853.7448120117188
1011.6629028320312
870.194580078125
835.6500244140625
857.0347290039062
1011.6629028320312
870.194580078125
830.715087890625
865.2596435546875
1011.6629028320312
870.194580078125
837.2949829101562
870.194580078125
590.5479125976562
659.6371459960938
843.8749389648438
870.194580078125
801.1054077148438
870.194580078125
842.2299194335938
858.6797485351562
801.1054077148438
1080.7520751953125
838.9400024414062
860.32470703125
1011.6629028320312
1291.3095703125
837.2949829101562
857.0347290039062
1011.6629028320312
1291.3095703125
835.6500244140625
850.454833984375
801.1054077148438
1080.7520751953125
835.6500244140625
863.6146850585938
379.9904479980469
870.194580078125
843.8749389648438
863.6146850585938
1222.2203369140625
1501.8670654296875
842.2299194335938
863.6146850585938
801.1054077148438
870.194580078125
850.454833984375
861.9697265625
801.1054077148438
1080.7520751953125
848.8098754882812
857.0347290039062
801.1054077148438
1080.7520751953125
847.1648559570312
850.454833984375
1011.6629028320312
1291.3095703125
837.2949829101562
847.1648559570312
1432.77783203125
1501.8670654296875
832.3600463867188
860.32470703125
590.5479125976562
870.194580078125
843.8749389648438
863.6146850585938
590.5479125976562
870.194580078125
845.5198974609375
871.839599609375
379.9904479980469
659.6371459960938
850.454833984375
865.2596435546875
379.9904479980469
659.6371459960938
842.2299194335938
857.0347290039062
1222.2203369140625
1291.3095703125
832.3600463867188
857.0347290039062
906.3841552734375
659.6371459960938
843.8749389648438
855.3897705078125
590.5479125976562
449.0796203613281
843.8749389648438
861.9697265625
801.1054077148438
659.6371459960938
847.1648559570312
858.6797485351562
801.1054077148438
659.6371459960938
845.5198974609375
860.32470703125
1222.2203369140625
1080.7520751953125
838.9400024414062
855.3897705078125
1682.81494140625
1291.3095703125
834.0050048828125
860.32470703125
630.0274658203125
449.0796203613281
845.5198974609375
857.0347290039062
945.8637084960938
870.194580078125
834.0050048828125
861.9697265625
1051.1424560546875
870.194580078125
835.6500244140625
863.6146850585938
945.8637084960938
870.194580078125
837.2949829101562
857.0347290039062
945.8637084960938
870.194580078125
838.9400024414062
858.6797485351562
840.5849609375
870.194580078125
842.2299194335938
850.454833984375
840.5849609375
870.194580078125
837.2949829101562
850.454833984375
840.5849609375
870.194580078125
832.3600463867188
855.3897705078125
524.7487182617188
659.6371459960938
835.6500244140625
853.7448120117188
945.8637084960938
1080.7520751953125
832.3600463867188
852.0997924804688
1156.421142578125
975.4733276367188
834.0050048828125
850.454833984375
1366.9786376953125
975.4733276367188
832.3600463867188
848.8098754882812
1577.5361328125
870.194580078125
829.070068359375
858.6797485351562
524.7487182617188
133.243408203125
837.2949829101562
855.3897705078125
945.8637084960938
659.6371459960938
838.9400024414062
855.3897705078125
945.8637084960938
659.6371459960938
837.2949829101562
850.454833984375
1156.421142578125
975.4733276367188
829.070068359375
853.7448120117188
524.7487182617188
238.52215576171875
837.2949829101562
848.8098754882812
945.8637084960938
870.194580078125
820.84521484375
852.0997924804688
945.8637084960938
870.194580078125
822.4901733398438
866.9046630859375
314.1912536621094
343.8009033203125
843.8749389648438
861.9697265625
314.1912536621094
554.3583984375
837.2949829101562
863.6146850585938
314.1912536621094
449.0796203613281
842.2299194335938
855.3897705078125
735.3062133789062
975.4733276367188
830.715087890625
843.8749389648438
945.8637084960938
1080.7520751953125
824.1351318359375
858.6797485351562
735.3062133789062
764.9158325195312
832.3600463867188
858.6797485351562
1156.421142578125
1186.0308837890625
822.4901733398438
868.5496215820312
735.3062133789062
764.9158325195312
832.3600463867188
860.32470703125
945.8637084960938
975.4733276367188
827.4251098632812
857.0347290039062
1366.9786376953125
1186.0308837890625
829.070068359375
857.0347290039062
945.8637084960938
975.4733276367188
832.3600463867188
857.0347290039062
945.8637084960938
975.4733276367188
834.0050048828125
866.9046630859375
945.8637084960938
975.4733276367188
838.9400024414062
868.5496215820312
524.7487182617188
764.9158325195312
848.8098754882812
853.7448120117188
945.8637084960938
1186.0308837890625
840.5849609375
852.0997924804688
1156.421142578125
1186.0308837890625
834.0050048828125
855.3897705078125
735.3062133789062
764.9158325195312
842.2299194335938
848.8098754882812
1366.9786376953125
1186.0308837890625
835.6500244140625
861.9697265625
735.3062133789062
554.3583984375
847.1648559570312
860.32470703125
735.3062133789062
764.9158325195312
845.5198974609375
860.32470703125
735.3062133789062
764.9158325195312
847.1648559570312
855.3897705078125
1156.421142578125
1186.0308837890625
838.9400024414062
860.32470703125
945.8637084960938
975.4733276367188
842.2299194335938
861.9697265625
945.8637084960938
975.4733276367188
842.2299194335938
857.0347290039062
1366.9786376953125
1186.0308837890625
840.5849609375
868.5496215820312
524.7487182617188
554.3583984375
847.1648559570312
857.0347290039062
1156.421142578125
1186.0308837890625
834.0050048828125
858.6797485351562
735.3062133789062
764.9158325195312
840.5849609375
866.9046630859375
735.3062133789062
764.9158325195312
838.9400024414062
855.3897705078125
1366.9786376953125
1186.0308837890625
829.070068359375
858.6797485351562
1366.9786376953125
1186.0308837890625
829.070068359375
861.9697265625
945.8637084960938
975.4733276367188
829.070068359375
857.0347290039062
735.3062133789062
764.9158325195312
838.9400024414062
857.0347290039062
735.3062133789062
764.9158325195312
840.5849609375
853.7448120117188
1156.421142578125
1186.0308837890625
830.715087890625
850.454833984375
1156.421142578125
1186.0308837890625
827.4251098632812
853.7448120117188
735.3062133789062
764.9158325195312
830.715087890625
852.0997924804688
735.3062133789062
764.9158325195312
829.070068359375
850.454833984375
314.1912536621094
554.3583984375
834.0050048828125
852.0997924804688
735.3062133789062
1186.0308837890625
832.3600463867188
852.0997924804688
735.3062133789062
1186.0308837890625
829.070068359375
858.6797485351562
314.1912536621094
554.3583984375
838.9400024414062
858.6797485351562
314.1912536621094
554.3583984375
837.2949829101562
853.7448120117188
314.1912536621094
764.9158325195312
838.9400024414062
853.7448120117188
314.1912536621094
764.9158325195312
840.5849609375
857.0347290039062
314.1912536621094
764.9158325195312
842.2299194335938
853.7448120117188
735.3062133789062
975.4733276367188
840.5849609375
858.6797485351562
314.1912536621094
343.8009033203125
845.5198974609375
852.0997924804688
1156.421142578125
1186.0308837890625
835.6500244140625
852.0997924804688
1156.421142578125
975.4733276367188
838.9400024414062
858.6797485351562
314.1912536621094
554.3583984375
843.8749389648438
855.3897705078125
1156.421142578125
1186.0308837890625
838.9400024414062
866.9046630859375
314.1912536621094
343.8009033203125
847.1648559570312
852.0997924804688
1156.421142578125
1186.0308837890625
835.6500244140625
852.0997924804688
1123.5216064453125
957.3785400390625
838.9400024414062
858.6797485351562
702.4066162109375
430.98486328125
843.8749389648438
853.7448120117188
912.964111328125
641.5423583984375
838.9400024414062
855.3897705078125
1123.5216064453125
746.8211059570312
834.0050048828125
858.6797485351562
491.84912109375
220.4273681640625
838.9400024414062
855.3897705078125
912.964111328125
641.5423583984375
840.5849609375
853.7448120117188
912.964111328125
430.98486328125
838.9400024414062
860.32470703125
702.4066162109375
325.70611572265625