3000
4
815.9102783203125
1263.3448486328125
1135.036376953125
820.84521484375
835.6500244140625
631.6724243164062
713.9214477539062
837.2949829101562
840.5849609375
842.2299194335938
924.4789428710938
834.0050048828125
835.6500244140625
842.2299194335938
924.4789428710938
832.3600463867188
829.070068359375
1263.3448486328125
1345.5938720703125
817.5552368164062
840.5849609375
842.2299194335938
924.4789428710938
830.715087890625
838.9400024414062
842.2299194335938
924.4789428710938
829.070068359375
843.8749389648438
1052.7874755859375
1135.036376953125
825.7801513671875
857.0347290039062
842.2299194335938
503.3639831542969
845.5198974609375
838.9400024414062
1263.3448486328125
1135.036376953125
825.7801513671875
853.7448120117188
1052.7874755859375
713.9214477539062
830.715087890625
863.6146850585938
631.6724243164062
713.9214477539062
843.8749389648438
852.0997924804688
1263.3448486328125
1135.036376953125
830.715087890625
863.6146850585938
631.6724243164062
713.9214477539062
842.2299194335938
857.0347290039062
842.2299194335938
924.4789428710938
837.2949829101562
866.9046630859375
842.2299194335938
924.4789428710938
845.5198974609375
863.6146850585938
1052.7874755859375
924.4789428710938
837.2949829101562
863.6146850585938
842.2299194335938
713.9214477539062
838.9400024414062
860.32470703125
1263.3448486328125
1135.036376953125
838.9400024414062
852.0997924804688
421.1149597167969
292.8064880371094
834.0050048828125
847.1648559570312
631.6724243164062
713.9214477539062
834.0050048828125
853.7448120117188
631.6724243164062
713.9214477539062
843.8749389648438
845.5198974609375
842.2299194335938
924.4789428710938
832.3600463867188
848.8098754882812
842.2299194335938
713.9214477539062
830.715087890625
847.1648559570312
587.2579956054688
579.0330810546875
829.070068359375
845.5198974609375
797.8154907226562
579.0330810546875
825.7801513671875
840.5849609375
1218.930419921875
1000.1480712890625
820.84521484375
842.2299194335938
1218.930419921875
1000.1480712890625
819.2001953125
840.5849609375
797.8154907226562
789.590576171875
827.4251098632812
832.3600463867188
797.8154907226562
789.590576171875
827.4251098632812
829.070068359375
797.8154907226562
789.590576171875
827.4251098632812
814.2652587890625
1640.04541015625
1631.820556640625
812.6203002929688
806.0403442382812
1640.04541015625
1421.2630615234375
802.7504272460938
814.2652587890625
797.8154907226562
789.590576171875
814.2652587890625
822.4901733398438
1008.3729248046875
1000.1480712890625
817.5552368164062
812.6203002929688
1008.3729248046875
789.590576171875
806.0403442382812
807.6853637695312
1218.930419921875
1000.1480712890625
797.8154907226562
804.3953857421875
1429.4879150390625
1000.1480712890625
799.46044921875
819.2001953125
1008.3729248046875
579.0330810546875
809.330322265625
819.2001953125
1008.3729248046875
789.590576171875
807.6853637695312
824.1351318359375
1218.930419921875
1000.1480712890625
801.1054077148438
822.4901733398438
797.8154907226562
473.75433349609375
802.7504272460938
822.4901733398438
797.8154907226562
684.3118286132812
806.0403442382812
830.715087890625
376.70050048828125
263.1968688964844
817.5552368164062
834.0050048828125
587.2579956054688
579.0330810546875
822.4901733398438
837.2949829101562
1218.930419921875
1105.4267578125
817.5552368164062
830.715087890625
797.8154907226562
579.0330810546875
815.9102783203125
847.1648559570312
797.8154907226562
579.0330810546875
822.4901733398438
843.8749389648438
797.8154907226562
473.75433349609375
822.4901733398438
842.2299194335938
1008.3729248046875
894.8693237304688
814.2652587890625
848.8098754882812
1008.3729248046875
894.8693237304688
824.1351318359375
838.9400024414062
1218.930419921875
1105.4267578125
820.84521484375
845.5198974609375
797.8154907226562
579.0330810546875
827.4251098632812
842.2299194335938
587.2579956054688
579.0330810546875
825.7801513671875
843.8749389648438
587.2579956054688
579.0330810546875
827.4251098632812
853.7448120117188
587.2579956054688
579.0330810546875
827.4251098632812
850.454833984375
797.8154907226562
789.590576171875
824.1351318359375
842.2299194335938
797.8154907226562
1000.1480712890625
817.5552368164062
845.5198974609375
797.8154907226562
1000.1480712890625
822.4901733398438
845.5198974609375
587.2579956054688
789.590576171875
830.715087890625
852.0997924804688
797.8154907226562
1000.1480712890625
829.070068359375
850.454833984375
797.8154907226562
1000.1480712890625
829.070068359375
850.454833984375
797.8154907226562
1000.1480712890625
829.070068359375
848.8098754882812
797.8154907226562
1000.1480712890625
825.7801513671875
843.8749389648438
1218.930419921875
1210.70556640625
820.84521484375
842.2299194335938
1008.3729248046875
789.590576171875
815.9102783203125
819.2001953125
1008.3729248046875
1000.1480712890625
796.1704711914062
799.46044921875
1218.930419921875
1000.1480712890625
773.1407470703125
794.5255126953125
376.70050048828125
368.4755859375
773.1407470703125
763.2708740234375
1429.4879150390625
1421.2630615234375
733.6612548828125
746.8211059570312
797.8154907226562
579.0330810546875
723.7913208007812
723.7913208007812
587.2579956054688
579.0330810546875
704.0515747070312
699.1166381835938
797.8154907226562
789.590576171875
672.7969360351562
669.5070190429688
1113.6517333984375
789.590576171875
648.1222534179688
643.1873168945312
1008.3729248046875
579.0330810546875
616.8676147460938
641.5423583984375
903.09423828125
579.0330810546875
611.9326782226562
626.7374877929688
1218.930419921875
789.590576171875
598.7728271484375
636.607421875
1218.930419921875
789.590576171875
600.4178466796875
634.96240234375
1008.3729248046875
789.590576171875
605.352783203125
618.5126342773438
1218.930419921875
1000.1480712890625
595.48291015625
638.2523803710938
692.5367431640625
579.0330810546875
615.22265625
649.7672119140625
1008.3729248046875
1000.1480712890625
621.8025512695312
662.9270629882812
1429.4879150390625
1210.70556640625
630.0274658203125
676.0869140625
587.2579956054688
579.0330810546875
648.1222534179688
695.82666015625
692.5367431640625
789.590576171875
667.8619995117188
704.0515747070312
1218.930419921875
1210.70556640625
681.0218505859375
730.3712768554688
1113.6517333984375
1000.1480712890625
708.9865112304688
751.7560424804688
1113.6517333984375
1000.1480712890625
732.0162353515625
763.2708740234375
1218.930419921875
1000.1480712890625
751.7560424804688
786.3005981445312
587.2579956054688
157.91810607910156
778.07568359375
817.5552368164062
1429.4879150390625
789.590576171875
794.5255126953125
830.715087890625
1640.04541015625
789.590576171875
810.9752807617188
847.1648559570312
1640.04541015625
789.590576171875
822.4901733398438
876.7745361328125
1218.930419921875
579.0330810546875
850.454833984375
883.3544311523438
1429.4879150390625
789.590576171875
858.6797485351562
893.2243041992188
1218.930419921875
579.0330810546875
870.194580078125
909.6741333007812
1218.930419921875
789.590576171875
884.9994506835938
912.964111328125
1640.04541015625
1210.70556640625
883.3544311523438
929.4138793945312
1218.930419921875
1000.1480712890625
899.8042602539062
945.8637084960938
1429.4879150390625
1210.70556640625
908.0291748046875
945.8637084960938
797.8154907226562
789.590576171875
917.8990478515625
952.443603515625
1008.3729248046875
1000.1480712890625
921.18896484375
955.7335815429688
1008.3729248046875
1000.1480712890625
922.833984375
972.1834106445312
1008.3729248046875
1000.1480712890625
931.0588989257812
967.2484130859375
587.2579956054688
579.0330810546875
939.2837524414062
957.3785400390625
797.8154907226562
894.8693237304688
931.0588989257812
967.2484130859375
1008.3729248046875
1000.1480712890625
934.3488159179688
978.7633056640625
587.2579956054688
579.0330810546875
952.443603515625
978.7633056640625
797.8154907226562
894.8693237304688
952.443603515625
985.3432006835938
587.2579956054688
473.75433349609375
963.95849609375
968.8934326171875
587.2579956054688
473.75433349609375
949.1536865234375
945.8637084960938
1008.3729248046875
1000.1480712890625
929.4138793945312
944.2186889648438
1429.4879150390625
1315.9842529296875
917.8990478515625
947.5086669921875
587.2579956054688
368.4755859375
914.6090698242188
931.0588989257812
166.1430206298828
263.1968688964844
912.964111328125
922.833984375
587.2579956054688
789.590576171875
903.09423828125
908.0291748046875
587.2579956054688
894.8693237304688
889.9343872070312
894.8693237304688
587.2579956054688
789.590576171875
878.4194946289062
893.2243041992188
587.2579956054688
789.590576171875
865.2596435546875
873.4845581054688
587.2579956054688
684.3118286132812
853.7448120117188
866.9046630859375
587.2579956054688
684.3118286132812
852.0997924804688
863.6146850585938
1218.930419921875
894.8693237304688
842.2299194335938
868.5496215820312
1218.930419921875
684.3118286132812
840.5849609375
876.7745361328125
587.2579956054688
52.63936996459961
848.8098754882812
858.6797485351562
587.2579956054688
263.1968688964844
835.6500244140625
843.8749389648438
1218.930419921875
684.3118286132812
825.7801513671875
843.8749389648438
797.8154907226562
263.1968688964844
824.1351318359375
850.454833984375
797.8154907226562
263.1968688964844
835.6500244140625
853.7448120117188
797.8154907226562
263.1968688964844
843.8749389648438
858.6797485351562
587.2579956054688
263.1968688964844
845.5198974609375
855.3897705078125
797.8154907226562
473.75433349609375
837.2949829101562
858.6797485351562
587.2579956054688
263.1968688964844
843.8749389648438
857.0347290039062
797.8154907226562
473.75433349609375
838.9400024414062
860.32470703125
587.2579956054688
263.1968688964844
840.5849609375
858.6797485351562
1640.04541015625
1315.9842529296875
837.2949829101562
861.9697265625
1218.930419921875
684.3118286132812
835.6500244140625
880.064453125
587.2579956054688
473.75433349609375
858.6797485351562
881.70947265625
587.2579956054688
473.75433349609375
852.0997924804688
891.579345703125
166.1430206298828
263.1968688964844
857.0347290039062
880.064453125
1008.3729248046875
1105.4267578125
853.7448120117188
880.064453125
587.2579956054688
473.75433349609375
857.0347290039062
884.9994506835938
587.2579956054688
473.75433349609375
870.194580078125
886.6444091796875
587.2579956054688
473.75433349609375
875.1295166015625
876.7745361328125
587.2579956054688
684.3118286132812
858.6797485351562
881.70947265625
1218.930419921875
1105.4267578125
857.0347290039062
889.9343872070312
587.2579956054688
263.1968688964844
865.2596435546875
888.2893676757812
587.2579956054688
473.75433349609375
863.6146850585938
876.7745361328125
1008.3729248046875
894.8693237304688
858.6797485351562
876.7745361328125
797.8154907226562
684.3118286132812
858.6797485351562
873.4845581054688
797.8154907226562
684.3118286132812
852.0997924804688
875.1295166015625
1218.930419921875
1105.4267578125
850.454833984375
888.2893676757812
587.2579956054688
473.75433349609375
857.0347290039062
870.194580078125
797.8154907226562
684.3118286132812
842.2299194335938
875.1295166015625
1036.337646484375
983.6982421875
840.5849609375
871.839599609375
825.7801513671875
983.6982421875
835.6500244140625
878.4194946289062
615.22265625
983.6982421875
835.6500244140625
873.4845581054688
825.7801513671875
1194.2557373046875
830.715087890625
875.1295166015625
615.22265625
773.1407470703125
838.9400024414062
873.4845581054688
615.22265625
773.1407470703125
843.8749389648438
848.8098754882812
1246.8951416015625
1194.2557373046875
827.4251098632812
850.454833984375
1457.45263671875
1194.2557373046875
824.1351318359375
860.32470703125
615.22265625
562.583251953125
827.4251098632812
870.194580078125
825.7801513671875
773.1407470703125
829.070068359375
873.4845581054688
615.22265625
562.583251953125
837.2949829101562
858.6797485351562
615.22265625
562.583251953125
827.4251098632812
842.2299194335938
1036.337646484375
983.6982421875
820.84521484375
855.3897705078125
825.7801513671875
773.1407470703125
829.070068359375
850.454833984375
404.6651611328125
562.583251953125
832.3600463867188
850.454833984375
1036.337646484375
983.6982421875
824.1351318359375
852.0997924804688
825.7801513671875
773.1407470703125
827.4251098632812
845.5198974609375
615.22265625
562.583251953125
822.4901733398438
852.0997924804688
404.6651611328125
352.0257873535156
825.7801513671875
845.5198974609375
404.6651611328125
352.0257873535156
824.1351318359375
842.2299194335938
194.10768127441406
141.4683074951172
820.84521484375
845.5198974609375
194.10768127441406
141.4683074951172
829.070068359375
858.6797485351562
194.10768127441406
141.4683074951172
835.6500244140625
852.0997924804688
0.0
141.4683074951172
838.9400024414062
840.5849609375
842.2299194335938
773.1407470703125
829.070068359375
853.7448120117188
842.2299194335938
562.583251953125
835.6500244140625
865.2596435546875
421.1149597167969
352.0257873535156
845.5198974609375
871.839599609375
210.55747985839844
352.0257873535156
850.454833984375
865.2596435546875
842.2299194335938
983.6982421875
837.2949829101562
855.3897705078125
631.6724243164062
562.583251953125
840.5849609375
860.32470703125
1052.7874755859375
983.6982421875
837.2949829101562
871.839599609375
842.2299194335938
562.583251953125
852.0997924804688
863.6146850585938
421.1149597167969
352.0257873535156
858.6797485351562
868.5496215820312
1052.7874755859375
878.4194946289062
855.3897705078125
865.2596435546875
1052.7874755859375
878.4194946289062
857.0347290039062
875.1295166015625
736.951171875
562.583251953125
860.32470703125
880.064453125
842.2299194335938
773.1407470703125
858.6797485351562
873.4845581054688
421.1149597167969
299.38641357421875
850.454833984375
875.1295166015625
210.55747985839844
299.38641357421875
860.32470703125
875.1295166015625
1052.7874755859375
1036.337646484375
852.0997924804688
870.194580078125
947.5086669921875
773.1407470703125
853.7448120117188
868.5496215820312
842.2299194335938
720.5014038085938
857.0347290039062
871.839599609375
842.2299194335938
773.1407470703125
858.6797485351562
868.5496215820312
842.2299194335938
825.7801513671875
857.0347290039062
888.2893676757812
842.2299194335938
825.7801513671875
875.1295166015625
884.9994506835938
842.2299194335938
773.1407470703125
861.9697265625
873.4845581054688
842.2299194335938
825.7801513671875
860.32470703125
880.064453125
947.5086669921875
878.4194946289062
863.6146850585938
878.4194946289062
842.2299194335938
773.1407470703125
865.2596435546875
888.2893676757812
947.5086669921875
773.1407470703125
870.194580078125
893.2243041992188
1263.3448486328125
983.6982421875
861.9697265625
889.9343872070312
1263.3448486328125
983.6982421875
865.2596435546875
884.9994506835938
631.6724243164062
562.583251953125
866.9046630859375
881.70947265625
1473.90234375
1404.813232421875
863.6146850585938
878.4194946289062
1052.7874755859375
773.1407470703125
866.9046630859375
888.2893676757812
842.2299194335938
773.1407470703125
866.9046630859375
888.2893676757812
1052.7874755859375
983.6982421875
868.5496215820312
884.9994506835938
947.5086669921875
773.1407470703125
868.5496215820312
878.4194946289062
947.5086669921875
773.1407470703125
861.9697265625
871.839599609375
1158.066162109375
983.6982421875
852.0997924804688
871.839599609375
1158.066162109375
983.6982421875
850.454833984375
878.4194946289062
421.1149597167969
562.583251953125
860.32470703125
883.3544311523438
842.2299194335938
983.6982421875
863.6146850585938
873.4845581054688
842.2299194335938
983.6982421875
865.2596435546875
873.4845581054688
947.5086669921875
983.6982421875
857.0347290039062
878.4194946289062
947.5086669921875
983.6982421875
857.0347290039062
878.4194946289062
1368.6236572265625
1194.2557373046875
855.3897705078125
873.4845581054688
1579.18115234375
1194.2557373046875
853.7448120117188
878.4194946289062
947.5086669921875
773.1407470703125
863.6146850585938
868.5496215820312
1368.6236572265625
1194.2557373046875
850.454833984375
876.7745361328125
1158.066162109375
773.1407470703125
853.7448120117188
880.064453125
1158.066162109375
773.1407470703125
853.7448120117188
875.1295166015625
1158.066162109375
773.1407470703125
853.7448120117188
868.5496215820312
1158.066162109375
773.1407470703125
838.9400024414062
868.5496215820312
1158.066162109375
773.1407470703125
840.5849609375
871.839599609375
1368.6236572265625
1194.2557373046875
850.454833984375
883.3544311523438
1579.18115234375
1194.2557373046875
857.0347290039062
883.3544311523438
736.951171875
562.583251953125
861.9697265625
866.9046630859375
1579.18115234375
1404.813232421875
847.1648559570312
880.064453125
736.951171875
562.583251953125
855.3897705078125
868.5496215820312
736.951171875
773.1407470703125
848.8098754882812
866.9046630859375
947.5086669921875
983.6982421875
852.0997924804688
868.5496215820312
947.5086669921875
773.1407470703125
852.0997924804688
865.2596435546875
736.951171875
773.1407470703125
855.3897705078125
868.5496215820312
947.5086669921875
983.6982421875
852.0997924804688
878.4194946289062
526.3937377929688
562.583251953125
863.6146850585938
876.7745361328125
1158.066162109375
1194.2557373046875
853.7448120117188
876.7745361328125
947.5086669921875
773.1407470703125
848.8098754882812
865.2596435546875
947.5086669921875
773.1407470703125
843.8749389648438
866.9046630859375
1368.6236572265625
983.6982421875
830.715087890625
871.839599609375
736.951171875
352.0257873535156
845.5198974609375
863.6146850585938
947.5086669921875
562.583251953125
835.6500244140625
866.9046630859375
526.3937377929688
141.4683074951172
845.5198974609375
858.6797485351562
947.5086669921875
773.1407470703125
837.2949829101562
853.7448120117188
947.5086669921875
773.1407470703125
837.2949829101562
861.9697265625
947.5086669921875
773.1407470703125
842.2299194335938
855.3897705078125
1158.066162109375
983.6982421875
837.2949829101562
848.8098754882812
736.951171875
562.583251953125
837.2949829101562
850.454833984375
947.5086669921875
983.6982421875
834.0050048828125
857.0347290039062
947.5086669921875
1194.2557373046875
843.8749389648438
858.6797485351562
947.5086669921875
1404.813232421875
840.5849609375
861.9697265625
736.951171875
1194.2557373046875
838.9400024414062
860.32470703125
947.5086669921875
1404.813232421875
842.2299194335938
868.5496215820312
736.951171875
983.6982421875
843.8749389648438
868.5496215820312
736.951171875
983.6982421875
855.3897705078125
860.32470703125
1368.6236572265625
1404.813232421875
848.8098754882812
861.9697265625
947.5086669921875
983.6982421875
848.8098754882812
857.0347290039062
1158.066162109375
1194.2557373046875
842.2299194335938
861.9697265625
1158.066162109375
1194.2557373046875
840.5849609375
868.5496215820312
1158.066162109375
1194.2557373046875
852.0997924804688
870.194580078125
1158.066162109375
1194.2557373046875
847.1648559570312
870.194580078125
315.8362121582031
352.0257873535156
853.7448120117188
865.2596435546875
736.951171875
983.6982421875
842.2299194335938
860.32470703125
947.5086669921875
773.1407470703125
840.5849609375
853.7448120117188
526.3937377929688
352.0257873535156
850.454833984375
847.1648559570312
1158.066162109375
983.6982421875
835.6500244140625
857.0347290039062
1368.6236572265625
983.6982421875
834.0050048828125
861.9697265625
1368.6236572265625
983.6982421875
838.9400024414062
865.2596435546875
1158.066162109375
773.1407470703125
835.6500244140625
838.9400024414062
1368.6236572265625
983.6982421875
830.715087890625
847.1648559570312
947.5086669921875
562.583251953125
829.070068359375
837.2949829101562
1158.066162109375
983.6982421875
829.070068359375
840.5849609375
1579.18115234375
1194.2557373046875
820.84521484375
834.0050048828125
526.3937377929688
352.0257873535156
825.7801513671875
829.070068359375
947.5086669921875
773.1407470703125
819.2001953125
835.6500244140625
1158.066162109375
983.6982421875
810.9752807617188
835.6500244140625
947.5086669921875
773.1407470703125
806.0403442382812
824.1351318359375
526.3937377929688
562.583251953125
801.1054077148438
807.6853637695312
947.5086669921875
983.6982421875
783.0106201171875
812.6203002929688
1062.6573486328125
978.7633056640625
779.720703125
791.2355346679688
641.5423583984375
557.6483154296875
774.7857666015625
787.945556640625
852.0997924804688
978.7633056640625
769.850830078125
776.4307250976562
220.4273681640625
557.6483154296875
768.205810546875
787.945556640625
220.4273681640625
557.6483154296875
773.1407470703125
804.3953857421875
641.5423583984375
768.205810546875
781.3656616210938
807.6853637695312
430.98486328125
557.6483154296875
779.720703125
810.9752807617188
430.98486328125
557.6483154296875
781.3656616210938
799.46044921875
220.4273681640625
347.0908508300781
779.720703125
806.0403442382812
1062.6573486328125
978.7633056640625
779.720703125
806.0403442382812
852.0997924804688
768.205810546875
778.07568359375
809.330322265625
852.0997924804688
978.7633056640625
779.720703125
827.4251098632812
852.0997924804688
978.7633056640625
791.2355346679688
825.7801513671875
430.98486328125
557.6483154296875
801.1054077148438
830.715087890625
641.5423583984375
768.205810546875
810.9752807617188
845.5198974609375
852.0997924804688
768.205810546875
817.5552368164062
852.0997924804688
641.5423583984375
557.6483154296875
820.84521484375
852.0997924804688
641.5423583984375
557.6483154296875
820.84521484375
850.454833984375
641.5423583984375
662.9270629882812
819.2001953125
860.32470703125
852.0997924804688
873.4845581054688
824.1351318359375
866.9046630859375
641.5423583984375
557.6483154296875
835.6500244140625
855.3897705078125
641.5423583984375
662.9270629882812
830.715087890625
865.2596435546875
430.98486328125
347.0908508300781
842.2299194335938
858.6797485351562
641.5423583984375
768.205810546875
837.2949829101562
852.0997924804688
1273.21484375
1084.0419921875
822.4901733398438
853.7448120117188
641.5423583984375
452.3695983886719
834.0050048828125
858.6797485351562
641.5423583984375
452.3695983886719
838.9400024414062
858.6797485351562
430.98486328125
347.0908508300781
842.2299194335938
861.9697265625
641.5423583984375
768.205810546875
845.5198974609375
857.0347290039062
852.0997924804688
873.4845581054688
837.2949829101562
853.7448120117188
852.0997924804688
873.4845581054688
837.2949829101562
853.7448120117188
641.5423583984375
557.6483154296875
842.2299194335938
843.8749389648438
641.5423583984375
557.6483154296875
827.4251098632812
848.8098754882812
852.0997924804688
768.205810546875
827.4251098632812
847.1648559570312
852.0997924804688
768.205810546875
830.715087890625
852.0997924804688
641.5423583984375
557.6483154296875
838.9400024414062
858.6797485351562
641.5423583984375
557.6483154296875
847.1648559570312
861.9697265625
220.4273681640625
347.0908508300781
843.8749389648438
863.6146850585938
220.4273681640625
347.0908508300781
840.5849609375
866.9046630859375
1062.6573486328125
978.7633056640625
838.9400024414062
852.0997924804688
1062.6573486328125
768.205810546875
829.070068359375
852.0997924804688
1062.6573486328125
768.205810546875
824.1351318359375
863.6146850585938
1062.6573486328125
768.205810546875
834.0050048828125
870.194580078125
1062.6573486328125
768.205810546875
837.2949829101562
875.1295166015625
641.5423583984375
557.6483154296875
842.2299194335938
860.32470703125
852.0997924804688
768.205810546875
838.9400024414062
870.194580078125
1062.6573486328125
768.205810546875
838.9400024414062
868.5496215820312
641.5423583984375
557.6483154296875
848.8098754882812
865.2596435546875
1273.21484375
1189.32080078125
847.1648559570312
870.194580078125
430.98486328125
557.6483154296875
852.0997924804688
870.194580078125
430.98486328125
978.7633056640625
853.7448120117188
868.5496215820312
430.98486328125
978.7633056640625
848.8098754882812
855.3897705078125
641.5423583984375
1189.32080078125
834.0050048828125
865.2596435546875
430.98486328125
978.7633056640625
838.9400024414062
870.194580078125
430.98486328125
978.7633056640625
840.5849609375
881.70947265625
220.4273681640625
768.205810546875
855.3897705078125
863.6146850585938
430.98486328125
978.7633056640625
847.1648559570312
861.9697265625
852.0997924804688
1189.32080078125
843.8749389648438
857.0347290039062
641.5423583984375
978.7633056640625
835.6500244140625
863.6146850585938
641.5423583984375
978.7633056640625
842.2299194335938
865.2596435546875
641.5423583984375
978.7633056640625
843.8749389648438
853.7448120117188
1062.6573486328125
1189.32080078125
835.6500244140625
857.0347290039062
641.5423583984375
768.205810546875
847.1648559570312
850.454833984375
641.5423583984375
768.205810546875
838.9400024414062
847.1648559570312
1483.772216796875
1399.8782958984375
825.7801513671875
843.8749389648438
1062.6573486328125
768.205810546875
820.84521484375
848.8098754882812
957.3785400390625
768.205810546875
824.1351318359375
852.0997924804688
852.0997924804688
768.205810546875
835.6500244140625
853.7448120117188
852.0997924804688
768.205810546875
842.2299194335938
860.32470703125
1167.93603515625
978.7633056640625
838.9400024414062
873.4845581054688
1062.6573486328125
873.4845581054688
843.8749389648438
873.4845581054688
1167.93603515625
873.4845581054688
835.6500244140625
868.5496215820312
1062.6573486328125
768.205810546875
845.5198974609375
860.32470703125
1378.4935302734375
1189.32080078125
835.6500244140625
861.9697265625
1378.4935302734375
1084.0419921875
845.5198974609375
866.9046630859375
746.8211059570312
662.9270629882812
857.0347290039062
870.194580078125
746.8211059570312
662.9270629882812
853.7448120117188
853.7448120117188
1062.6573486328125
978.7633056640625
845.5198974609375
860.32470703125
1167.93603515625
978.7633056640625
842.2299194335938
866.9046630859375
746.8211059570312
662.9270629882812
838.9400024414062
865.2596435546875
746.8211059570312
768.205810546875
837.2949829101562
866.9046630859375
1167.93603515625
768.205810546875
834.0050048828125
866.9046630859375
746.8211059570312
557.6483154296875
845.5198974609375
870.194580078125
1167.93603515625
978.7633056640625
843.8749389648438
878.4194946289062
536.2636108398438
347.0908508300781
850.454833984375
868.5496215820312
536.2636108398438
557.6483154296875
842.2299194335938
858.6797485351562
957.3785400390625
768.205810546875
829.070068359375
861.9697265625
325.70611572265625
347.0908508300781
838.9400024414062
866.9046630859375
536.2636108398438
557.6483154296875
835.6500244140625
871.839599609375
536.2636108398438
557.6483154296875
842.2299194335938
868.5496215820312
1378.4935302734375
1399.8782958984375
832.3600463867188
868.5496215820312
957.3785400390625
768.205810546875
840.5849609375
853.7448120117188
746.8211059570312
768.205810546875
842.2299194335938
860.32470703125
746.8211059570312
768.205810546875
837.2949829101562
855.3897705078125
536.2636108398438
768.205810546875
837.2949829101562
863.6146850585938
957.3785400390625
1189.32080078125
834.0050048828125
863.6146850585938
1167.93603515625
1189.32080078125
843.8749389648438
873.4845581054688
746.8211059570312
557.6483154296875
855.3897705078125
873.4845581054688
957.3785400390625
768.205810546875
857.0347290039062
871.839599609375
1378.4935302734375
978.7633056640625
850.454833984375
876.7745361328125
746.8211059570312
347.0908508300781
857.0347290039062
875.1295166015625
957.3785400390625
768.205810546875
858.6797485351562
876.7745361328125
957.3785400390625
557.6483154296875
860.32470703125
875.1295166015625
746.8211059570312
557.6483154296875
852.0997924804688
878.4194946289062
1378.4935302734375
1189.32080078125
847.1648559570312
883.3544311523438
957.3785400390625
557.6483154296875
853.7448120117188
880.064453125
1167.93603515625
768.205810546875
847.1648559570312
886.6444091796875
1167.93603515625
768.205810546875
853.7448120117188
889.9343872070312
536.2636108398438
347.0908508300781
866.9046630859375
883.3544311523438
957.3785400390625
768.205810546875
855.3897705078125
884.9994506835938
957.3785400390625
768.205810546875
857.0347290039062
878.4194946289062
957.3785400390625
768.205810546875
850.454833984375
880.064453125
957.3785400390625
768.205810546875
857.0347290039062
880.064453125
746.8211059570312
768.205810546875
863.6146850585938
881.70947265625
1062.6573486328125
1084.0419921875
857.0347290039062
868.5496215820312
746.8211059570312
768.205810546875
843.8749389648438
865.2596435546875
852.0997924804688
978.7633056640625
842.2299194335938
878.4194946289062
641.5423583984375
768.205810546875
855.3897705078125
873.4845581054688
430.98486328125
662.9270629882812
858.6797485351562
866.9046630859375
1062.6573486328125
1189.32080078125
842.2299194335938
871.839599609375
1062.6573486328125
1084.0419921875
847.1648559570312
875.1295166015625
1062.6573486328125
1084.0419921875
847.1648559570312
875.1295166015625
746.8211059570312
662.9270629882812
848.8098754882812
880.064453125
641.5423583984375
662.9270629882812
855.3897705078125
878.4194946289062
641.5423583984375
662.9270629882812
852.0997924804688
880.064453125
852.0997924804688
978.7633056640625
855.3897705078125
876.7745361328125
1273.21484375
1189.32080078125
852.0997924804688
878.4194946289062
957.3785400390625
873.4845581054688
852.0997924804688
876.7745361328125
957.3785400390625
873.4845581054688
848.8098754882812
886.6444091796875
248.39202880859375
245.10206604003906
865.2596435546875
878.4194946289062
880.064453125
666.217041015625
855.3897705078125
868.5496215820312
880.064453125
455.6595458984375
845.5198974609375
875.1295166015625
880.064453125
455.6595458984375
847.1648559570312
873.4845581054688
1090.6219482421875
455.6595458984375
838.9400024414062
876.7745361328125
458.94952392578125
34.544586181640625
847.1648559570312
873.4845581054688
880.064453125
455.6595458984375
848.8098754882812
878.4194946289062
458.94952392578125
34.544586181640625
852.0997924804688
883.3544311523438
669.5070190429688
455.6595458984375
855.3897705078125
883.3544311523438
669.5070190429688
455.6595458984375
852.0997924804688
871.839599609375
458.94952392578125
245.10206604003906
842.2299194335938
870.194580078125
1090.6219482421875
876.7745361328125
842.2299194335938
876.7745361328125
880.064453125
455.6595458984375
850.454833984375
878.4194946289062
458.94952392578125
245.10206604003906
853.7448120117188
868.5496215820312
880.064453125
666.217041015625
845.5198974609375
868.5496215820312
880.064453125
666.217041015625
840.5849609375
871.839599609375
669.5070190429688
455.6595458984375
848.8098754882812
866.9046630859375
880.064453125
876.7745361328125
845.5198974609375
871.839599609375
669.5070190429688
666.217041015625
845.5198974609375
871.839599609375
248.39202880859375
455.6595458984375
847.1648559570312
870.194580078125
669.5070190429688
876.7745361328125
843.8749389648438
878.4194946289062
458.94952392578125
455.6595458984375
852.0997924804688
870.194580078125
458.94952392578125
666.217041015625
848.8098754882812
865.2596435546875
880.064453125
876.7745361328125
840.5849609375
883.3544311523438
458.94952392578125
455.6595458984375
855.3897705078125
871.839599609375
880.064453125
876.7745361328125
850.454833984375
875.1295166015625
458.94952392578125
455.6595458984375
845.5198974609375
873.4845581054688
458.94952392578125
455.6595458984375
845.5198974609375
868.5496215820312
669.5070190429688
666.217041015625
840.5849609375
870.194580078125
669.5070190429688
666.217041015625
842.2299194335938
870.194580078125
458.94952392578125
455.6595458984375
848.8098754882812
863.6146850585938
669.5070190429688
666.217041015625
838.9400024414062
866.9046630859375
669.5070190429688
666.217041015625
845.5198974609375
865.2596435546875
669.5070190429688
666.217041015625
840.5849609375
857.0347290039062
669.5070190429688
245.10206604003906
840.5849609375
858.6797485351562
669.5070190429688
245.10206604003906
843.8749389648438
860.32470703125
458.94952392578125
245.10206604003906
847.1648559570312
853.7448120117188
1090.6219482421875
876.7745361328125
840.5849609375
866.9046630859375
1090.6219482421875
666.217041015625
847.1648559570312
860.32470703125
880.064453125
666.217041015625
843.8749389648438
870.194580078125
669.5070190429688
666.217041015625
855.3897705078125
871.839599609375
669.5070190429688
666.217041015625
853.7448120117188
855.3897705078125
1511.7369384765625
1297.8895263671875
829.070068359375
865.2596435546875
1301.179443359375
876.7745361328125
829.070068359375
866.9046630859375
669.5070190429688
455.6595458984375
835.6500244140625
868.5496215820312
880.064453125
666.217041015625
835.6500244140625
865.2596435546875
669.5070190429688
455.6595458984375
838.9400024414062
861.9697265625
1090.6219482421875
1087.33203125
837.2949829101562
870.194580078125
1090.6219482421875
876.7745361328125
842.2299194335938
866.9046630859375
458.94952392578125
666.217041015625
838.9400024414062
863.6146850585938
458.94952392578125
666.217041015625
835.6500244140625
843.8749389648438
669.5070190429688
876.7745361328125
827.4251098632812
843.8749389648438
669.5070190429688
666.217041015625
832.3600463867188
857.0347290039062
669.5070190429688
666.217041015625
847.1648559570312
860.32470703125
669.5070190429688
666.217041015625
845.5198974609375
865.2596435546875
669.5070190429688
666.217041015625
845.5198974609375
850.454833984375
1301.179443359375
1087.33203125
837.2949829101562
853.7448120117188
669.5070190429688
455.6595458984375
834.0050048828125
850.454833984375
1090.6219482421875
1087.33203125
827.4251098632812
858.6797485351562
880.064453125
666.217041015625
834.0050048828125
858.6797485351562
880.064453125
876.7745361328125
832.3600463867188
855.3897705078125
880.064453125
876.7745361328125
832.3600463867188
853.7448120117188
248.39202880859375
455.6595458984375
842.2299194335938
857.0347290039062
1090.6219482421875
1087.33203125
838.9400024414062
870.194580078125
458.94952392578125
455.6595458984375
847.1648559570312
871.839599609375
564.228271484375
666.217041015625
855.3897705078125
866.9046630859375
669.5070190429688
666.217041015625
850.454833984375
857.0347290039062
774.7857666015625
666.217041015625
843.8749389648438
860.32470703125
1195.9007568359375
876.7745361328125
845.5198974609375
857.0347290039062
880.064453125
666.217041015625
842.2299194335938
866.9046630859375
774.7857666015625
666.217041015625
840.5849609375
860.32470703125
1195.9007568359375
1087.33203125
835.6500244140625
865.2596435546875
1195.9007568359375
1087.33203125
840.5849609375
866.9046630859375
1195.9007568359375
1087.33203125
838.9400024414062
850.454833984375
1406.458251953125
1087.33203125
837.2949829101562
858.6797485351562
669.5070190429688
455.6595458984375
847.1648559570312
857.0347290039062
880.064453125
876.7745361328125
837.2949829101562
857.0347290039062
1301.179443359375
1087.33203125
834.0050048828125
875.1295166015625
880.064453125
666.217041015625
838.9400024414062
863.6146850585938
880.064453125
876.7745361328125
837.2949829101562
860.32470703125
1301.179443359375
1087.33203125
838.9400024414062
861.9697265625
669.5070190429688
245.10206604003906
843.8749389648438
857.0347290039062
880.064453125
666.217041015625
838.9400024414062
860.32470703125
880.064453125
666.217041015625
838.9400024414062
860.32470703125
37.83454895019531
34.544586181640625
838.9400024414062
863.6146850585938
669.5070190429688
876.7745361328125
837.2949829101562
866.9046630859375
669.5070190429688
666.217041015625
845.5198974609375
863.6146850585938
458.94952392578125
666.217041015625
842.2299194335938
868.5496215820312
458.94952392578125
666.217041015625
847.1648559570312
875.1295166015625
248.39202880859375
455.6595458984375
855.3897705078125
868.5496215820312
1090.6219482421875
1297.8895263671875
838.9400024414062
871.839599609375
880.064453125
876.7745361328125
835.6500244140625
858.6797485351562
880.064453125
876.7745361328125
827.4251098632812
861.9697265625
669.5070190429688
455.6595458984375
834.0050048828125
866.9046630859375
248.39202880859375
455.6595458984375
845.5198974609375
860.32470703125
880.064453125
1087.33203125
847.1648559570312
870.194580078125
880.064453125
876.7745361328125
848.8098754882812
857.0347290039062
880.064453125
666.217041015625
834.0050048828125
875.1295166015625
1090.6219482421875
666.217041015625
848.8098754882812
873.4845581054688
1090.6219482421875
666.217041015625
840.5849609375
876.7745361328125
880.064453125
455.6595458984375
837.2949829101562
866.9046630859375
880.064453125
455.6595458984375
830.715087890625
853.7448120117188
669.5070190429688
245.10206604003906
824.1351318359375
850.454833984375
880.064453125
666.217041015625
829.070068359375
852.0997924804688
1301.179443359375
876.7745361328125
822.4901733398438
868.5496215820312
880.064453125
455.6595458984375
830.715087890625
878.4194946289062
669.5070190429688
455.6595458984375
843.8749389648438
875.1295166015625
248.39202880859375
245.10206604003906
843.8749389648438
858.6797485351562
669.5070190429688
666.217041015625
837.2949829101562
853.7448120117188
880.064453125
666.217041015625
835.6500244140625
860.32470703125
880.064453125
666.217041015625
832.3600463867188
866.9046630859375
669.5070190429688
455.6595458984375
837.2949829101562
876.7745361328125
458.94952392578125
455.6595458984375
855.3897705078125
876.7745361328125
564.228271484375
666.217041015625
850.454833984375
865.2596435546875
1195.9007568359375
1297.8895263671875
842.2299194335938
860.32470703125
880.064453125
771.4957885742188
840.5849609375
860.32470703125
774.7857666015625
771.4957885742188
834.0050048828125
865.2596435546875
774.7857666015625
666.217041015625
838.9400024414062
866.9046630859375
774.7857666015625
771.4957885742188
847.1648559570312
871.839599609375
1195.9007568359375
1087.33203125
847.1648559570312
866.9046630859375
985.3432006835938
876.7745361328125
840.5849609375
868.5496215820312
1090.6219482421875
876.7745361328125
840.5849609375
878.4194946289062
564.228271484375
560.9382934570312
850.454833984375
878.4194946289062
774.7857666015625
771.4957885742188
852.0997924804688
866.9046630859375
880.064453125
876.7745361328125
838.9400024414062
865.2596435546875
880.064453125
771.4957885742188
838.9400024414062
868.5496215820312
669.5070190429688
666.217041015625
843.8749389648438
868.5496215820312
880.064453125
876.7745361328125
838.9400024414062
863.6146850585938
985.3432006835938
876.7745361328125
842.2299194335938
870.194580078125
577.3881225585938
514.8788452148438
847.1648559570312
863.6146850585938
787.945556640625
725.4363403320312
845.5198974609375
850.454833984375
577.3881225585938
514.8788452148438
840.5849609375
858.6797485351562
682.6668701171875
725.4363403320312
838.9400024414062
850.454833984375
577.3881225585938
725.4363403320312
834.0050048828125
857.0347290039062
577.3881225585938
725.4363403320312
832.3600463867188
870.194580078125
366.83062744140625
514.8788452148438
848.8098754882812
858.6797485351562
366.83062744140625
514.8788452148438
840.5849609375
865.2596435546875
1209.060546875
1146.55126953125
838.9400024414062
860.32470703125
682.6668701171875
725.4363403320312
840.5849609375
848.8098754882812
998.5030517578125
935.9938354492188
824.1351318359375
853.7448120117188
577.3881225585938
514.8788452148438
827.4251098632812
853.7448120117188
577.3881225585938
725.4363403320312
830.715087890625
858.6797485351562
893.2243041992188
935.9938354492188
837.2949829101562
860.32470703125
787.945556640625
725.4363403320312
842.2299194335938
865.2596435546875
787.945556640625
725.4363403320312
847.1648559570312
863.6146850585938
787.945556640625
725.4363403320312
848.8098754882812
855.3897705078125
1103.7818603515625
1146.55126953125
838.9400024414062
861.9697265625
1103.7818603515625
1146.55126953125
838.9400024414062
861.9697265625
1103.7818603515625
1146.55126953125
838.9400024414062
866.9046630859375
998.5030517578125
935.9938354492188
838.9400024414062
868.5496215820312
577.3881225585938
725.4363403320312
847.1648559570312
853.7448120117188
998.5030517578125
1146.55126953125
837.2949829101562
848.8098754882812
1103.7818603515625
1146.55126953125
834.0050048828125
858.6797485351562
1209.060546875
1146.55126953125
835.6500244140625
861.9697265625
998.5030517578125
1146.55126953125
838.9400024414062
863.6146850585938
1419.6180419921875
1357.1087646484375
832.3600463867188
860.32470703125
577.3881225585938
514.8788452148438
835.6500244140625
840.5849609375
787.945556640625
935.9938354492188
825.7801513671875
850.454833984375
1419.6180419921875
1146.55126953125
822.4901733398438
855.3897705078125
787.945556640625
725.4363403320312
830.715087890625
858.6797485351562
998.5030517578125
935.9938354492188
830.715087890625
865.2596435546875
1103.7818603515625
935.9938354492188
835.6500244140625
861.9697265625
472.1093444824219
725.4363403320312
837.2949829101562
855.3897705078125
472.1093444824219
935.9938354492188
834.0050048828125
858.6797485351562
472.1093444824219
935.9938354492188
832.3600463867188
853.7448120117188
472.1093444824219
935.9938354492188
832.3600463867188
855.3897705078125
472.1093444824219
935.9938354492188
837.2949829101562
855.3897705078125
682.6668701171875
935.9938354492188
834.0050048828125
857.0347290039062
261.5518798828125
514.8788452148438
838.9400024414062
852.0997924804688
682.6668701171875
935.9938354492188
834.0050048828125
855.3897705078125
893.2243041992188
935.9938354492188
829.070068359375
860.32470703125
682.6668701171875
725.4363403320312
832.3600463867188
857.0347290039062
1103.7818603515625
935.9938354492188
824.1351318359375
855.3897705078125
472.1093444824219
304.32135009765625
829.070068359375
858.6797485351562
893.2243041992188
725.4363403320312
827.4251098632812
855.3897705078125
682.6668701171875
514.8788452148438
834.0050048828125
858.6797485351562
1103.7818603515625
935.9938354492188
835.6500244140625
855.3897705078125
893.2243041992188
725.4363403320312
837.2949829101562
845.5198974609375
1103.7818603515625
935.9938354492188
838.9400024414062
848.8098754882812
1314.3392333984375
1146.55126953125
825.7801513671875
845.5198974609375
893.2243041992188
725.4363403320312
825.7801513671875
843.8749389648438
893.2243041992188
935.9938354492188
819.2001953125
835.6500244140625
893.2243041992188
935.9938354492188
815.9102783203125
840.5849609375
682.6668701171875
935.9938354492188
825.7801513671875
843.8749389648438
1103.7818603515625
1357.1087646484375
822.4901733398438
840.5849609375
893.2243041992188
935.9938354492188
817.5552368164062
842.2299194335938
1103.7818603515625
1146.55126953125
810.9752807617188
840.5849609375
1103.7818603515625
935.9938354492188
812.6203002929688
845.5198974609375
1103.7818603515625
1146.55126953125
820.84521484375
840.5849609375
1314.3392333984375
1146.55126953125
817.5552368164062
853.7448120117188
682.6668701171875
514.8788452148438
838.9400024414062
853.7448120117188
682.6668701171875
725.4363403320312
840.5849609375
843.8749389648438
1103.7818603515625
935.9938354492188
829.070068359375
857.0347290039062
682.6668701171875
725.4363403320312
842.2299194335938
845.5198974609375
1103.7818603515625
1146.55126953125
827.4251098632812
852.0997924804688
261.5518798828125
93.76387786865234
832.3600463867188
860.32470703125
472.1093444824219
93.76387786865234
837.2949829101562
857.0347290039062
261.5518798828125
0.0
837.2949829101562
843.8749389648438
682.6668701171875
631.6724243164062
830.715087890625
847.1648559570312
682.6668701171875
631.6724243164062
827.4251098632812
858.6797485351562
472.1093444824219
631.6724243164062
837.2949829101562
865.2596435546875
472.1093444824219
631.6724243164062
835.6500244140625
855.3897705078125
50.99439239501953
210.55747985839844
834.0050048828125
845.5198974609375
893.2243041992188
1052.7874755859375
827.4251098632812
847.1648559570312
893.2243041992188
1052.7874755859375
832.3600463867188
848.8098754882812
893.2243041992188
1052.7874755859375
832.3600463867188
857.0347290039062
682.6668701171875
842.2299194335938
834.0050048828125
848.8098754882812
893.2243041992188
1052.7874755859375
829.070068359375
853.7448120117188
893.2243041992188
842.2299194335938
834.0050048828125
863.6146850585938
472.1093444824219
842.2299194335938
843.8749389648438
865.2596435546875
1314.3392333984375
1473.90234375
847.1648559570312
865.2596435546875
472.1093444824219
631.6724243164062
850.454833984375
855.3897705078125
472.1093444824219
842.2299194335938
843.8749389648438
853.7448120117188
682.6668701171875
1052.7874755859375
840.5849609375
852.0997924804688
682.6668701171875
1052.7874755859375
837.2949829101562
848.8098754882812
682.6668701171875
842.2299194335938
825.7801513671875
850.454833984375
682.6668701171875
842.2299194335938
830.715087890625
858.6797485351562
682.6668701171875
842.2299194335938
835.6500244140625
853.7448120117188
682.6668701171875
842.2299194335938
832.3600463867188
860.32470703125
472.1093444824219
631.6724243164062
845.5198974609375
860.32470703125
893.2243041992188
1052.7874755859375
845.5198974609375
858.6797485351562
893.2243041992188
1052.7874755859375
838.9400024414062
858.6797485351562
682.6668701171875
842.2299194335938
840.5849609375
858.6797485351562
1314.3392333984375
1473.90234375
834.0050048828125
855.3897705078125
893.2243041992188
842.2299194335938
838.9400024414062
865.2596435546875
472.1093444824219
842.2299194335938
855.3897705078125
870.194580078125
1103.7818603515625
1263.3448486328125
853.7448120117188
863.6146850585938
1103.7818603515625
1263.3448486328125
840.5849609375
866.9046630859375
682.6668701171875
842.2299194335938
845.5198974609375
865.2596435546875
893.2243041992188
1052.7874755859375
840.5849609375
871.839599609375
893.2243041992188
1052.7874755859375
845.5198974609375
871.839599609375
682.6668701171875
1052.7874755859375
855.3897705078125
858.6797485351562
1314.3392333984375
1682.81494140625
840.5849609375
863.6146850585938
1314.3392333984375
1472.2574462890625
843.8749389648438
863.6146850585938
893.2243041992188
1261.699951171875
847.1648559570312
863.6146850585938
682.6668701171875
1051.1424560546875
843.8749389648438
861.9697265625
1103.7818603515625
1472.2574462890625
845.5198974609375
860.32470703125
893.2243041992188
1051.1424560546875
845.5198974609375
860.32470703125
893.2243041992188
1261.699951171875
838.9400024414062
860.32470703125
1103.7818603515625
1472.2574462890625
842.2299194335938
860.32470703125
1103.7818603515625
1472.2574462890625
843.8749389648438
858.6797485351562
1103.7818603515625
1472.2574462890625
835.6500244140625
858.6797485351562
1314.3392333984375
1261.699951171875
835.6500244140625
870.194580078125
682.6668701171875
630.0274658203125
840.5849609375
863.6146850585938
1103.7818603515625
1051.1424560546875
835.6500244140625
858.6797485351562
1103.7818603515625
1051.1424560546875
840.5849609375
863.6146850585938
893.2243041992188
840.5849609375
840.5849609375
852.0997924804688
893.2243041992188
1051.1424560546875
832.3600463867188
850.454833984375
1314.3392333984375
1261.699951171875
832.3600463867188
863.6146850585938
472.1093444824219
630.0274658203125
838.9400024414062
857.0347290039062
1314.3392333984375
1472.2574462890625
829.070068359375
860.32470703125
893.2243041992188
1051.1424560546875
834.0050048828125
863.6146850585938
893.2243041992188
1051.1424560546875
834.0050048828125
855.3897705078125
893.2243041992188
1051.1424560546875
830.715087890625
863.6146850585938
682.6668701171875
1051.1424560546875
843.8749389648438
861.9697265625
893.2243041992188
1261.699951171875
835.6500244140625
845.5198974609375
893.2243041992188
1261.699951171875
824.1351318359375
837.2949829101562
1524.896728515625
1682.81494140625
819.2001953125
855.3897705078125
493.4941101074219
343.8009033203125
832.3600463867188
850.454833984375
704.0515747070312
764.9158325195312
830.715087890625
853.7448120117188
1230.4453125
1186.0308837890625
822.4901733398438
855.3897705078125
809.330322265625
764.9158325195312
829.070068359375
845.5198974609375
809.330322265625
764.9158325195312
822.4901733398438
852.0997924804688
809.330322265625
764.9158325195312
834.0050048828125
861.9697265625
598.7728271484375
764.9158325195312
850.454833984375
852.0997924804688
1019.8878173828125
1186.0308837890625
840.5849609375
845.5198974609375
1125.16650390625
1186.0308837890625
829.070068359375
845.5198974609375
1019.8878173828125
1186.0308837890625
830.715087890625
840.5849609375
1230.4453125
1186.0308837890625
822.4901733398438
853.7448120117188
704.0515747070312
764.9158325195312
834.0050048828125
855.3897705078125
704.0515747070312
764.9158325195312
832.3600463867188
848.8098754882812
1019.8878173828125
975.4733276367188
827.4251098632812
852.0997924804688
809.330322265625
764.9158325195312
832.3600463867188
852.0997924804688
914.6090698242188
975.4733276367188
830.715087890625
860.32470703125
809.330322265625
764.9158325195312
835.6500244140625
861.9697265625
388.2153625488281
554.3583984375
835.6500244140625
855.3897705078125
598.7728271484375
764.9158325195312
825.7801513671875
858.6797485351562
177.6578826904297
343.8009033203125
840.5849609375
850.454833984375
598.7728271484375
764.9158325195312
829.070068359375
847.1648559570312
809.330322265625
975.4733276367188
824.1351318359375
857.0347290039062
598.7728271484375
764.9158325195312
827.4251098632812
866.9046630859375
598.7728271484375
764.9158325195312
834.0050048828125
853.7448120117188
598.7728271484375
764.9158325195312
835.6500244140625
848.8098754882812
598.7728271484375
764.9158325195312
832.3600463867188
852.0997924804688
1230.4453125
1396.5882568359375
829.070068359375
850.454833984375
1019.8878173828125
975.4733276367188
822.4901733398438
855.3897705078125
1230.4453125
1186.0308837890625
824.1351318359375
853.7448120117188
809.330322265625
764.9158325195312
837.2949829101562
848.8098754882812
809.330322265625
975.4733276367188
834.0050048828125
857.0347290039062
1019.8878173828125
975.4733276367188
834.0050048828125
865.2596435546875
1019.8878173828125
975.4733276367188
835.6500244140625
860.32470703125
914.6090698242188
764.9158325195312
835.6500244140625
852.0997924804688
1019.8878173828125
870.194580078125
827.4251098632812
857.0347290039062
1230.4453125
975.4733276367188
837.2949829101562
865.2596435546875
1125.16650390625
764.9158325195312
838.9400024414062
858.6797485351562
1125.16650390625
764.9158325195312
834.0050048828125
850.454833984375
1125.16650390625
659.6371459960938
832.3600463867188
860.32470703125
809.330322265625
449.0796203613281
832.3600463867188
855.3897705078125
1441.0028076171875
1080.7520751953125
829.070068359375
852.0997924804688
1441.0028076171875
1080.7520751953125
827.4251098632812
852.0997924804688
1125.16650390625
870.194580078125
830.715087890625
853.7448120117188
809.330322265625
659.6371459960938
838.9400024414062
850.454833984375
809.330322265625
764.9158325195312
829.070068359375
865.2596435546875
914.6090698242188
870.194580078125
840.5849609375
861.9697265625
914.6090698242188
870.194580078125
838.9400024414062
861.9697265625
1230.4453125
1080.7520751953125
830.715087890625
863.6146850585938
598.7728271484375
449.0796203613281
835.6500244140625
857.0347290039062
809.330322265625
659.6371459960938
830.715087890625
861.9697265625
809.330322265625
870.194580078125
834.0050048828125
860.32470703125
809.330322265625
1080.7520751953125
840.5849609375
868.5496215820312
1019.8878173828125
1080.7520751953125
842.2299194335938
871.839599609375
388.2153625488281
449.0796203613281
845.5198974609375
865.2596435546875
177.6578826904297
449.0796203613281
847.1648559570312
858.6797485351562
809.330322265625
1080.7520751953125
840.5849609375
858.6797485351562
598.7728271484375
870.194580078125
845.5198974609375
855.3897705078125
1019.8878173828125
1291.3095703125
838.9400024414062
852.0997924804688
1230.4453125
1291.3095703125
832.3600463867188
860.32470703125
598.7728271484375
659.6371459960938
845.5198974609375
863.6146850585938
598.7728271484375
659.6371459960938
852.0997924804688
855.3897705078125
1019.8878173828125
1080.7520751953125
842.2299194335938
861.9697265625
1019.8878173828125
1080.7520751953125
852.0997924804688
865.2596435546875
809.330322265625
870.194580078125
843.8749389648438
858.6797485351562
1230.4453125
1291.3095703125
838.9400024414062
860.32470703125
809.330322265625
659.6371459960938
845.5198974609375
866.9046630859375
598.7728271484375
238.52215576171875
852.0997924804688
858.6797485351562
1019.8878173828125
449.0796203613281
848.8098754882812
863.6146850585938
1019.8878173828125
449.0796203613281
847.1648559570312
871.839599609375
598.7728271484375
27.96466636657715
850.454833984375
858.6797485351562
598.7728271484375
238.52215576171875
842.2299194335938
860.32470703125
598.7728271484375
238.52215576171875
845.5198974609375
858.6797485351562
177.6578826904297
27.96466636657715
847.1648559570312
850.454833984375
809.330322265625
659.6371459960938
840.5849609375
860.32470703125
598.7728271484375
238.52215576171875
843.8749389648438
865.2596435546875
388.2153625488281
238.52215576171875
845.5198974609375
863.6146850585938
1019.8878173828125
870.194580078125
843.8749389648438
866.9046630859375
809.330322265625
659.6371459960938
842.2299194335938
857.0347290039062
1019.8878173828125
870.194580078125
835.6500244140625
863.6146850585938
598.7728271484375
238.52215576171875
845.5198974609375
857.0347290039062
177.6578826904297
238.52215576171875
837.2949829101562
855.3897705078125
1019.8878173828125
975.4733276367188
835.6500244140625
860.32470703125
914.6090698242188
764.9158325195312
838.9400024414062
857.0347290039062
1230.4453125
975.4733276367188
835.6500244140625
866.9046630859375
598.7728271484375
343.8009033203125
850.454833984375
866.9046630859375
809.330322265625
764.9158325195312
847.1648559570312
865.2596435546875
809.330322265625
659.6371459960938
842.2299194335938
861.9697265625
598.7728271484375
659.6371459960938
842.2299194335938
860.32470703125
1019.8878173828125
1080.7520751953125
834.0050048828125
863.6146850585938
914.6090698242188
975.4733276367188
840.5849609375
858.6797485351562
914.6090698242188
975.4733276367188
837.2949829101562
863.6146850585938
914.6090698242188
975.4733276367188
837.2949829101562
861.9697265625
914.6090698242188
975.4733276367188
837.2949829101562
863.6146850585938
914.6090698242188
975.4733276367188
837.2949829101562
871.839599609375
809.330322265625
870.194580078125
843.8749389648438
861.9697265625
809.330322265625
870.194580078125
843.8749389648438
861.9697265625
809.330322265625
870.194580078125
843.8749389648438
861.9697265625
598.7728271484375
659.6371459960938
842.2299194335938
868.5496215820312
388.2153625488281
659.6371459960938
848.8098754882812
866.9046630859375
809.330322265625
1291.3095703125
840.5849609375
878.4194946289062
598.7728271484375
870.194580078125
848.8098754882812
863.6146850585938
177.6578826904297
659.6371459960938
845.5198974609375
850.454833984375
1019.8878173828125
1291.3095703125
832.3600463867188
860.32470703125
809.330322265625
870.194580078125
835.6500244140625
857.0347290039062
809.330322265625
870.194580078125
829.070068359375
863.6146850585938
1651.560302734375
1501.8670654296875
825.7801513671875
871.839599609375
598.7728271484375
449.0796203613281
840.5849609375
863.6146850585938
598.7728271484375
659.6371459960938
838.9400024414062
858.6797485351562
809.330322265625
870.194580078125
832.3600463867188
858.6797485351562
598.7728271484375
659.6371459960938
838.9400024414062
855.3897705078125
598.7728271484375
659.6371459960938
832.3600463867188
853.7448120117188
1230.4453125
1080.7520751953125
834.0050048828125
857.0347290039062
598.7728271484375
449.0796203613281
843.8749389648438
842.2299194335938
1019.8878173828125
1080.7520751953125
829.070068359375
853.7448120117188
388.2153625488281
449.0796203613281
832.3600463867188
848.8098754882812
0.0
449.0796203613281
832.3600463867188
842.2299194335938
631.6724243164062
870.194580078125
827.4251098632812
837.2949829101562
210.55747985839844
449.0796203613281
827.4251098632812
829.070068359375
842.2299194335938
1080.7520751953125
824.1351318359375
834.0050048828125
421.1149597167969
449.0796203613281
829.070068359375
840.5849609375
421.1149597167969
449.0796203613281
825.7801513671875
838.9400024414062
631.6724243164062
449.0796203613281
825.7801513671875
832.3600463867188
842.2299194335938
659.6371459960938
820.84521484375
834.0050048828125
842.2299194335938
449.0796203613281
819.2001953125
842.2299194335938
631.6724243164062
449.0796203613281
827.4251098632812
840.5849609375
631.6724243164062
449.0796203613281
827.4251098632812
837.2949829101562
421.1149597167969
449.0796203613281
824.1351318359375
837.2949829101562
1263.3448486328125
1291.3095703125
814.2652587890625
842.2299194335938
842.2299194335938
659.6371459960938
820.84521484375
840.5849609375
445.7896728515625
491.84912109375
817.5552368164062
842.2299194335938
1288.0196533203125
1334.0791015625
820.84521484375
842.2299194335938
1288.0196533203125
1123.5216064453125
824.1351318359375
832.3600463867188
1077.462158203125
1123.5216064453125
817.5552368164062
837.2949829101562
1077.462158203125
1123.5216064453125
822.4901733398438
843.8749389648438
656.34716796875
702.4066162109375
824.1351318359375
838.9400024414062
1077.462158203125
1123.5216064453125
820.84521484375
842.2299194335938
1498.5771484375
1334.0791015625
819.2001953125
845.5198974609375
866.9046630859375
702.4066162109375
829.070068359375
838.9400024414062
1682.81494140625
1334.0791015625
814.2652587890625
847.1648559570312
1051.1424560546875
702.4066162109375
820.84521484375
845.5198974609375
1261.699951171875
1123.5216064453125
820.84521484375
850.454833984375
840.5849609375
702.4066162109375
824.1351318359375
843.8749389648438
840.5849609375
912.964111328125
817.5552368164062
852.0997924804688
1051.1424560546875
912.964111328125
825.7801513671875
855.3897705078125
419.4700012207031
491.84912109375
829.070068359375
847.1648559570312
630.0274658203125
702.4066162109375
820.84521484375
847.1648559570312
1261.699951171875
1123.5216064453125
820.84521484375
853.7448120117188
1051.1424560546875
1123.5216064453125
825.7801513671875
853.7448120117188
1051.1424560546875
1334.0791015625
825.7801513671875
855.3897705078125
1261.699951171875
1334.0791015625
832.3600463867188
857.0347290039062
419.4700012207031
491.84912109375
842.2299194335938
848.8098754882812
1051.1424560546875
1123.5216064453125
837.2949829101562
863.6146850585938
840.5849609375
702.4066162109375
838.9400024414062
855.3897705078125
840.5849609375
912.964111328125
834.0050048828125
845.5198974609375
1261.699951171875
1123.5216064453125
822.4901733398438
858.6797485351562
630.0274658203125
702.4066162109375
834.0050048828125
848.8098754882812
1051.1424560546875
1334.0791015625
835.6500244140625
863.6146850585938
840.5849609375
912.964111328125
847.1648559570312
858.6797485351562
840.5849609375
912.964111328125
848.8098754882812
853.7448120117188
840.5849609375
912.964111328125
838.9400024414062
857.0347290039062
840.5849609375
1123.5216064453125
830.715087890625
857.0347290039062
1051.1424560546875
1123.5216064453125
830.715087890625
860.32470703125
1261.699951171875
912.964111328125
835.6500244140625
860.32470703125
1472.2574462890625
702.4066162109375
838.9400024414062
865.2596435546875
840.5849609375
70.7341537475586
850.454833984375
858.6797485351562
1472.2574462890625
912.964111328125
838.9400024414062
860.32470703125
1472.2574462890625
912.964111328125
838.9400024414062
868.5496215820312
1051.1424560546875
702.4066162109375
852.0997924804688
873.4845581054688
1472.2574462890625
1123.5216064453125
848.8098754882812
865.2596435546875
1261.699951171875
912.964111328125
847.1648559570312
863.6146850585938
1261.699951171875
1123.5216064453125
848.8098754882812
860.32470703125
1472.2574462890625
1123.5216064453125
842.2299194335938
871.839599609375
630.0274658203125
491.84912109375
848.8098754882812
870.194580078125
840.5849609375
702.4066162109375
853.7448120117188
865.2596435546875
840.5849609375
702.4066162109375
845.5198974609375
865.2596435546875
1051.1424560546875
702.4066162109375
840.5849609375
868.5496215820312
630.0274658203125
491.84912109375
848.8098754882812
866.9046630859375
630.0274658203125
491.84912109375
845.5198974609375
871.839599609375
419.4700012207031
386.57037353515625
850.454833984375
870.194580078125
630.0274658203125
912.964111328125
848.8098754882812
866.9046630859375
630.0274658203125
912.964111328125
838.9400024414062
873.4845581054688
419.4700012207031
702.4066162109375
847.1648559570312
868.5496215820312
0.0
281.2916259765625
850.454833984375
871.839599609375
0.0
281.2916259765625
852.0997924804688
870.194580078125
421.1149597167969
807.6853637695312
845.5198974609375
868.5496215820312
421.1149597167969
597.1278686523438
843.8749389648438
866.9046630859375
210.55747985839844
597.1278686523438
850.454833984375
857.0347290039062
631.6724243164062
912.964111328125
843.8749389648438
852.0997924804688
842.2299194335938
1018.2428588867188
837.2949829101562
857.0347290039062
421.1149597167969
597.1278686523438
838.9400024414062
863.6146850585938
421.1149597167969
597.1278686523438
843.8749389648438
863.6146850585938
421.1149597167969
597.1278686523438
845.5198974609375
861.9697265625
421.1149597167969
597.1278686523438
845.5198974609375
855.3897705078125
1052.7874755859375
1123.5216064453125
838.9400024414062
853.7448120117188
1263.3448486328125
912.964111328125
834.0050048828125
861.9697265625
631.6724243164062
491.84912109375
843.8749389648438
852.0997924804688
1052.7874755859375
1123.5216064453125
835.6500244140625
855.3897705078125
1052.7874755859375
1123.5216064453125
830.715087890625
858.6797485351562
631.6724243164062
702.4066162109375
835.6500244140625
853.7448120117188
842.2299194335938
912.964111328125
830.715087890625
870.194580078125
631.6724243164062
702.4066162109375
840.5849609375
855.3897705078125
631.6724243164062
702.4066162109375
837.2949829101562
858.6797485351562
1052.7874755859375
912.964111328125
838.9400024414062
861.9697265625
631.6724243164062
491.84912109375
845.5198974609375
863.6146850585938
631.6724243164062
702.4066162109375
845.5198974609375
853.7448120117188
1052.7874755859375
1123.5216064453125
827.4251098632812
858.6797485351562
421.1149597167969
491.84912109375
834.0050048828125
855.3897705078125
1052.7874755859375
1123.5216064453125
825.7801513671875
855.3897705078125
842.2299194335938
702.4066162109375
834.0050048828125
857.0347290039062
421.1149597167969
491.84912109375
843.8749389648438
857.0347290039062
1052.7874755859375
912.964111328125
832.3600463867188
838.9400024414062
1052.7874755859375
912.964111328125
829.070068359375
848.8098754882812
631.6724243164062
491.84912109375
835.6500244140625
850.454833984375
631.6724243164062
491.84912109375
842.2299194335938
837.2949829101562
1052.7874755859375
702.4066162109375
825.7801513671875
857.0347290039062
421.1149597167969
281.2916259765625
834.0050048828125
845.5198974609375
1052.7874755859375
912.964111328125
825.7801513671875
843.8749389648438
1052.7874755859375
702.4066162109375
815.9102783203125
838.9400024414062
631.6724243164062
702.4066162109375
820.84521484375
834.0050048828125
1263.3448486328125
912.964111328125
810.9752807617188
847.1648559570312
631.6724243164062
281.2916259765625
822.4901733398438
853.7448120117188
631.6724243164062
491.84912109375
834.0050048828125
855.3897705078125
631.6724243164062
491.84912109375
827.4251098632812
842.2299194335938
1263.3448486328125
1123.5216064453125
820.84521484375
845.5198974609375
1052.7874755859375
912.964111328125
822.4901733398438
845.5198974609375
1052.7874755859375
912.964111328125
822.4901733398438
863.6146850585938
631.6724243164062
491.84912109375
840.5849609375
847.1648559570312
1052.7874755859375
1123.5216064453125
827.4251098632812
845.5198974609375
1052.7874755859375
912.964111328125
827.4251098632812
845.5198974609375
1052.7874755859375
1123.5216064453125
827.4251098632812
845.5198974609375
1263.3448486328125
1123.5216064453125
825.7801513671875
860.32470703125
631.6724243164062
702.4066162109375
832.3600463867188
855.3897705078125
1052.7874755859375
1123.5216064453125
825.7801513671875
857.0347290039062
631.6724243164062
702.4066162109375
835.6500244140625
852.0997924804688
631.6724243164062
912.964111328125
829.070068359375
840.5849609375
842.2299194335938
912.964111328125
820.84521484375
847.1648559570312
842.2299194335938
912.964111328125
827.4251098632812
853.7448120117188
631.6724243164062
702.4066162109375
829.070068359375
861.9697265625
631.6724243164062
702.4066162109375
835.6500244140625
857.0347290039062
1052.7874755859375
1123.5216064453125
835.6500244140625
858.6797485351562
631.6724243164062
702.4066162109375
832.3600463867188
842.2299194335938
1263.3448486328125
1334.0791015625
822.4901733398438
847.1648559570312
631.6724243164062
491.84912109375
830.715087890625
848.8098754882812
421.1149597167969
491.84912109375
832.3600463867188
850.454833984375
1263.3448486328125
1123.5216064453125
827.4251098632812
858.6797485351562
631.6724243164062
491.84912109375
840.5849609375
866.9046630859375
631.6724243164062
702.4066162109375
840.5849609375
870.194580078125
631.6724243164062
702.4066162109375
843.8749389648438
863.6146850585938
421.1149597167969
491.84912109375
852.0997924804688
863.6146850585938
631.6724243164062
702.4066162109375
843.8749389648438
858.6797485351562
631.6724243164062
702.4066162109375
834.0050048828125
853.7448120117188
631.6724243164062
491.84912109375
830.715087890625
860.32470703125
631.6724243164062
491.84912109375
834.0050048828125
853.7448120117188
1263.3448486328125
1123.5216064453125
827.4251098632812
863.6146850585938
421.1149597167969
281.2916259765625
845.5198974609375
868.5496215820312
1052.7874755859375
1123.5216064453125
838.9400024414062
876.7745361328125
631.6724243164062
491.84912109375
840.5849609375
876.7745361328125
421.1149597167969
491.84912109375
847.1648559570312
868.5496215820312
1001.7930297851562
975.4733276367188
840.5849609375
860.32470703125
1212.3504638671875
1186.0308837890625
845.5198974609375
858.6797485351562
1212.3504638671875
1396.5882568359375
850.454833984375
863.6146850585938
1212.3504638671875
1396.5882568359375
852.0997924804688
857.0347290039062
1001.7930297851562
1186.0308837890625
843.8749389648438
855.3897705078125
1001.7930297851562
1186.0308837890625
840.5849609375
857.0347290039062
1422.907958984375
1396.5882568359375
838.9400024414062
858.6797485351562
791.2355346679688
764.9158325195312
838.9400024414062
857.0347290039062
1212.3504638671875
1396.5882568359375
832.3600463867188
855.3897705078125
1001.7930297851562
975.4733276367188
842.2299194335938
853.7448120117188
1001.7930297851562
1186.0308837890625
838.9400024414062
853.7448120117188
1212.3504638671875
1186.0308837890625
837.2949829101562
870.194580078125
370.1205749511719
554.3583984375
845.5198974609375
861.9697265625
1001.7930297851562
1186.0308837890625
837.2949829101562
858.6797485351562
791.2355346679688
764.9158325195312
838.9400024414062
868.5496215820312
791.2355346679688
975.4733276367188
847.1648559570312
852.0997924804688
1001.7930297851562
975.4733276367188
829.070068359375
843.8749389648438
791.2355346679688
1186.0308837890625
819.2001953125
852.0997924804688
580.6780395507812
1186.0308837890625
829.070068359375
845.5198974609375
791.2355346679688
1607.145751953125
827.4251098632812
863.6146850585938
580.6780395507812
1186.0308837890625
837.2949829101562
868.5496215820312
370.1205749511719
1186.0308837890625
842.2299194335938
865.2596435546875
580.6780395507812
1186.0308837890625
845.5198974609375
866.9046630859375
370.1205749511719
975.4733276367188
850.454833984375
863.6146850585938
1001.7930297851562
1607.145751953125
840.5849609375
868.5496215820312
791.2355346679688
1186.0308837890625
842.2299194335938
870.194580078125
791.2355346679688
1186.0308837890625
842.2299194335938
857.0347290039062
1001.7930297851562
1186.0308837890625
829.070068359375
857.0347290039062
580.6780395507812
975.4733276367188
834.0050048828125
852.0997924804688
1212.3504638671875
1396.5882568359375
830.715087890625
858.6797485351562
580.6780395507812
764.9158325195312
837.2949829101562
868.5496215820312
580.6780395507812
764.9158325195312
835.6500244140625
863.6146850585938
1001.7930297851562
975.4733276367188
835.6500244140625
870.194580078125
791.2355346679688
975.4733276367188
840.5849609375
857.0347290039062
1422.907958984375
1396.5882568359375
829.070068359375
873.4845581054688
580.6780395507812
554.3583984375
852.0997924804688
863.6146850585938
1001.7930297851562
975.4733276367188
837.2949829101562
860.32470703125
791.2355346679688
764.9158325195312
835.6500244140625
861.9697265625
791.2355346679688
975.4733276367188
842.2299194335938
850.454833984375
1001.7930297851562
975.4733276367188
838.9400024414062
865.2596435546875
370.1205749511719
554.3583984375
845.5198974609375
860.32470703125
1001.7930297851562
1186.0308837890625
843.8749389648438
858.6797485351562
791.2355346679688
764.9158325195312
847.1648559570312
858.6797485351562
580.6780395507812
764.9158325195312
832.3600463867188
860.32470703125
580.6780395507812
764.9158325195312
838.9400024414062
861.9697265625
580.6780395507812
764.9158325195312
843.8749389648438
860.32470703125
1001.7930297851562
975.4733276367188
834.0050048828125
870.194580078125
791.2355346679688
764.9158325195312
838.9400024414062
860.32470703125
1001.7930297851562
975.4733276367188
829.070068359375
863.6146850585938
1001.7930297851562
975.4733276367188
825.7801513671875
860.32470703125
1001.7930297851562
1186.0308837890625
832.3600463867188
860.32470703125
1422.907958984375
1607.145751953125
834.0050048828125
865.2596435546875
685.956787109375
1186.0308837890625
837.2949829101562
852.0997924804688
1107.07177734375
1607.145751953125
827.4251098632812
861.9697265625
896.5142822265625
1396.5882568359375
838.9400024414062
853.7448120117188
896.5142822265625
1396.5882568359375
837.2949829101562
855.3897705078125
791.2355346679688
1186.0308837890625
840.5849609375
850.454833984375
1001.7930297851562
1396.5882568359375
843.8749389648438
847.1648559570312
1107.07177734375
1396.5882568359375
835.6500244140625
850.454833984375
1107.07177734375
1396.5882568359375
832.3600463867188
850.454833984375
1317.6292724609375
1396.5882568359375
834.0050048828125
858.6797485351562
580.6780395507812
764.9158325195312
847.1648559570312
845.5198974609375
896.5142822265625
975.4733276367188
834.0050048828125
853.7448120117188
896.5142822265625
975.4733276367188
837.2949829101562
857.0347290039062
1107.07177734375
975.4733276367188
835.6500244140625
853.7448120117188
475.3993225097656
554.3583984375
834.0050048828125
848.8098754882812
475.3993225097656
764.9158325195312
837.2949829101562
855.3897705078125
264.8418273925781
764.9158325195312
837.2949829101562
863.6146850585938
0.0
343.8009033203125
845.5198974609375
855.3897705078125
421.1149597167969
764.9158325195312
838.9400024414062
858.6797485351562
210.55747985839844
343.8009033203125
845.5198974609375
853.7448120117188
210.55747985839844
343.8009033203125
832.3600463867188
842.2299194335938
1052.7874755859375
975.4733276367188
817.5552368164062
852.0997924804688
842.2299194335938
554.3583984375
820.84521484375
848.8098754882812
631.6724243164062
343.8009033203125
820.84521484375
852.0997924804688
421.1149597167969
343.8009033203125
832.3600463867188
852.0997924804688
1052.7874755859375
975.4733276367188
827.4251098632812
848.8098754882812
842.2299194335938
554.3583984375
824.1351318359375
842.2299194335938
1263.3448486328125
1186.0308837890625
820.84521484375
850.454833984375
842.2299194335938
554.3583984375
835.6500244140625
842.2299194335938
631.6724243164062
554.3583984375
834.0050048828125
838.9400024414062
842.2299194335938
554.3583984375
829.070068359375
840.5849609375
1052.7874755859375
554.3583984375
834.0050048828125
840.5849609375
1682.81494140625
764.9158325195312
824.1351318359375
848.8098754882812
1682.81494140625
975.4733276367188
822.4901733398438
855.3897705078125
1472.2574462890625
764.9158325195312
827.4251098632812
853.7448120117188
1051.1424560546875
554.3583984375
830.715087890625
850.454833984375
1261.699951171875
975.4733276367188
830.715087890625
855.3897705078125
1261.699951171875
975.4733276367188
835.6500244140625
852.0997924804688
1261.699951171875
975.4733276367188
832.3600463867188
857.0347290039062
1261.699951171875
975.4733276367188
827.4251098632812
861.9697265625
630.0274658203125
343.8009033203125
838.9400024414062
860.32470703125
1051.1424560546875
975.4733276367188
830.715087890625
855.3897705078125
1051.1424560546875
975.4733276367188
829.070068359375
853.7448120117188
840.5849609375
764.9158325195312
829.070068359375
853.7448120117188
1051.1424560546875
975.4733276367188
829.070068359375
855.3897705078125
419.4700012207031
343.8009033203125
838.9400024414062
863.6146850585938
630.0274658203125
764.9158325195312
837.2949829101562
855.3897705078125
1051.1424560546875
975.4733276367188
832.3600463867188
860.32470703125
419.4700012207031
343.8009033203125
840.5849609375
852.0997924804688
1261.699951171875
1186.0308837890625
830.715087890625
855.3897705078125
1051.1424560546875
764.9158325195312
832.3600463867188
860.32470703125
630.0274658203125
554.3583984375
830.715087890625
865.2596435546875
840.5849609375
764.9158325195312
829.070068359375
866.9046630859375
630.0274658203125
554.3583984375
835.6500244140625
848.8098754882812
1051.1424560546875
975.4733276367188
819.2001953125
857.0347290039062
630.0274658203125
343.8009033203125
832.3600463867188
848.8098754882812
1051.1424560546875
764.9158325195312
825.7801513671875
860.32470703125
1051.1424560546875
764.9158325195312
834.0050048828125
868.5496215820312
630.0274658203125
554.3583984375
838.9400024414062
852.0997924804688
840.5849609375
764.9158325195312
838.9400024414062
853.7448120117188
419.4700012207031
343.8009033203125
850.454833984375
850.454833984375
840.5849609375
975.4733276367188
832.3600463867188
853.7448120117188
630.0274658203125
764.9158325195312
837.2949829101562
860.32470703125
208.91250610351562
343.8009033203125
832.3600463867188
861.9697265625
419.4700012207031
343.8009033203125
829.070068359375
863.6146850585938
419.4700012207031
343.8009033203125
840.5849609375
863.6146850585938
840.5849609375
764.9158325195312
842.2299194335938
861.9697265625
630.0274658203125
343.8009033203125
845.5198974609375
863.6146850585938
630.0274658203125
343.8009033203125
847.1648559570312
860.32470703125
1051.1424560546875
764.9158325195312
843.8749389648438
865.2596435546875
1051.1424560546875
764.9158325195312
842.2299194335938
860.32470703125
630.0274658203125
554.3583984375
842.2299194335938
857.0347290039062
1261.699951171875
1186.0308837890625
830.715087890625
873.4845581054688
419.4700012207031
133.243408203125
843.8749389648438
863.6146850585938
630.0274658203125
554.3583984375
842.2299194335938
860.32470703125
840.5849609375
764.9158325195312
838.9400024414062
858.6797485351562
840.5849609375
764.9158325195312
845.5198974609375
855.3897705078125
630.0274658203125
554.3583984375
845.5198974609375
853.7448120117188
1304.4693603515625
1289.66455078125
834.0050048828125
857.0347290039062
1093.9119873046875
868.5496215820312
847.1648559570312
847.1648559570312
883.3544311523438
868.5496215820312
835.6500244140625
852.0997924804688
1304.4693603515625
1289.66455078125
835.6500244140625
861.9697265625
883.3544311523438
868.5496215820312
845.5198974609375
865.2596435546875
1093.9119873046875
1289.66455078125
848.8098754882812
871.839599609375
1093.9119873046875
1079.1070556640625
857.0347290039062
873.4845581054688
1093.9119873046875
1079.1070556640625
853.7448120117188
868.5496215820312
1304.4693603515625
1079.1070556640625
850.454833984375
861.9697265625
672.7969360351562
657.9921264648438
847.1648559570312
861.9697265625
883.3544311523438
1079.1070556640625
845.5198974609375
855.3897705078125
462.2394714355469
657.9921264648438
845.5198974609375
861.9697265625
883.3544311523438
1079.1070556640625
840.5849609375
861.9697265625
1093.9119873046875
1079.1070556640625
838.9400024414062
861.9697265625
672.7969360351562
657.9921264648438
840.5849609375
861.9697265625
1093.9119873046875
1079.1070556640625
827.4251098632812
875.1295166015625
672.7969360351562
447.4346618652344
843.8749389648438
868.5496215820312
672.7969360351562
236.87716674804688
843.8749389648438
861.9697265625
1093.9119873046875
657.9921264648438
835.6500244140625
858.6797485351562
883.3544311523438
447.4346618652344
843.8749389648438
861.9697265625
672.7969360351562
447.4346618652344
838.9400024414062
858.6797485351562
883.3544311523438
657.9921264648438
834.0050048828125
860.32470703125
672.7969360351562
447.4346618652344
847.1648559570312
852.0997924804688
883.3544311523438
868.5496215820312
835.6500244140625
857.0347290039062
883.3544311523438
657.9921264648438
843.8749389648438
858.6797485351562
883.3544311523438
657.9921264648438
847.1648559570312
850.454833984375
1093.9119873046875
868.5496215820312
835.6500244140625
852.0997924804688
672.7969360351562
447.4346618652344
830.715087890625
843.8749389648438
1304.4693603515625
1079.1070556640625
820.84521484375
842.2299194335938
883.3544311523438
447.4346618652344
824.1351318359375
857.0347290039062
251.68199157714844
236.87716674804688
837.2949829101562
843.8749389648438
1093.9119873046875
1079.1070556640625
834.0050048828125
853.7448120117188
883.3544311523438
657.9921264648438
838.9400024414062
847.1648559570312
672.7969360351562
1079.1070556640625
827.4251098632812
847.1648559570312
883.3544311523438
1079.1070556640625
827.4251098632812
855.3897705078125
462.2394714355469
657.9921264648438
840.5849609375
848.8098754882812
672.7969360351562
868.5496215820312
835.6500244140625
847.1648559570312
462.2394714355469
657.9921264648438
830.715087890625
850.454833984375
883.3544311523438
1079.1070556640625
835.6500244140625
855.3897705078125
883.3544311523438
868.5496215820312
830.715087890625
850.454833984375
883.3544311523438
868.5496215820312
825.7801513671875
855.3897705078125
1304.4693603515625
1079.1070556640625
829.070068359375
860.32470703125
672.7969360351562
447.4346618652344
835.6500244140625
855.3897705078125
883.3544311523438
868.5496215820312
840.5849609375
863.6146850585938
1093.9119873046875
868.5496215820312
838.9400024414062
860.32470703125
883.3544311523438
447.4346618652344
835.6500244140625
853.7448120117188
1093.9119873046875
868.5496215820312
830.715087890625
863.6146850585938
1093.9119873046875
868.5496215820312
840.5849609375
861.9697265625
251.68199157714844
236.87716674804688
852.0997924804688
853.7448120117188
883.3544311523438
1079.1070556640625
843.8749389648438
848.8098754882812
672.7969360351562
657.9921264648438
830.715087890625
855.3897705078125
672.7969360351562
657.9921264648438
832.3600463867188
858.6797485351562
1093.9119873046875
868.5496215820312
832.3600463867188
853.7448120117188
462.2394714355469
236.87716674804688
838.9400024414062
848.8098754882812
883.3544311523438
657.9921264648438
832.3600463867188
853.7448120117188
672.7969360351562
236.87716674804688
840.5849609375
858.6797485351562
672.7969360351562
236.87716674804688
838.9400024414062
853.7448120117188
1304.4693603515625
868.5496215820312
832.3600463867188
855.3897705078125
1093.9119873046875
657.9921264648438
834.0050048828125
853.7448120117188
1093.9119873046875
868.5496215820312
829.070068359375
852.0997924804688
1093.9119873046875
657.9921264648438
829.070068359375
858.6797485351562
672.7969360351562
447.4346618652344
840.5849609375
857.0347290039062
883.3544311523438
657.9921264648438
838.9400024414062
850.454833984375
1093.9119873046875
868.5496215820312
837.2949829101562
858.6797485351562
883.3544311523438
657.9921264648438
840.5849609375
858.6797485351562
672.7969360351562
868.5496215820312
837.2949829101562
853.7448120117188
1093.9119873046875
1289.66455078125
835.6500244140625
860.32470703125
672.7969360351562
868.5496215820312
840.5849609375
860.32470703125
672.7969360351562
1079.1070556640625
843.8749389648438
853.7448120117188
672.7969360351562
1079.1070556640625
842.2299194335938
863.6146850585938
251.68199157714844
657.9921264648438
852.0997924804688
850.454833984375
672.7969360351562
1289.66455078125
838.9400024414062
845.5198974609375
1304.4693603515625
1682.81494140625
827.4251098632812
852.0997924804688
462.2394714355469
630.0274658203125
835.6500244140625
860.32470703125
462.2394714355469
840.5849609375
838.9400024414062
865.2596435546875
462.2394714355469
840.5849609375
843.8749389648438
861.9697265625
462.2394714355469
840.5849609375
840.5849609375
855.3897705078125
672.7969360351562
1051.1424560546875
838.9400024414062
848.8098754882812
1093.9119873046875
1261.699951171875
832.3600463867188
860.32470703125
672.7969360351562
840.5849609375
843.8749389648438
870.194580078125
672.7969360351562
840.5849609375
843.8749389648438
866.9046630859375
883.3544311523438
1156.421142578125
845.5198974609375
875.1295166015625
41.124507904052734
208.91250610351562
857.0347290039062
870.194580078125
251.68199157714844
630.0274658203125
848.8098754882812
865.2596435546875
251.68199157714844
524.7487182617188
845.5198974609375
866.9046630859375
462.2394714355469
735.3062133789062
843.8749389648438
866.9046630859375
462.2394714355469
630.0274658203125
843.8749389648438
866.9046630859375
462.2394714355469
630.0274658203125
845.5198974609375
875.1295166015625
462.2394714355469
524.7487182617188
855.3897705078125
871.839599609375
462.2394714355469
630.0274658203125
852.0997924804688
866.9046630859375
1093.9119873046875
1156.421142578125
835.6500244140625
871.839599609375
883.3544311523438
735.3062133789062
847.1648559570312
875.1295166015625
672.7969360351562
630.0274658203125
848.8098754882812
876.7745361328125
462.2394714355469
419.4700012207031
848.8098754882812
875.1295166015625
672.7969360351562
735.3062133789062
850.454833984375
875.1295166015625
672.7969360351562
630.0274658203125
850.454833984375
868.5496215820312
672.7969360351562
735.3062133789062
845.5198974609375
861.9697265625
883.3544311523438
945.8637084960938
837.2949829101562
866.9046630859375
462.2394714355469
524.7487182617188
842.2299194335938
863.6146850585938
672.7969360351562
735.3062133789062
840.5849609375
866.9046630859375
672.7969360351562
524.7487182617188
848.8098754882812
871.839599609375
41.124507904052734
103.63375854492188
857.0347290039062
871.839599609375
462.2394714355469
524.7487182617188
838.9400024414062
866.9046630859375
251.68199157714844
314.1912536621094
837.2949829101562
868.5496215820312
672.7969360351562
735.3062133789062
835.6500244140625
866.9046630859375
672.7969360351562
524.7487182617188
843.8749389648438
865.2596435546875
672.7969360351562
735.3062133789062
842.2299194335938
873.4845581054688
883.3544311523438
735.3062133789062
838.9400024414062
875.1295166015625
251.68199157714844
314.1912536621094
850.454833984375
871.839599609375
883.3544311523438
945.8637084960938
852.0997924804688
865.2596435546875
883.3544311523438
945.8637084960938
847.1648559570312
865.2596435546875
883.3544311523438
945.8637084960938
850.454833984375
858.6797485351562
883.3544311523438
945.8637084960938
842.2299194335938
860.32470703125
883.3544311523438
735.3062133789062
829.070068359375
861.9697265625
146.4032440185547
314.1912536621094
847.1648559570312
855.3897705078125
883.3544311523438
945.8637084960938
834.0050048828125
861.9697265625
356.9607238769531
314.1912536621094
838.9400024414062
860.32470703125
356.9607238769531
524.7487182617188
843.8749389648438
857.0347290039062
356.9607238769531
524.7487182617188
835.6500244140625
850.454833984375
672.7969360351562
735.3062133789062
825.7801513671875
858.6797485351562
567.5181884765625
524.7487182617188
832.3600463867188
850.454833984375
883.3544311523438
945.8637084960938
824.1351318359375
857.0347290039062
672.7969360351562
524.7487182617188
830.715087890625
860.32470703125
356.9607238769531
524.7487182617188
842.2299194335938
850.454833984375
672.7969360351562
735.3062133789062
832.3600463867188
845.5198974609375
778.07568359375
735.3062133789062
820.84521484375
848.8098754882812
672.7969360351562
524.7487182617188
815.9102783203125
848.8098754882812
567.5181884765625
524.7487182617188
822.4901733398438
848.8098754882812
462.2394714355469
524.7487182617188
824.1351318359375
853.7448120117188
381.63543701171875
483.62420654296875
832.3600463867188
847.1648559570312
592.1929321289062
904.7391967773438
832.3600463867188
834.0050048828125
802.7504272460938
1325.8541259765625
817.5552368164062
845.5198974609375
592.1929321289062
1115.296630859375
827.4251098632812
843.8749389648438
592.1929321289062
1115.296630859375
820.84521484375
845.5198974609375
1013.307861328125
1536.41162109375
817.5552368164062
842.2299194335938
1223.8653564453125
1536.41162109375
815.9102783203125
853.7448120117188
592.1929321289062
904.7391967773438
835.6500244140625
852.0997924804688
802.7504272460938
1115.296630859375
834.0050048828125
852.0997924804688
1013.307861328125
1115.296630859375
824.1351318359375
861.9697265625
381.63543701171875
483.62420654296875
837.2949829101562
865.2596435546875
381.63543701171875
483.62420654296875
845.5198974609375
865.2596435546875
592.1929321289062
694.1817016601562
845.5198974609375
861.9697265625
802.7504272460938
694.1817016601562
840.5849609375
858.6797485351562
802.7504272460938
694.1817016601562
834.0050048828125
850.454833984375
1434.4228515625
1115.296630859375
827.4251098632812
857.0347290039062
171.0779571533203
62.509254455566406
845.5198974609375
850.454833984375
802.7504272460938
904.7391967773438
847.1648559570312
840.5849609375
1644.9803466796875
1536.41162109375
824.1351318359375
853.7448120117188
1013.307861328125
1115.296630859375
832.3600463867188
848.8098754882812
1013.307861328125
1115.296630859375
834.0050048828125
850.454833984375
1013.307861328125
1115.296630859375
829.070068359375
845.5198974609375
1013.307861328125
1115.296630859375
832.3600463867188
840.5849609375
1434.4228515625
1536.41162109375
817.5552368164062
845.5198974609375
1223.8653564453125
1325.8541259765625
822.4901733398438
847.1648559570312
1223.8653564453125
1325.8541259765625
832.3600463867188
845.5198974609375
802.7504272460938
904.7391967773438
834.0050048828125
848.8098754882812
802.7504272460938
904.7391967773438
834.0050048828125
853.7448120117188
802.7504272460938
904.7391967773438
834.0050048828125
853.7448120117188
802.7504272460938
904.7391967773438
835.6500244140625
847.1648559570312
1434.4228515625
1325.8541259765625
827.4251098632812
858.6797485351562
592.1929321289062
483.62420654296875
837.2949829101562
852.0997924804688
802.7504272460938
904.7391967773438
832.3600463867188
850.454833984375
1223.8653564453125
1115.296630859375
832.3600463867188
857.0347290039062
1013.307861328125
694.1817016601562
840.5849609375
850.454833984375
1223.8653564453125
904.7391967773438
840.5849609375
848.8098754882812
1223.8653564453125
904.7391967773438
842.2299194335938
858.6797485351562
1434.4228515625
1115.296630859375
842.2299194335938
861.9697265625
1223.8653564453125
904.7391967773438
835.6500244140625
852.0997924804688
1223.8653564453125
904.7391967773438
825.7801513671875
858.6797485351562
1013.307861328125
694.1817016601562
834.0050048828125
852.0997924804688
1223.8653564453125
1115.296630859375
830.715087890625
860.32470703125
1223.8653564453125
1115.296630859375
837.2949829101562
871.839599609375
802.7504272460938
904.7391967773438
843.8749389648438
868.5496215820312
802.7504272460938
904.7391967773438
838.9400024414062
857.0347290039062
802.7504272460938
904.7391967773438
838.9400024414062
861.9697265625
1013.307861328125
1115.296630859375
838.9400024414062
852.0997924804688
802.7504272460938
694.1817016601562
825.7801513671875
860.32470703125
1013.307861328125
904.7391967773438
829.070068359375
860.32470703125
1013.307861328125
1115.296630859375
830.715087890625
866.9046630859375
802.7504272460938
1115.296630859375
840.5849609375
855.3897705078125
1223.8653564453125
1536.41162109375
832.3600463867188
860.32470703125
802.7504272460938
904.7391967773438
843.8749389648438
866.9046630859375
802.7504272460938
1115.296630859375
848.8098754882812
861.9697265625
1013.307861328125
1115.296630859375
845.5198974609375
858.6797485351562
592.1929321289062
694.1817016601562
848.8098754882812
848.8098754882812
802.7504272460938
904.7391967773438
834.0050048828125
847.1648559570312
1013.307861328125
904.7391967773438
834.0050048828125
845.5198974609375
1013.307861328125
904.7391967773438
835.6500244140625
848.8098754882812
1013.307861328125
904.7391967773438
834.0050048828125
855.3897705078125
802.7504272460938
694.1817016601562
838.9400024414062
855.3897705078125
802.7504272460938
694.1817016601562
838.9400024414062
870.194580078125
1223.8653564453125
904.7391967773438
848.8098754882812
873.4845581054688
802.7504272460938
483.62420654296875
855.3897705078125
860.32470703125
802.7504272460938
694.1817016601562
845.5198974609375
861.9697265625
697.4716796875
694.1817016601562
842.2299194335938
855.3897705078125
908.0291748046875
1010.0179443359375
832.3600463867188
850.454833984375
697.4716796875
799.46044921875
829.070068359375
857.0347290039062
697.4716796875
799.46044921875
834.0050048828125
861.9697265625
381.63543701171875
483.62420654296875
842.2299194335938
861.9697265625
276.356689453125
483.62420654296875
842.2299194335938
870.194580078125
908.0291748046875
1010.0179443359375
843.8749389648438
865.2596435546875
1223.8653564453125
1115.296630859375
837.2949829101562
857.0347290039062
1118.586669921875
904.7391967773438
829.070068359375
873.4845581054688
908.0291748046875
694.1817016601562
842.2299194335938
866.9046630859375
908.0291748046875
694.1817016601562
834.0050048828125
870.194580078125
908.0291748046875
799.46044921875
835.6500244140625
865.2596435546875
1118.586669921875
904.7391967773438
838.9400024414062
863.6146850585938
697.4716796875
588.9029541015625
842.2299194335938
860.32470703125
802.7504272460938
694.1817016601562
837.2949829101562
861.9697265625
697.4716796875
694.1817016601562
837.2949829101562
870.194580078125
1013.307861328125
1010.0179443359375
842.2299194335938
853.7448120117188
1013.307861328125
904.7391967773438
834.0050048828125
865.2596435546875
908.0291748046875
799.46044921875
842.2299194335938
858.6797485351562
1118.586669921875
1010.0179443359375
838.9400024414062
855.3897705078125
908.0291748046875
799.46044921875
832.3600463867188
860.32470703125
908.0291748046875
904.7391967773438
845.5198974609375
860.32470703125
802.7504272460938
694.1817016601562
848.8098754882812
871.839599609375
486.9141845703125
483.62420654296875
848.8098754882812
861.9697265625
1329.1441650390625
1325.8541259765625
837.2949829101562
853.7448120117188
1539.70166015625
1325.8541259765625
835.6500244140625
855.3897705078125
802.7504272460938
588.9029541015625
837.2949829101562
855.3897705078125
697.4716796875
588.9029541015625
842.2299194335938
858.6797485351562
802.7504272460938
694.1817016601562
842.2299194335938
855.3897705078125
908.0291748046875
799.46044921875
838.9400024414062
850.454833984375
1118.586669921875
1010.0179443359375
840.5849609375
852.0997924804688
1013.307861328125
799.46044921875
840.5849609375
861.9697265625
802.7504272460938
799.46044921875
837.2949829101562
855.3897705078125
1223.8653564453125
1010.0179443359375
830.715087890625
858.6797485351562
1434.4228515625
1010.0179443359375
827.4251098632812
860.32470703125
1013.307861328125
588.9029541015625
842.2299194335938
858.6797485351562
1013.307861328125
799.46044921875
853.7448120117188
860.32470703125
802.7504272460938
588.9029541015625
852.0997924804688
855.3897705078125
802.7504272460938
588.9029541015625
843.8749389648438
860.32470703125
1223.8653564453125
1010.0179443359375
838.9400024414062
865.2596435546875
592.1929321289062
378.3454895019531
842.2299194335938
860.32470703125
1013.307861328125
1010.0179443359375
838.9400024414062
868.5496215820312
802.7504272460938
588.9029541015625
845.5198974609375
861.9697265625
802.7504272460938
799.46044921875
838.9400024414062
866.9046630859375
802.7504272460938
588.9029541015625
847.1648559570312
875.1295166015625
381.63543701171875
588.9029541015625
855.3897705078125
861.9697265625
1013.307861328125
1010.0179443359375
845.5198974609375
866.9046630859375
381.63543701171875
378.3454895019531
850.454833984375
857.0347290039062
1118.586669921875
1220.575439453125
838.9400024414062
866.9046630859375
802.7504272460938
1010.0179443359375
843.8749389648438
871.839599609375
697.4716796875
1010.0179443359375
850.454833984375
868.5496215820312
1013.307861328125
1220.575439453125
845.5198974609375
880.064453125
486.9141845703125
799.46044921875
861.9697265625
865.2596435546875
802.7504272460938
1220.575439453125
855.3897705078125
852.0997924804688
908.0291748046875
1220.575439453125
837.2949829101562
863.6146850585938
697.4716796875
1010.0179443359375
842.2299194335938
855.3897705078125
697.4716796875
1010.0179443359375
840.5849609375
858.6797485351562
802.7504272460938
1010.0179443359375
843.8749389648438
860.32470703125
908.0291748046875
1010.0179443359375
838.9400024414062
860.32470703125
1013.307861328125
1010.0179443359375
832.3600463867188
857.0347290039062
1118.586669921875
1010.0179443359375
834.0050048828125
853.7448120117188
1013.307861328125
799.46044921875
840.5849609375
848.8098754882812
592.1929321289062
588.9029541015625
829.070068359375
834.0050048828125
908.0291748046875
1010.0179443359375
810.9752807617188
834.0050048828125
1092.2669677734375
942.57373046875
801.1054077148438
845.5198974609375
881.70947265625
889.9343872070312
807.6853637695312
840.5849609375
986.9882202148438
995.213134765625
814.2652587890625
850.454833984375
250.03701782226562
310.9012756347656
827.4251098632812
843.8749389648438
776.4307250976562
995.213134765625
814.2652587890625
843.8749389648438
776.4307250976562
732.0162353515625
815.9102783203125
842.2299194335938
565.8732299804688
732.0162353515625
814.2652587890625
838.9400024414062
565.8732299804688
732.0162353515625
809.330322265625
842.2299194335938
565.8732299804688
732.0162353515625
817.5552368164062
842.2299194335938
881.70947265625
1047.8525390625
822.4901733398438
840.5849609375
881.70947265625
784.6556396484375
819.2001953125
838.9400024414062
565.8732299804688
626.7374877929688
820.84521484375
840.5849609375
881.70947265625
942.57373046875
820.84521484375
840.5849609375
881.70947265625
889.9343872070312
820.84521484375
847.1648559570312
881.70947265625
889.9343872070312
820.84521484375
850.454833984375
776.4307250976562
837.2949829101562
825.7801513671875
843.8749389648438
776.4307250976562
837.2949829101562
829.070068359375
847.1648559570312
986.9882202148438
837.2949829101562
829.070068359375
847.1648559570312
986.9882202148438
837.2949829101562
830.715087890625
848.8098754882812
986.9882202148438
837.2949829101562
835.6500244140625
848.8098754882812
1197.545654296875
1047.8525390625
834.0050048828125
857.0347290039062
1197.545654296875
1047.8525390625
838.9400024414062
861.9697265625
776.4307250976562
837.2949829101562
843.8749389648438
853.7448120117188
1197.545654296875
1047.8525390625
832.3600463867188
860.32470703125
986.9882202148438
837.2949829101562
837.2949829101562
852.0997924804688
1408.1031494140625
1047.8525390625
834.0050048828125
860.32470703125
986.9882202148438
626.7374877929688
840.5849609375
860.32470703125
776.4307250976562
626.7374877929688
843.8749389648438
855.3897705078125
776.4307250976562
837.2949829101562
838.9400024414062
857.0347290039062
776.4307250976562
837.2949829101562
838.9400024414062
865.2596435546875
355.3157653808594
626.7374877929688
838.9400024414062
855.3897705078125
1197.545654296875
1258.409912109375
819.2001953125
857.0347290039062
565.8732299804688
626.7374877929688
827.4251098632812
845.5198974609375
1408.1031494140625
1468.9674072265625
819.2001953125
861.9697265625
986.9882202148438
837.2949829101562
834.0050048828125
861.9697265625
776.4307250976562
837.2949829101562
838.9400024414062
855.3897705078125
1408.1031494140625
1258.409912109375
827.4251098632812
868.5496215820312
1197.545654296875
1047.8525390625
838.9400024414062
868.5496215820312
1197.545654296875
1047.8525390625
842.2299194335938
868.5496215820312
986.9882202148438
837.2949829101562
845.5198974609375
858.6797485351562
1197.545654296875
1047.8525390625
837.2949829101562
850.454833984375
1408.1031494140625
1047.8525390625
832.3600463867188
855.3897705078125
776.4307250976562
626.7374877929688
850.454833984375
858.6797485351562
1197.545654296875
1258.409912109375
842.2299194335938
855.3897705078125
986.9882202148438
837.2949829101562
825.7801513671875
852.0997924804688
986.9882202148438
1047.8525390625
827.4251098632812
857.0347290039062
986.9882202148438
1047.8525390625
830.715087890625
868.5496215820312
355.3157653808594
416.1800231933594
852.0997924804688
858.6797485351562
776.4307250976562
1047.8525390625
845.5198974609375
860.32470703125
986.9882202148438
626.7374877929688
837.2949829101562
853.7448120117188
1197.545654296875
626.7374877929688
834.0050048828125
857.0347290039062
1408.1031494140625
626.7374877929688
837.2949829101562
863.6146850585938
1197.545654296875
416.1800231933594
843.8749389648438
858.6797485351562
1408.1031494140625
626.7374877929688
837.2949829101562
861.9697265625
986.9882202148438
416.1800231933594
847.1648559570312
857.0347290039062
1408.1031494140625
1047.8525390625
842.2299194335938
861.9697265625
1408.1031494140625
837.2949829101562
845.5198974609375
865.2596435546875
1197.545654296875
837.2949829101562
843.8749389648438
853.7448120117188
1618.66064453125
1047.8525390625
834.0050048828125
865.2596435546875
776.4307250976562
416.1800231933594
853.7448120117188
861.9697265625
986.9882202148438
837.2949829101562
845.5198974609375
866.9046630859375
986.9882202148438
837.2949829101562
845.5198974609375
865.2596435546875
986.9882202148438
837.2949829101562
848.8098754882812
868.5496215820312
986.9882202148438
1047.8525390625
845.5198974609375
871.839599609375
1197.545654296875
1047.8525390625
840.5849609375
876.7745361328125
355.3157653808594
205.62254333496094
853.7448120117188
875.1295166015625
986.9882202148438
837.2949829101562
847.1648559570312
863.6146850585938
986.9882202148438
626.7374877929688
837.2949829101562
860.32470703125
776.4307250976562
416.1800231933594
837.2949829101562
865.2596435546875
986.9882202148438
626.7374877929688
838.9400024414062
865.2596435546875
986.9882202148438
626.7374877929688
842.2299194335938
871.839599609375
776.4307250976562
416.1800231933594
850.454833984375
858.6797485351562
986.9882202148438
837.2949829101562
838.9400024414062
865.2596435546875
986.9882202148438
626.7374877929688
838.9400024414062
866.9046630859375
565.8732299804688
416.1800231933594
845.5198974609375
861.9697265625
986.9882202148438
837.2949829101562
835.6500244140625
866.9046630859375
986.9882202148438
837.2949829101562
832.3600463867188
865.259643554687