1000
4
840.5849609375
815.9102783203125
766.5608520507812
834.0050048828125
842.2299194335938
812.6203002929688
766.5608520507812
838.9400024414062
838.9400024414062
810.9752807617188
1029.7576904296875
829.070068359375
853.7448120117188
809.330322265625
819.2001953125
838.9400024414062
845.5198974609375
804.3953857421875
819.2001953125
829.070068359375
845.5198974609375
797.8154907226562
924.4789428710938
835.6500244140625
852.0997924804688
802.7504272460938
819.2001953125
838.9400024414062
850.454833984375
801.1054077148438
871.839599609375
834.0050048828125
843.8749389648438
797.8154907226562
819.2001953125
842.2299194335938
845.5198974609375
802.7504272460938
871.839599609375
848.8098754882812
845.5198974609375
797.8154907226562
713.9214477539062
835.6500244140625
842.2299194335938
784.6556396484375
713.9214477539062
825.7801513671875
850.454833984375
791.2355346679688
819.2001953125
837.2949829101562
848.8098754882812
801.1054077148438
819.2001953125
838.9400024414062
843.8749389648438
796.1704711914062
766.5608520507812
838.9400024414062
843.8749389648438
794.5255126953125
766.5608520507812
829.070068359375
853.7448120117188
796.1704711914062
713.9214477539062
834.0050048828125
853.7448120117188
804.3953857421875
819.2001953125
837.2949829101562
857.0347290039062
807.6853637695312
766.5608520507812
848.8098754882812
861.9697265625
799.46044921875
766.5608520507812
837.2949829101562
861.9697265625
787.945556640625
766.5608520507812
829.070068359375
866.9046630859375
786.3005981445312
766.5608520507812
834.0050048828125
855.3897705078125
794.5255126953125
766.5608520507812
835.6500244140625
855.3897705078125
799.46044921875
766.5608520507812
837.2949829101562
848.8098754882812
786.3005981445312
661.2821044921875
827.4251098632812
850.454833984375
783.0106201171875
766.5608520507812
820.84521484375
853.7448120117188
783.0106201171875
766.5608520507812
827.4251098632812
857.0347290039062
791.2355346679688
713.9214477539062
837.2949829101562
858.6797485351562
802.7504272460938
713.9214477539062
838.9400024414062
860.32470703125
804.3953857421875
819.2001953125
829.070068359375
860.32470703125
787.945556640625
661.2821044921875
829.070068359375
855.3897705078125
781.3656616210938
766.5608520507812
824.1351318359375
855.3897705078125
776.4307250976562
740.2411499023438
832.3600463867188
857.0347290039062
774.7857666015625
687.601806640625
832.3600463867188
857.0347290039062
799.46044921875
740.2411499023438
830.715087890625
848.8098754882812
812.6203002929688
608.6427001953125
834.0050048828125
853.7448120117188
804.3953857421875
608.6427001953125
834.0050048828125
842.2299194335938
797.8154907226562
766.5608520507812
834.0050048828125
842.2299194335938
794.5255126953125
661.2821044921875
822.4901733398438
850.454833984375
796.1704711914062
661.2821044921875
825.7801513671875
845.5198974609375
810.9752807617188
661.2821044921875
824.1351318359375
842.2299194335938
832.3600463867188
661.2821044921875
827.4251098632812
843.8749389648438
830.715087890625
634.96240234375
829.070068359375
852.0997924804688
843.8749389648438
766.5608520507812
834.0050048828125
843.8749389648438
855.3897705078125
661.2821044921875
829.070068359375
850.454833984375
843.8749389648438
661.2821044921875
834.0050048828125
858.6797485351562
857.0347290039062
871.839599609375
825.7801513671875
865.2596435546875
863.6146850585938
740.2411499023438
832.3600463867188
863.6146850585938
861.9697265625
766.5608520507812
840.5849609375
863.6146850585938
858.6797485351562
792.8805541992188
843.8749389648438
860.32470703125
852.0997924804688
661.2821044921875
842.2299194335938
850.454833984375
845.5198974609375
713.9214477539062
825.7801513671875
857.0347290039062
843.8749389648438
766.5608520507812
838.9400024414062
845.5198974609375
837.2949829101562
713.9214477539062
838.9400024414062
857.0347290039062
847.1648559570312
792.8805541992188
843.8749389648438
855.3897705078125
852.0997924804688
792.8805541992188
832.3600463867188
848.8098754882812
850.454833984375
687.601806640625
829.070068359375
852.0997924804688
842.2299194335938
740.2411499023438
835.6500244140625
852.0997924804688
824.1351318359375
661.2821044921875
830.715087890625
848.8098754882812
825.7801513671875
661.2821044921875
830.715087890625
857.0347290039062
843.8749389648438
687.601806640625
830.715087890625
838.9400024414062
832.3600463867188
713.9214477539062
820.84521484375
832.3600463867188
817.5552368164062
713.9214477539062
830.715087890625
845.5198974609375
825.7801513671875
687.601806640625
835.6500244140625
837.2949829101562
829.070068359375
687.601806640625
809.330322265625
848.8098754882812
834.0050048828125
740.2411499023438
815.9102783203125
848.8098754882812
825.7801513671875
634.96240234375
820.84521484375
843.8749389648438
822.4901733398438
687.601806640625
824.1351318359375
840.5849609375
815.9102783203125
582.3230590820312
832.3600463867188
845.5198974609375
820.84521484375
687.601806640625
838.9400024414062
848.8098754882812
812.6203002929688
634.96240234375
835.6500244140625
834.0050048828125
810.9752807617188
634.96240234375
810.9752807617188
837.2949829101562
812.6203002929688
582.3230590820312
829.070068359375
847.1648559570312
819.2001953125
740.2411499023438
837.2949829101562
842.2299194335938
815.9102783203125
687.601806640625
822.4901733398438
853.7448120117188
815.9102783203125
687.601806640625
834.0050048828125
850.454833984375
825.7801513671875
582.3230590820312
832.3600463867188
840.5849609375
817.5552368164062
582.3230590820312
827.4251098632812
838.9400024414062
806.0403442382812
687.601806640625
837.2949829101562
838.9400024414062
796.1704711914062
582.3230590820312
840.5849609375
847.1648559570312
807.6853637695312
746.8211059570312
830.715087890625
838.9400024414062
810.9752807617188
694.1817016601562
815.9102783203125
832.3600463867188
824.1351318359375
694.1817016601562
822.4901733398438
845.5198974609375
842.2299194335938
694.1817016601562
824.1351318359375
835.6500244140625
832.3600463867188
641.5423583984375
824.1351318359375
847.1648559570312
825.7801513671875
904.7391967773438
832.3600463867188
845.5198974609375
819.2001953125
746.8211059570312
834.0050048828125
845.5198974609375
819.2001953125
746.8211059570312
838.9400024414062
847.1648559570312
832.3600463867188
746.8211059570312
837.2949829101562
853.7448120117188
843.8749389648438
799.46044921875
832.3600463867188
848.8098754882812
810.9752807617188
746.8211059570312
830.715087890625
842.2299194335938
807.6853637695312
852.0997924804688
832.3600463867188
847.1648559570312
807.6853637695312
852.0997924804688
834.0050048828125
853.7448120117188
810.9752807617188
694.1817016601562
832.3600463867188
865.2596435546875
815.9102783203125
852.0997924804688
835.6500244140625
852.0997924804688
812.6203002929688
641.5423583984375
835.6500244140625
858.6797485351562
819.2001953125
641.5423583984375
838.9400024414062
853.7448120117188
819.2001953125
641.5423583984375
835.6500244140625
860.32470703125
838.9400024414062
746.8211059570312
840.5849609375
866.9046630859375
834.0050048828125
746.8211059570312
829.070068359375
853.7448120117188
820.84521484375
694.1817016601562
829.070068359375
852.0997924804688
801.1054077148438
694.1817016601562
832.3600463867188
848.8098754882812
792.8805541992188
588.9029541015625
827.4251098632812
858.6797485351562
804.3953857421875
904.7391967773438
834.0050048828125
857.0347290039062
809.330322265625
746.8211059570312
837.2949829101562
861.9697265625
819.2001953125
746.8211059570312
838.9400024414062
858.6797485351562
792.8805541992188
746.8211059570312
834.0050048828125
853.7448120117188
784.6556396484375
588.9029541015625
832.3600463867188
860.32470703125
796.1704711914062
694.1817016601562
830.715087890625
857.0347290039062
804.3953857421875
746.8211059570312
827.4251098632812
860.32470703125
810.9752807617188
641.5423583984375
832.3600463867188
860.32470703125
804.3953857421875
641.5423583984375
830.715087890625
857.0347290039062
801.1054077148438
799.46044921875
825.7801513671875
858.6797485351562
801.1054077148438
799.46044921875
824.1351318359375
858.6797485351562
802.7504272460938
694.1817016601562
837.2949829101562
866.9046630859375
802.7504272460938
799.46044921875
837.2949829101562
871.839599609375
791.2355346679688
694.1817016601562
837.2949829101562
861.9697265625
797.8154907226562
694.1817016601562
847.1648559570312
863.6146850585938
806.0403442382812
746.8211059570312
825.7801513671875
850.454833984375
806.0403442382812
746.8211059570312
838.9400024414062
855.3897705078125
802.7504272460938
694.1817016601562
832.3600463867188
861.9697265625
787.945556640625
641.5423583984375
829.070068359375
857.0347290039062
791.2355346679688
641.5423583984375
837.2949829101562
863.6146850585938
792.8805541992188
641.5423583984375
840.5849609375
873.4845581054688
797.8154907226562
799.46044921875
863.6146850585938
893.2243041992188
797.8154907226562
694.1817016601562
873.4845581054688
866.9046630859375
817.5552368164062
641.5423583984375
840.5849609375
855.3897705078125
820.84521484375
641.5423583984375
819.2001953125
865.2596435546875
835.6500244140625
694.1817016601562
824.1351318359375
855.3897705078125
832.3600463867188
641.5423583984375
827.4251098632812
871.839599609375
822.4901733398438
746.8211059570312
829.070068359375
863.6146850585938
814.2652587890625
694.1817016601562
820.84521484375
857.0347290039062
812.6203002929688
588.9029541015625
822.4901733398438
853.7448120117188
819.2001953125
746.8211059570312
827.4251098632812
861.9697265625
806.0403442382812
588.9029541015625
814.2652587890625
861.9697265625
815.9102783203125
694.1817016601562
820.84521484375
852.0997924804688
815.9102783203125
694.1817016601562
815.9102783203125
873.4845581054688
820.84521484375
746.8211059570312
835.6500244140625
875.1295166015625
827.4251098632812
694.1817016601562
848.8098754882812
871.839599609375
819.2001953125
694.1817016601562
845.5198974609375
868.5496215820312
804.3953857421875
694.1817016601562
842.2299194335938
865.2596435546875
807.6853637695312
694.1817016601562
830.715087890625
881.70947265625
817.5552368164062
694.1817016601562
834.0050048828125
884.9994506835938
817.5552368164062
694.1817016601562
837.2949829101562
871.839599609375
810.9752807617188
641.5423583984375
837.2949829101562
876.7745361328125
796.1704711914062
608.6427001953125
855.3897705078125
865.2596435546875
797.8154907226562
674.4419555664062
847.1648559570312
871.839599609375
792.8805541992188
631.6724243164062
829.070068359375
880.064453125
797.8154907226562
796.1704711914062
837.2949829101562
878.4194946289062
815.9102783203125
759.9808959960938
845.5198974609375
875.1295166015625
807.6853637695312
638.2523803710938
840.5849609375
876.7745361328125
815.9102783203125
611.9326782226562
852.0997924804688
881.70947265625
822.4901733398438
710.6315307617188
855.3897705078125
875.1295166015625
809.330322265625
707.341552734375
853.7448120117188
875.1295166015625
802.7504272460938
641.5423583984375
853.7448120117188
876.7745361328125
794.5255126953125
641.5423583984375
852.0997924804688
875.1295166015625
794.5255126953125
631.6724243164062
855.3897705078125
880.064453125
806.0403442382812
743.5311279296875
861.9697265625
880.064453125
810.9752807617188
750.1110229492188
847.1648559570312
880.064453125
809.330322265625
733.6612548828125
855.3897705078125
888.2893676757812
797.8154907226562
588.9029541015625
853.7448120117188
881.70947265625
797.8154907226562
667.8619995117188
848.8098754882812
870.194580078125
802.7504272460938
700.7615966796875
853.7448120117188
873.4845581054688
806.0403442382812
740.2411499023438
845.5198974609375
873.4845581054688
804.3953857421875
634.96240234375
850.454833984375
871.839599609375
804.3953857421875
621.8025512695312
852.0997924804688
876.7745361328125
802.7504272460938
588.9029541015625
855.3897705078125
878.4194946289062
807.6853637695312
720.5014038085938
840.5849609375
880.064453125
801.1054077148438
740.2411499023438
840.5849609375
878.4194946289062
810.9752807617188
661.2821044921875
842.2299194335938
873.4845581054688
820.84521484375
681.0218505859375
840.5849609375
870.194580078125
809.330322265625
562.583251953125
842.2299194335938
875.1295166015625
817.5552368164062
812.6203002929688
845.5198974609375
878.4194946289062
814.2652587890625
641.5423583984375
848.8098754882812
873.4845581054688
817.5552368164062
615.22265625
845.5198974609375
870.194580078125
817.5552368164062
707.341552734375
842.2299194335938
866.9046630859375
809.330322265625
727.081298828125
834.0050048828125
873.4845581054688
810.9752807617188
674.4419555664062
840.5849609375
876.7745361328125
819.2001953125
621.8025512695312
857.0347290039062
878.4194946289062
817.5552368164062
569.1632080078125
853.7448120117188
878.4194946289062
820.84521484375
621.8025512695312
845.5198974609375
866.9046630859375
817.5552368164062
621.8025512695312
850.454833984375
866.9046630859375
810.9752807617188
621.8025512695312
853.7448120117188
876.7745361328125
810.9752807617188
621.8025512695312
845.5198974609375
863.6146850585938
815.9102783203125
569.1632080078125
834.0050048828125
865.2596435546875
807.6853637695312
621.8025512695312
835.6500244140625
863.6146850585938
807.6853637695312
621.8025512695312
837.2949829101562
868.5496215820312
815.9102783203125
674.4419555664062
847.1648559570312
871.839599609375
807.6853637695312
569.1632080078125
847.1648559570312
871.839599609375
812.6203002929688
727.081298828125
842.2299194335938
865.2596435546875
804.3953857421875
621.8025512695312
850.454833984375
857.0347290039062
792.8805541992188
621.8025512695312
847.1648559570312
857.0347290039062
799.46044921875
674.4419555664062
832.3600463867188
857.0347290039062
804.3953857421875
727.081298828125
830.715087890625
858.6797485351562
809.330322265625
779.720703125
835.6500244140625
857.0347290039062
802.7504272460938
674.4419555664062
840.5849609375
855.3897705078125
794.5255126953125
674.4419555664062
842.2299194335938
858.6797485351562
806.0403442382812
674.4419555664062
843.8749389648438
848.8098754882812
810.9752807617188
569.1632080078125
829.070068359375
832.3600463867188
804.3953857421875
674.4419555664062
820.84521484375
848.8098754882812
804.3953857421875
621.8025512695312
827.4251098632812
855.3897705078125
807.6853637695312
674.4419555664062
814.2652587890625
850.454833984375
799.46044921875
674.4419555664062
829.070068359375
843.8749389648438
792.8805541992188
621.8025512695312
832.3600463867188
850.454833984375
797.8154907226562
569.1632080078125
834.0050048828125
855.3897705078125
801.1054077148438
621.8025512695312
840.5849609375
858.6797485351562
815.9102783203125
674.4419555664062
837.2949829101562
860.32470703125
809.330322265625
727.081298828125
832.3600463867188
853.7448120117188
794.5255126953125
569.1632080078125
835.6500244140625
855.3897705078125
799.46044921875
532.9736328125
834.0050048828125
858.6797485351562
797.8154907226562
638.2523803710938
830.715087890625
858.6797485351562
814.2652587890625
532.9736328125
842.2299194335938
848.8098754882812
801.1054077148438
427.69488525390625
838.9400024414062
855.3897705078125
796.1704711914062
743.5311279296875
829.070068359375
870.194580078125
802.7504272460938
585.6129760742188
842.2299194335938
861.9697265625
794.5255126953125
585.6129760742188
832.3600463867188
865.2596435546875
797.8154907226562
638.2523803710938
838.9400024414062
860.32470703125
794.5255126953125
532.9736328125
840.5849609375
857.0347290039062
792.8805541992188
585.6129760742188
838.9400024414062
857.0347290039062
794.5255126953125
585.6129760742188
830.715087890625
852.0997924804688
799.46044921875
638.2523803710938
834.0050048828125
863.6146850585938
806.0403442382812
480.3342590332031
832.3600463867188
853.7448120117188
812.6203002929688
638.2523803710938
824.1351318359375
857.0347290039062
812.6203002929688
638.2523803710938
837.2949829101562
858.6797485351562
806.0403442382812
532.9736328125
834.0050048828125
852.0997924804688
809.330322265625
585.6129760742188
834.0050048828125
855.3897705078125
796.1704711914062
638.2523803710938
834.0050048828125
853.7448120117188
797.8154907226562
638.2523803710938
840.5849609375
853.7448120117188
810.9752807617188
585.6129760742188
845.5198974609375
855.3897705078125
806.0403442382812
585.6129760742188
832.3600463867188
870.194580078125
820.84521484375
638.2523803710938
837.2949829101562
866.9046630859375
810.9752807617188
638.2523803710938
845.5198974609375
853.7448120117188
792.8805541992188
585.6129760742188
842.2299194335938
855.3897705078125
792.8805541992188
638.2523803710938
845.5198974609375
857.0347290039062
806.0403442382812
638.2523803710938
840.5849609375
855.3897705078125
802.7504272460938
585.6129760742188
847.1648559570312
861.9697265625
802.7504272460938
638.2523803710938
847.1648559570312
863.6146850585938
810.9752807617188
690.8917236328125
845.5198974609375
866.9046630859375
807.6853637695312
585.6129760742188
845.5198974609375
863.6146850585938
822.4901733398438
690.8917236328125
843.8749389648438
852.0997924804688
804.3953857421875
585.6129760742188
842.2299194335938
857.0347290039062
786.3005981445312
532.9736328125
850.454833984375
855.3897705078125
799.46044921875
769.850830078125
843.8749389648438
861.9697265625
807.6853637695312
690.8917236328125
845.5198974609375
865.2596435546875
817.5552368164062
638.2523803710938
842.2299194335938
857.0347290039062
819.2001953125
559.2933349609375
843.8749389648438
860.32470703125
819.2001953125
532.9736328125
845.5198974609375
857.0347290039062
822.4901733398438
585.6129760742188
845.5198974609375
855.3897705078125
819.2001953125
611.9326782226562
847.1648559570312
853.7448120117188
796.1704711914062
611.9326782226562
834.0050048828125
858.6797485351562
787.945556640625
664.5720825195312
840.5849609375
866.9046630859375
789.590576171875
638.2523803710938
840.5849609375
857.0347290039062
791.2355346679688
690.8917236328125
845.5198974609375
858.6797485351562
794.5255126953125
690.8917236328125
832.3600463867188
861.9697265625
797.8154907226562
690.8917236328125
837.2949829101562
873.4845581054688
810.9752807617188
638.2523803710938
853.7448120117188
876.7745361328125
822.4901733398438
690.8917236328125
845.5198974609375
847.1648559570312
822.4901733398438
532.9736328125
834.0050048828125
847.1648559570312
807.6853637695312
602.0628051757812
835.6500244140625
850.454833984375
804.3953857421875
717.21142578125
829.070068359375
858.6797485351562
804.3953857421875
713.9214477539062
827.4251098632812
860.32470703125
802.7504272460938
681.0218505859375
837.2949829101562
838.9400024414062
812.6203002929688
598.7728271484375
815.9102783203125
850.454833984375
815.9102783203125
631.6724243164062
830.715087890625
861.9697265625
807.6853637695312
513.23388671875
837.2949829101562
868.5496215820312
810.9752807617188
717.21142578125
834.0050048828125
860.32470703125
806.0403442382812
740.2411499023438
829.070068359375
850.454833984375
804.3953857421875
700.7615966796875
835.6500244140625
860.32470703125
810.9752807617188
736.951171875
842.2299194335938
863.6146850585938
804.3953857421875
618.5126342773438
834.0050048828125
871.839599609375
804.3953857421875
618.5126342773438
838.9400024414062
870.194580078125
804.3953857421875
592.1929321289062
838.9400024414062
870.194580078125
814.2652587890625
648.1222534179688
835.6500244140625
883.3544311523438
825.7801513671875
628.3825073242188
843.8749389648438
866.9046630859375
830.715087890625
733.6612548828125
837.2949829101562
860.32470703125
822.4901733398438
733.6612548828125
843.8749389648438
858.6797485351562
804.3953857421875
733.6612548828125
840.5849609375
857.0347290039062
792.8805541992188
733.6612548828125
845.5198974609375
868.5496215820312
797.8154907226562
733.6612548828125
860.32470703125
873.4845581054688
799.46044921875
681.0218505859375
855.3897705078125
860.32470703125
806.0403442382812
733.6612548828125
830.715087890625
855.3897705078125
802.7504272460938
575.7431030273438
840.5849609375
866.9046630859375
815.9102783203125
733.6612548828125
835.6500244140625
865.2596435546875
817.5552368164062
681.0218505859375
843.8749389648438
868.5496215820312
827.4251098632812
786.3005981445312
850.454833984375
865.2596435546875
807.6853637695312
575.7431030273438
835.6500244140625
870.194580078125
797.8154907226562
681.0218505859375
845.5198974609375
875.1295166015625
806.0403442382812
681.0218505859375
852.0997924804688
875.1295166015625
810.9752807617188
681.0218505859375
848.8098754882812
863.6146850585938
812.6203002929688
575.7431030273438
843.8749389648438
871.839599609375
822.4901733398438
628.3825073242188
850.454833984375
883.3544311523438
820.84521484375
681.0218505859375
871.839599609375
868.5496215820312
806.0403442382812
523.103759765625
858.6797485351562
865.2596435546875
806.0403442382812
628.3825073242188
842.2299194335938
866.9046630859375
809.330322265625
681.0218505859375
852.0997924804688
855.3897705078125
812.6203002929688
523.103759765625
842.2299194335938
880.064453125
814.2652587890625
628.3825073242188
868.5496215820312
871.839599609375
812.6203002929688
628.3825073242188
855.3897705078125
853.7448120117188
801.1054077148438
470.4643859863281
837.2949829101562
865.2596435546875
806.0403442382812
523.103759765625
847.1648559570312
875.1295166015625
829.070068359375
681.0218505859375
848.8098754882812
878.4194946289062
829.070068359375
575.7431030273438
857.0347290039062
870.194580078125
809.330322265625
523.103759765625
850.454833984375
871.839599609375
824.1351318359375
733.6612548828125
850.454833984375
876.7745361328125
817.5552368164062
681.0218505859375
852.0997924804688
868.5496215820312
809.330322265625
575.7431030273438
857.0347290039062
868.5496215820312
827.4251098632812
738.59619140625
848.8098754882812
875.1295166015625
827.4251098632812
631.6724243164062
838.9400024414062
873.4845581054688
824.1351318359375
621.8025512695312
845.5198974609375
871.839599609375
819.2001953125
733.6612548828125
838.9400024414062
870.194580078125
806.0403442382812
740.2411499023438
845.5198974609375
870.194580078125
807.6853637695312
613.5776977539062
857.0347290039062
865.2596435546875
814.2652587890625
615.22265625
858.6797485351562
870.194580078125
820.84521484375
593.837890625
847.1648559570312
871.839599609375
829.070068359375
656.34716796875
850.454833984375
873.4845581054688
838.9400024414062
797.8154907226562
847.1648559570312
870.194580078125
825.7801513671875
580.6780395507812
848.8098754882812
860.32470703125
814.2652587890625
674.4419555664062
848.8098754882812
858.6797485351562
802.7504272460938
676.0869140625
840.5849609375
860.32470703125
794.5255126953125
702.4066162109375
834.0050048828125
865.2596435546875
806.0403442382812
689.2467651367188
834.0050048828125
873.4845581054688
810.9752807617188
712.2764892578125
842.2299194335938
870.194580078125
807.6853637695312
712.2764892578125
850.454833984375
870.194580078125
830.715087890625
922.833984375
848.8098754882812
868.5496215820312
814.2652587890625
817.5552368164062
840.5849609375
863.6146850585938
814.2652587890625
817.5552368164062
847.1648559570312
871.839599609375
817.5552368164062
1028.1126708984375
843.8749389648438
873.4845581054688
804.3953857421875
817.5552368164062
853.7448120117188
868.5496215820312
814.2652587890625
1028.1126708984375
855.3897705078125
865.2596435546875
797.8154907226562
817.5552368164062
847.1648559570312
858.6797485351562
801.1054077148438
922.833984375
838.9400024414062
861.9697265625
814.2652587890625
922.833984375
848.8098754882812
866.9046630859375
829.070068359375
922.833984375
855.3897705078125
865.2596435546875
814.2652587890625
817.5552368164062
847.1648559570312
866.9046630859375
801.1054077148438
817.5552368164062
852.0997924804688
865.2596435546875
799.46044921875
817.5552368164062
850.454833984375
858.6797485351562
797.8154907226562
712.2764892578125
850.454833984375
870.194580078125
817.5552368164062
712.2764892578125
860.32470703125
866.9046630859375
825.7801513671875
704.0515747070312
855.3897705078125
871.839599609375
809.330322265625
809.330322265625
845.5198974609375
866.9046630859375
796.1704711914062
809.330322265625
845.5198974609375
866.9046630859375
812.6203002929688
914.6090698242188
838.9400024414062
878.4194946289062
824.1351318359375
1019.8878173828125
835.6500244140625
863.6146850585938
834.0050048828125
809.330322265625
850.454833984375
880.064453125
830.715087890625
914.6090698242188
857.0347290039062
876.7745361328125
817.5552368164062
809.330322265625
858.6797485351562
871.839599609375
814.2652587890625
809.330322265625
855.3897705078125
870.194580078125
830.715087890625
914.6090698242188
840.5849609375
861.9697265625
843.8749389648438
914.6090698242188
822.4901733398438
847.1648559570312
845.5198974609375
809.330322265625
817.5552368164062
845.5198974609375
858.6797485351562
809.330322265625
812.6203002929688
840.5849609375
863.6146850585938
809.330322265625
807.6853637695312
807.6853637695312
870.194580078125
704.0515747070312
792.8805541992188
786.3005981445312
880.064453125
704.0515747070312
764.9158325195312
774.7857666015625
893.2243041992188
809.330322265625
755.0459594726562
753.4010009765625
899.8042602539062
809.330322265625
732.0162353515625
751.7560424804688
896.5142822265625
809.330322265625
735.3062133789062
725.4363403320312
884.9994506835938
704.0515747070312
704.0515747070312
723.7913208007812
889.9343872070312
598.7728271484375
692.5367431640625
722.1463623046875
893.2243041992188
967.2484130859375
692.5367431640625
725.4363403320312
878.4194946289062
704.0515747070312
695.82666015625
725.4363403320312
889.9343872070312
756.6909790039062
717.21142578125
720.5014038085938
886.6444091796875
704.0515747070312
697.4716796875
717.21142578125
865.2596435546875
704.0515747070312
702.4066162109375
720.5014038085938
840.5849609375
704.0515747070312
708.9865112304688
733.6612548828125
834.0050048828125
756.6909790039062
717.21142578125
738.59619140625
819.2001953125
756.6909790039062
730.3712768554688
748.466064453125
819.2001953125
651.4122314453125
733.6612548828125
761.6259155273438
824.1351318359375
809.330322265625
745.1760864257812
776.4307250976562
794.5255126953125
651.4122314453125
764.9158325195312
786.3005981445312
787.945556640625
809.330322265625
768.205810546875
804.3953857421875
787.945556640625
914.6090698242188
787.945556640625
825.7801513671875
779.720703125
756.6909790039062
794.5255126953125
829.070068359375
781.3656616210938
809.330322265625
804.3953857421875
835.6500244140625
773.1407470703125
809.330322265625
809.330322265625
847.1648559570312
755.0459594726562
704.0515747070312
815.9102783203125
838.9400024414062
751.7560424804688
861.9697265625
819.2001953125
855.3897705078125
748.466064453125
704.0515747070312
835.6500244140625
870.194580078125
748.466064453125
756.6909790039062
845.5198974609375
865.2596435546875
746.8211059570312
756.6909790039062
835.6500244140625
871.839599609375
751.7560424804688
809.330322265625
845.5198974609375
870.194580078125
751.7560424804688
809.330322265625
863.6146850585938
865.2596435546875
727.081298828125
756.6909790039062
843.8749389648438
873.4845581054688
732.0162353515625
861.9697265625
843.8749389648438
880.064453125
740.2411499023438
809.330322265625
852.0997924804688
888.2893676757812
750.1110229492188
914.6090698242188
850.454833984375
881.70947265625
753.4010009765625
809.330322265625
865.2596435546875
886.6444091796875
748.466064453125
914.6090698242188
878.4194946289062
888.2893676757812
738.59619140625
914.6090698242188
876.7745361328125
896.5142822265625
741.8861083984375
809.330322265625
870.194580078125
901.44921875
759.9808959960938
1019.8878173828125
875.1295166015625
894.8693237304688
755.0459594726562
809.330322265625
873.4845581054688
899.8042602539062
750.1110229492188
861.9697265625
884.9994506835938
894.8693237304688
750.1110229492188
914.6090698242188
884.9994506835938
898.1592407226562
746.8211059570312
914.6090698242188
876.7745361328125
903.09423828125
741.8861083984375
914.6090698242188
870.194580078125
893.2243041992188
755.0459594726562
756.6909790039062
875.1295166015625
896.5142822265625
764.9158325195312
861.9697265625
884.9994506835938
896.5142822265625
746.8211059570312
809.330322265625
884.9994506835938
894.8693237304688
751.7560424804688
861.9697265625
891.579345703125
908.0291748046875
761.6259155273438
914.6090698242188
883.3544311523438
908.0291748046875
766.5608520507812
809.330322265625
891.579345703125
912.964111328125
766.5608520507812
809.330322265625
898.1592407226562
919.5440063476562
769.850830078125
861.9697265625
893.2243041992188
909.6741333007812
773.1407470703125
809.330322265625
893.2243041992188
901.44921875
774.7857666015625
756.6909790039062
888.2893676757812
903.09423828125
776.4307250976562
914.6090698242188
883.3544311523438
909.6741333007812
763.2708740234375
756.6909790039062
889.9343872070312
911.319091796875
779.720703125
809.330322265625
898.1592407226562
909.6741333007812
774.7857666015625
809.330322265625
888.2893676757812
914.6090698242188
761.6259155273438
756.6909790039062
894.8693237304688
909.6741333007812
768.205810546875
861.9697265625
899.8042602539062
908.0291748046875
771.4957885742188
809.330322265625
886.6444091796875
908.0291748046875
778.07568359375
861.9697265625
891.579345703125
903.09423828125
776.4307250976562
704.0515747070312
884.9994506835938
898.1592407226562
771.4957885742188
809.330322265625
880.064453125
898.1592407226562
776.4307250976562
914.6090698242188
883.3544311523438
899.8042602539062
781.3656616210938
861.9697265625
880.064453125
889.9343872070312
771.4957885742188
756.6909790039062
875.1295166015625
891.579345703125
774.7857666015625
756.6909790039062
875.1295166015625
888.2893676757812
769.850830078125
756.6909790039062
866.9046630859375
888.2893676757812
774.7857666015625
546.1334838867188
871.839599609375
893.2243041992188
801.1054077148438
861.9697265625
866.9046630859375
898.1592407226562
806.0403442382812
861.9697265625
876.7745361328125
901.44921875
801.1054077148438
861.9697265625
880.064453125
896.5142822265625
789.590576171875
967.2484130859375
870.194580078125
886.6444091796875
768.205810546875
756.6909790039062
866.9046630859375
883.3544311523438
779.720703125
861.9697265625
868.5496215820312
889.9343872070312
789.590576171875
861.9697265625
865.2596435546875
884.9994506835938
802.7504272460938
967.2484130859375
870.194580078125
886.6444091796875
814.2652587890625
861.9697265625
875.1295166015625
888.2893676757812
812.6203002929688
861.9697265625
873.4845581054688
891.579345703125
801.1054077148438
861.9697265625
861.9697265625
903.09423828125
799.46044921875
756.6909790039062
868.5496215820312
891.579345703125
786.3005981445312
756.6909790039062
876.7745361328125
886.6444091796875
796.1704711914062
1019.8878173828125
878.4194946289062
881.70947265625
792.8805541992188
914.6090698242188
871.839599609375
891.579345703125
789.590576171875
914.6090698242188
858.6797485351562
883.3544311523438
794.5255126953125
914.6090698242188
852.0997924804688
891.579345703125
807.6853637695312
967.2484130859375
861.9697265625
888.2893676757812
820.84521484375
967.2484130859375
871.839599609375
876.7745361328125
806.0403442382812
914.6090698242188
868.5496215820312
884.9994506835938
783.0106201171875
914.6090698242188
865.2596435546875
878.4194946289062
781.3656616210938
914.6090698242188
865.2596435546875
889.9343872070312
797.8154907226562
967.2484130859375
868.5496215820312
878.4194946289062
796.1704711914062
861.9697265625
868.5496215820312
876.7745361328125
802.7504272460938
1019.8878173828125
852.0997924804688
876.7745361328125
789.590576171875
914.6090698242188
853.7448120117188
880.064453125
796.1704711914062
914.6090698242188
858.6797485351562
883.3544311523438
807.6853637695312
967.2484130859375
852.0997924804688
870.194580078125
799.46044921875
967.2484130859375
858.6797485351562
875.1295166015625
786.3005981445312
888.2893676757812
857.0347290039062
868.5496215820312
778.07568359375
888.2893676757812
852.0997924804688
866.9046630859375
783.0106201171875
861.9697265625
860.32470703125
878.4194946289062
794.5255126953125
967.2484130859375
863.6146850585938
875.1295166015625
787.945556640625
914.6090698242188
850.454833984375
863.6146850585938
792.8805541992188
914.6090698242188
853.7448120117188
865.2596435546875
806.0403442382812
809.330322265625
857.0347290039062
860.32470703125
824.1351318359375
967.2484130859375
855.3897705078125
865.2596435546875
802.7504272460938
967.2484130859375
858.6797485351562
871.839599609375
792.8805541992188
914.6090698242188
860.32470703125
870.194580078125
797.8154907226562
888.2893676757812
863.6146850585938
868.5496215820312
789.590576171875
861.9697265625
858.6797485351562
876.7745361328125
799.46044921875
993.568115234375
850.454833984375
871.839599609375
797.8154907226562
993.568115234375
848.8098754882812
871.839599609375
804.3953857421875
835.6500244140625
850.454833984375
873.4845581054688
817.5552368164062
888.2893676757812
866.9046630859375
873.4845581054688
814.2652587890625
983.6982421875
860.32470703125
863.6146850585938
802.7504272460938
825.7801513671875
845.5198974609375
861.9697265625
802.7504272460938
878.4194946289062
840.5849609375
863.6146850585938
809.330322265625
1088.9769287109375
843.8749389648438
858.6797485351562
812.6203002929688
773.1407470703125
850.454833984375
873.4845581054688
824.1351318359375
983.6982421875
847.1648559570312
876.7745361328125
817.5552368164062
878.4194946289062
858.6797485351562
878.4194946289062
817.5552368164062
878.4194946289062
848.8098754882812
870.194580078125
815.9102783203125
878.4194946289062
837.2949829101562
863.6146850585938
804.3953857421875
1036.337646484375
843.8749389648438
860.32470703125
797.8154907226562
773.1407470703125
842.2299194335938
860.32470703125
810.9752807617188
825.7801513671875
835.6500244140625
857.0347290039062
806.0403442382812
931.0588989257812
837.2949829101562
861.9697265625
802.7504272460938
878.4194946289062
834.0050048828125
861.9697265625
815.9102783203125
878.4194946289062
829.070068359375
861.9697265625
812.6203002929688
878.4194946289062
835.6500244140625
855.3897705078125
801.1054077148438
878.4194946289062
820.84521484375
861.9697265625
815.9102783203125
1036.337646484375
829.070068359375
866.9046630859375
802.7504272460938
852.0997924804688
837.2949829101562
848.8098754882812
799.46044921875
931.0588989257812
835.6500244140625
860.32470703125
817.5552368164062
957.3785400390625
845.5198974609375
853.7448120117188
812.6203002929688
931.0588989257812
847.1648559570312
861.9697265625
804.3953857421875
1010.0179443359375
834.0050048828125
870.194580078125
792.8805541992188
904.7391967773438
834.0050048828125
863.6146850585938
792.8805541992188
904.7391967773438
832.3600463867188
866.9046630859375
799.46044921875
904.7391967773438
837.2949829101562
857.0347290039062
806.0403442382812
904.7391967773438
840.5849609375
866.9046630859375
815.9102783203125
904.7391967773438
843.8749389648438
861.9697265625
806.0403442382812
1036.337646484375
835.6500244140625
857.0347290039062
791.2355346679688
904.7391967773438
835.6500244140625
855.3897705078125
786.3005981445312
931.0588989257812
829.070068359375
857.0347290039062
789.590576171875
825.7801513671875
832.3600463867188
858.6797485351562
791.2355346679688
825.7801513671875
843.8749389648438
866.9046630859375
792.8805541992188
904.7391967773438
840.5849609375
870.194580078125
807.6853637695312
931.0588989257812
848.8098754882812
860.32470703125
804.3953857421875
878.4194946289062
840.5849609375
857.0347290039062
792.8805541992188
878.4194946289062
835.6500244140625
845.5198974609375
792.8805541992188
904.7391967773438
835.6500244140625
853.7448120117188
799.46044921875
904.7391967773438
827.4251098632812
858.6797485351562
797.8154907226562
957.3785400390625
832.3600463867188
873.4845581054688
820.84521484375
825.7801513671875
848.8098754882812
866.9046630859375
825.7801513671875
931.0588989257812
842.2299194335938
853.7448120117188
802.7504272460938
878.4194946289062
838.9400024414062
852.0997924804688
801.1054077148438
852.0997924804688
842.2299194335938
847.1648559570312
797.8154907226562
878.4194946289062
824.1351318359375
850.454833984375
802.7504272460938
904.7391967773438
824.1351318359375
857.0347290039062
815.9102783203125
878.4194946289062
830.715087890625
850.454833984375
814.2652587890625
878.4194946289062
824.1351318359375
848.8098754882812
810.9752807617188
878.4194946289062
825.7801513671875
848.8098754882812
814.2652587890625
983.6982421875
830.715087890625
845.5198974609375
806.0403442382812
904.7391967773438
819.2001953125
840.5849609375
802.7504272460938
904.7391967773438
814.2652587890625
842.2299194335938
809.330322265625
904.7391967773438
838.9400024414062
845.5198974609375
809.330322265625
931.0588989257812
830.715087890625
845.5198974609375
815.9102783203125
983.6982421875
819.2001953125
848.8098754882812
815.9102783203125
983.6982421875
829.070068359375
855.3897705078125
810.9752807617188
852.0997924804688
825.7801513671875
853.7448120117188
810.9752807617188
904.7391967773438
832.3600463867188
852.0997924804688
804.3953857421875
931.0588989257812
835.6500244140625
858.6797485351562
815.9102783203125
931.0588989257812
830.715087890625
857.0347290039062
817.5552368164062
957.3785400390625
832.3600463867188
853.7448120117188
815.9102783203125
904.7391967773438
834.0050048828125
847.1648559570312
812.6203002929688
957.3785400390625
832.3600463867188
845.5198974609375
802.7504272460938
878.4194946289062
838.9400024414062
848.8098754882812
806.0403442382812
983.6982421875
835.6500244140625
853.7448120117188
802.7504272460938
878.4194946289062
829.070068359375
857.0347290039062
820.84521484375
904.7391967773438
830.715087890625
861.9697265625
817.5552368164062
904.7391967773438
829.070068359375
852.0997924804688
807.6853637695312
904.7391967773438
829.070068359375
848.8098754882812
812.6203002929688
931.0588989257812
847.1648559570312
855.3897705078125
817.5552368164062
931.0588989257812
834.0050048828125
847.1648559570312
814.2652587890625
825.7801513671875
834.0050048828125
860.32470703125
814.2652587890625
1010.0179443359375
842.2299194335938
853.7448120117188
796.1704711914062
957.3785400390625
842.2299194335938
850.454833984375
797.8154907226562
878.4194946289062
834.0050048828125
847.1648559570312
807.6853637695312
852.0997924804688
832.3600463867188
855.3897705078125
825.7801513671875
931.0588989257812
835.6500244140625
845.5198974609375
817.5552368164062
825.7801513671875
837.2949829101562
845.5198974609375
817.5552368164062
957.3785400390625
843.8749389648438
863.6146850585938
827.4251098632812
957.3785400390625
852.0997924804688
861.9697265625
824.1351318359375
957.3785400390625
842.2299194335938
858.6797485351562
807.6853637695312
904.7391967773438
847.1648559570312
860.32470703125
792.8805541992188
588.9029541015625
858.6797485351562
853.7448120117188
807.6853637695312
799.46044921875
848.8098754882812
858.6797485351562
822.4901733398438
1010.0179443359375
843.8749389648438
842.2299194335938
819.2001953125
694.1817016601562
824.1351318359375
857.0347290039062
825.7801513671875
957.3785400390625
837.2949829101562
858.6797485351562
834.0050048828125
799.46044921875
843.8749389648438
857.0347290039062
834.0050048828125
799.46044921875
847.1648559570312
855.3897705078125
825.7801513671875
904.7391967773438
834.0050048828125
835.6500244140625
810.9752807617188
746.8211059570312
812.6203002929688
855.3897705078125
809.330322265625
852.0997924804688
825.7801513671875
863.6146850585938
830.715087890625
904.7391967773438
832.3600463867188
868.5496215820312
840.5849609375
852.0997924804688
842.2299194335938
868.5496215820312
838.9400024414062
799.46044921875
837.2949829101562
866.9046630859375
838.9400024414062
799.46044921875
840.5849609375
863.6146850585938
834.0050048828125
799.46044921875
832.3600463867188
863.6146850585938
842.2299194335938
1010.0179443359375
832.3600463867188
853.7448120117188
835.6500244140625
904.7391967773438
829.070068359375
845.5198974609375
845.5198974609375
904.7391967773438
829.070068359375
858.6797485351562
845.5198974609375
904.7391967773438
830.715087890625
865.2596435546875
852.0997924804688
904.7391967773438
829.070068359375
860.32470703125
857.0347290039062
1010.0179443359375
830.715087890625
860.32470703125
838.9400024414062
799.46044921875
829.070068359375
845.5198974609375
835.6500244140625
904.7391967773438
832.3600463867188
852.0997924804688
829.070068359375
904.7391967773438
824.1351318359375
850.454833984375
827.4251098632812
799.46044921875
825.7801513671875
843.8749389648438
838.9400024414062
904.7391967773438
830.715087890625
853.7448120117188
845.5198974609375
904.7391967773438
837.2949829101562
857.0347290039062
845.5198974609375
799.46044921875
838.9400024414062
852.0997924804688
848.8098754882812
904.7391967773438
829.070068359375
860.32470703125
853.7448120117188
1010.0179443359375
830.715087890625
855.3897705078125
840.5849609375
904.7391967773438
838.9400024414062
858.6797485351562
830.715087890625
917.8990478515625
838.9400024414062
865.2596435546875
840.5849609375
903.09423828125
843.8749389648438
857.0347290039062
842.2299194335938
829.070068359375
834.0050048828125
863.6146850585938
853.7448120117188
868.5496215820312
835.6500244140625
870.194580078125
857.0347290039062
894.8693237304688
842.2299194335938
868.5496215820312
840.5849609375
873.4845581054688
838.9400024414062
865.2596435546875
835.6500244140625
876.7745361328125
840.5849609375
865.2596435546875
829.070068359375
804.3953857421875
843.8749389648438
853.7448120117188
827.4251098632812
820.84521484375
824.1351318359375
857.0347290039062
847.1648559570312
835.6500244140625
837.2949829101562
861.9697265625
855.3897705078125
963.95849609375
837.2949829101562
861.9697265625
850.454833984375
822.4901733398438
850.454833984375
848.8098754882812
853.7448120117188
796.1704711914062
850.454833984375
842.2299194335938
847.1648559570312
894.8693237304688
835.6500244140625
845.5198974609375
845.5198974609375
903.09423828125
840.5849609375
853.7448120117188
843.8749389648438
876.7745361328125
838.9400024414062
860.32470703125
848.8098754882812
870.194580078125
842.2299194335938
853.7448120117188
842.2299194335938
922.833984375
834.0050048828125
852.0997924804688
834.0050048828125
896.5142822265625
842.2299194335938
860.32470703125
843.8749389648438
949.1536865234375
840.5849609375
865.2596435546875
850.454833984375
843.8749389648438
850.454833984375
853.7448120117188
835.6500244140625
817.5552368164062
840.5849609375
858.6797485351562
840.5849609375
922.833984375
847.1648559570312
860.32470703125
842.2299194335938
896.5142822265625
850.454833984375
853.7448120117188
837.2949829101562
896.5142822265625
840.5849609375
860.32470703125
835.6500244140625
922.833984375
842.2299194335938
865.2596435546875
825.7801513671875
843.8749389648438
842.2299194335938
861.9697265625
820.84521484375
843.8749389648438
845.5198974609375
858.6797485351562
825.7801513671875
870.194580078125
852.0997924804688
857.0347290039062
825.7801513671875
791.2355346679688
842.2299194335938
850.454833984375
822.4901733398438
870.194580078125
840.5849609375
857.0347290039062
822.4901733398438
896.5142822265625
842.2299194335938
858.6797485351562
827.4251098632812
896.5142822265625
829.070068359375
852.0997924804688
820.84521484375
791.2355346679688
835.6500244140625
850.454833984375
822.4901733398438
738.59619140625
829.070068359375
850.454833984375
829.070068359375
738.59619140625
837.2949829101562
861.9697265625
837.2949829101562
791.2355346679688
848.8098754882812
866.9046630859375
835.6500244140625
791.2355346679688
848.8098754882812
865.2596435546875
830.715087890625
738.59619140625
848.8098754882812
858.6797485351562
820.84521484375
738.59619140625
838.9400024414062
853.7448120117188
815.9102783203125
896.5142822265625
842.2299194335938
861.9697265625
810.9752807617188
843.8749389648438
840.5849609375
861.9697265625
807.6853637695312
843.8749389648438
843.8749389648438
873.4845581054688
815.9102783203125
791.2355346679688
845.5198974609375
870.194580078125
817.5552368164062
791.2355346679688
840.5849609375
857.0347290039062
809.330322265625
791.2355346679688
829.070068359375
863.6146850585938
807.6853637695312
843.8749389648438
843.8749389648438
852.0997924804688
812.6203002929688
791.2355346679688
848.8098754882812
853.7448120117188
820.84521484375
896.5142822265625
829.070068359375
860.32470703125
804.3953857421875
791.2355346679688
835.6500244140625
857.0347290039062
806.0403442382812
738.59619140625
834.0050048828125
855.3897705078125
815.9102783203125
1054.432373046875
830.715087890625
857.0347290039062
810.9752807617188
791.2355346679688
835.6500244140625
850.454833984375
809.330322265625
791.2355346679688
838.9400024414062
853.7448120117188
809.330322265625
843.8749389648438
840.5849609375
858.6797485351562
804.3953857421875
791.2355346679688
853.7448120117188
847.1648559570312
804.3953857421875
791.2355346679688
837.2949829101562
847.1648559570312
801.1054077148438
791.2355346679688
825.7801513671875
853.7448120117188
799.46044921875
791.2355346679688
835.6500244140625
847.1648559570312
802.7504272460938
791.2355346679688
830.715087890625
861.9697265625
797.8154907226562
896.5142822265625
842.2299194335938
871.839599609375
799.46044921875
949.1536865234375
852.0997924804688
840.5849609375
797.8154907226562
738.59619140625
829.070068359375
820.84521484375
794.5255126953125
896.5142822265625
814.2652587890625
830.715087890625
791.2355346679688
843.8749389648438
812.6203002929688
837.2949829101562
797.8154907226562
791.2355346679688
810.9752807617188
845.5198974609375
796.1704711914062
791.2355346679688
822.4901733398438
843.8749389648438
809.330322265625
949.1536865234375
825.7801513671875
843.8749389648438
807.6853637695312
949.1536865234375
827.4251098632812
855.3897705078125
806.0403442382812
896.5142822265625
824.1351318359375
868.5496215820312
809.330322265625
843.8749389648438
825.7801513671875
861.9697265625
804.3953857421875
791.2355346679688
830.715087890625
850.454833984375
810.9752807617188
949.1536865234375
824.1351318359375
861.9697265625
809.330322265625
949.1536865234375
832.3600463867188
855.3897705078125
809.330322265625
896.5142822265625
837.2949829101562
848.8098754882812
809.330322265625
843.8749389648438
837.2949829101562
852.0997924804688
814.2652587890625
896.5142822265625
835.6500244140625
855.3897705078125
825.7801513671875
896.5142822265625
840.5849609375
852.0997924804688
817.5552368164062
843.8749389648438
845.5198974609375
852.0997924804688
812.6203002929688
949.1536865234375
840.5849609375
847.1648559570312
787.945556640625
791.2355346679688
832.3600463867188
848.8098754882812
783.0106201171875
896.5142822265625
835.6500244140625
860.32470703125
815.9102783203125
949.1536865234375
842.2299194335938
860.32470703125
820.84521484375
949.1536865234375
840.5849609375
868.5496215820312
817.5552368164062
896.5142822265625
845.5198974609375
865.2596435546875
824.1351318359375
1001.7930297851562
848.8098754882812
858.6797485351562
812.6203002929688
791.2355346679688
845.5198974609375
855.3897705078125
817.5552368164062
949.1536865234375
843.8749389648438
858.6797485351562
812.6203002929688
1001.7930297851562
852.0997924804688
866.9046630859375
812.6203002929688
896.5142822265625
853.7448120117188
861.9697265625
817.5552368164062
896.5142822265625
838.9400024414062
860.32470703125
824.1351318359375
949.1536865234375
838.9400024414062
857.0347290039062
822.4901733398438
843.8749389648438
830.715087890625
858.6797485351562
817.5552368164062
949.1536865234375
830.715087890625
853.7448120117188
807.6853637695312
949.1536865234375
838.9400024414062
848.8098754882812
804.3953857421875
791.2355346679688
825.7801513671875
848.8098754882812
812.6203002929688
896.5142822265625
815.9102783203125
842.2299194335938
812.6203002929688
843.8749389648438
812.6203002929688
847.1648559570312
822.4901733398438
791.2355346679688
825.7801513671875
852.0997924804688
835.6500244140625
843.8749389648438
829.070068359375
855.3897705078125
835.6500244140625
791.2355346679688
825.7801513671875
860.32470703125
819.2001953125
791.2355346679688
822.4901733398438
847.1648559570312
809.330322265625
843.8749389648438
822.4901733398438
832.3600463867188
807.6853637695312
843.8749389648438
819.2001953125
838.9400024414062
807.6853637695312
843.8749389648438
820.84521484375
842.2299194335938
820.84521484375
791.2355346679688
820.84521484375
860.32470703125
832.3600463867188
896.5142822265625
819.2001953125
853.7448120117188
824.1351318359375
843.8749389648438
827.4251098632812
843.8749389648438
810.9752807617188
843.8749389648438
817.5552368164062
847.1648559570312
809.330322265625
791.2355346679688
822.4901733398438
850.454833984375
802.7504272460938
896.5142822265625
829.070068359375
850.454833984375
810.9752807617188
949.1536865234375
829.070068359375
848.8098754882812
827.4251098632812
896.5142822265625
835.6500244140625
840.5849609375
822.4901733398438
738.59619140625
822.4901733398438
834.0050048828125
804.3953857421875
738.59619140625
817.5552368164062
837.2949829101562
797.8154907226562
685.956787109375
819.2001953125
835.6500244140625
794.5255126953125
475.3993225097656
822.4901733398438
843.8749389648438
802.7504272460938
843.8749389648438
830.715087890625
842.2299194335938
802.7504272460938
633.3174438476562
827.4251098632812
825.7801513671875
817.5552368164062
633.3174438476562
812.6203002929688
842.2299194335938
827.4251098632812
738.59619140625
822.4901733398438
840.5849609375
824.1351318359375
633.3174438476562
829.070068359375
845.5198974609375
822.4901733398438
738.59619140625
832.3600463867188
845.5198974609375
814.2652587890625
685.956787109375
835.6500244140625
838.9400024414062
817.5552368164062
738.59619140625
827.4251098632812
845.5198974609375
822.4901733398438
738.59619140625
827.4251098632812
840.5849609375
820.84521484375
738.59619140625
827.4251098632812
840.5849609375
832.3600463867188
949.1536865234375
824.1351318359375
843.8749389648438
819.2001953125
791.2355346679688
829.070068359375
842.2299194335938
827.4251098632812
843.8749389648438
837.2949829101562
847.1648559570312
827.4251098632812
843.8749389648438
829.070068359375
843.8749389648438
817.5552368164062
712.2764892578125
829.070068359375
840.5849609375
825.7801513671875
817.5552368164062
825.7801513671875
855.3897705078125
820.84521484375
843.8749389648438
827.4251098632812
842.2299194335938
827.4251098632812
843.8749389648438
832.3600463867188
840.5849609375
834.0050048828125
843.8749389648438
834.0050048828125
852.0997924804688
829.070068359375
843.8749389648438
832.3600463867188
845.5198974609375
827.4251098632812
922.833984375
842.2299194335938
848.8098754882812
830.715087890625
922.833984375
850.454833984375
847.1648559570312
830.715087890625
870.194580078125
829.070068359375
855.3897705078125
827.4251098632812
870.194580078125
837.2949829101562
857.0347290039062
817.5552368164062
817.5552368164062
829.070068359375
857.0347290039062
807.6853637695312
817.5552368164062
822.4901733398438
860.32470703125
817.5552368164062
633.3174438476562
840.5849609375
852.0997924804688
840.5849609375
870.194580078125
832.3600463867188
870.194580078125
847.1648559570312
1072.5272216796875
843.8749389648438
865.2596435546875
825.7801513671875
809.330322265625
842.2299194335938
860.32470703125
827.4251098632812
1019.8878173828125
830.715087890625
866.9046630859375
830.715087890625
809.330322265625
838.9400024414062
853.7448120117188
827.4251098632812
1019.8878173828125
829.070068359375
861.9697265625
834.0050048828125
967.2484130859375
837.2949829101562
865.2596435546875
842.2299194335938
1019.8878173828125
840.5849609375
860.32470703125
830.715087890625
809.330322265625
840.5849609375
868.5496215820312
850.454833984375
914.6090698242188
843.8749389648438
866.9046630859375
845.5198974609375
1019.8878173828125
840.5849609375
865.2596435546875
835.6500244140625
914.6090698242188
838.9400024414062
873.4845581054688
829.070068359375
861.9697265625
842.2299194335938
866.9046630859375
832.3600463867188
861.9697265625
834.0050048828125
858.6797485351562
847.1648559570312
861.9697265625
842.2299194335938
863.6146850585938
840.5849609375
914.6090698242188
835.6500244140625
863.6146850585938
830.715087890625
861.9697265625
843.8749389648438
868.5496215820312
815.9102783203125
809.330322265625
852.0997924804688
861.9697265625
819.2001953125
914.6090698242188
845.5198974609375
860.32470703125
824.1351318359375
914.6090698242188
852.0997924804688
860.32470703125
829.070068359375
861.9697265625
847.1648559570312
866.9046630859375
845.5198974609375
1177.805908203125
847.1648559570312
865.2596435546875
820.84521484375
861.9697265625
847.1648559570312
860.32470703125
824.1351318359375
967.2484130859375
840.5849609375
858.6797485351562
819.2001953125
967.2484130859375
840.5849609375
858.6797485351562
806.0403442382812
809.330322265625
835.6500244140625
847.1648559570312
807.6853637695312
809.330322265625
835.6500244140625
852.0997924804688
810.9752807617188
861.9697265625
838.9400024414062
866.9046630859375
824.1351318359375
967.2484130859375
838.9400024414062
855.3897705078125
819.2001953125
809.330322265625
842.2299194335938
850.454833984375
801.1054077148438
861.9697265625
827.4251098632812
852.0997924804688
809.330322265625
914.6090698242188
842.2299194335938
852.0997924804688
807.6853637695312
809.330322265625
840.5849609375
852.0997924804688
806.0403442382812
809.330322265625
835.6500244140625
855.3897705078125
822.4901733398438
914.6090698242188
842.2299194335938
855.3897705078125
814.2652587890625
809.330322265625
843.8749389648438
858.6797485351562
814.2652587890625
809.330322265625
842.2299194335938
868.5496215820312
809.330322265625
809.330322265625
845.5198974609375
865.2596435546875
806.0403442382812
809.330322265625
830.715087890625
861.9697265625
802.7504272460938
809.330322265625
830.715087890625
858.6797485351562
801.1054077148438
756.6909790039062
838.9400024414062
865.2596435546875
829.070068359375
914.6090698242188
838.9400024414062
861.9697265625
824.1351318359375
756.6909790039062
843.8749389648438
863.6146850585938
824.1351318359375
861.9697265625
842.2299194335938
860.32470703125
802.7504272460938
861.9697265625
840.5849609375
847.1648559570312
783.0106201171875
861.9697265625
835.6500244140625
853.7448120117188
789.590576171875
861.9697265625
819.2001953125
848.8098754882812
791.2355346679688
809.330322265625
819.2001953125
852.0997924804688
824.1351318359375
861.9697265625
822.4901733398438
858.6797485351562
820.84521484375
809.330322265625
815.9102783203125
847.1648559570312
806.0403442382812
704.0515747070312
824.1351318359375
848.8098754882812
802.7504272460938
704.0515747070312
825.7801513671875
842.2299194335938
796.1704711914062
704.0515747070312
825.7801513671875
843.8749389648438
789.590576171875
704.0515747070312
834.0050048828125
847.1648559570312
807.6853637695312
756.6909790039062
825.7801513671875
853.7448120117188
817.5552368164062
756.6909790039062
820.84521484375
848.8098754882812
812.6203002929688
756.6909790039062
819.2001953125
848.8098754882812
809.330322265625
809.330322265625
817.5552368164062
847.1648559570312
797.8154907226562
756.6909790039062
822.4901733398438
845.5198974609375
797.8154907226562
967.2484130859375
815.9102783203125
847.1648559570312
806.0403442382812
809.330322265625
820.84521484375
848.8098754882812
810.9752807617188
809.330322265625
825.7801513671875
850.454833984375
796.1704711914062
809.330322265625
832.3600463867188
847.1648559570312
797.8154907226562
809.330322265625
822.4901733398438
842.2299194335938
799.46044921875
914.6090698242188
807.6853637695312
853.7448120117188
812.6203002929688
809.330322265625
824.1351318359375
848.8098754882812
809.330322265625
861.9697265625
815.9102783203125
838.9400024414062
796.1704711914062
888.2893676757812
817.5552368164062
847.1648559570312
797.8154907226562
940.9287719726562
829.070068359375
847.1648559570312
809.330322265625
914.6090698242188
814.2652587890625
860.32470703125
817.5552368164062
861.9697265625
834.0050048828125
858.6797485351562
806.0403442382812
783.0106201171875
835.6500244140625
855.3897705078125
796.1704711914062
835.6500244140625
830.715087890625
853.7448120117188
809.330322265625
914.6090698242188
832.3600463867188
848.8098754882812
814.2652587890625
940.9287719726562
825.7801513671875
858.6797485351562
812.6203002929688
888.2893676757812
838.9400024414062
857.0347290039062
809.330322265625
888.2893676757812
837.2949829101562
860.32470703125
807.6853637695312
783.0106201171875
840.5849609375
853.7448120117188
819.2001953125
730.3712768554688
838.9400024414062
860.32470703125
822.4901733398438
993.568115234375
822.4901733398438
870.194580078125
814.2652587890625
835.6500244140625
832.3600463867188
855.3897705078125
810.9752807617188
809.330322265625
832.3600463867188
863.6146850585938
814.2652587890625
967.2484130859375
843.8749389648438
860.32470703125
812.6203002929688
914.6090698242188
845.5198974609375
847.1648559570312
814.2652587890625
967.2484130859375
830.715087890625
860.32470703125
812.6203002929688
1019.8878173828125
837.2949829101562
852.0997924804688
810.9752807617188
914.6090698242188
834.0050048828125
843.8749389648438
804.3953857421875
914.6090698242188
827.4251098632812
845.5198974609375
804.3953857421875
967.2484130859375
835.6500244140625
847.1648559570312
804.3953857421875
809.330322265625
830.715087890625
843.8749389648438
814.2652587890625
914.6090698242188
838.9400024414062
852.0997924804688
814.2652587890625
967.2484130859375
845.5198974609375
857.0347290039062
815.9102783203125
914.6090698242188
842.2299194335938
845.5198974609375
809.330322265625
809.330322265625
838.9400024414062
847.1648559570312
804.3953857421875
861.9697265625
837.2949829101562
853.7448120117188
810.9752807617188
914.6090698242188
848.8098754882812
848.8098754882812
802.7504272460938
914.6090698242188
840.5849609375
863.6146850585938
817.5552368164062
914.6090698242188
837.2949829101562
866.9046630859375
822.4901733398438
809.330322265625
845.5198974609375
848.8098754882812
830.715087890625
861.9697265625
830.715087890625
855.3897705078125
827.4251098632812
704.0515747070312
837.2949829101562
852.0997924804688
832.3600463867188
809.330322265625
838.9400024414062
858.6797485351562
837.2949829101562
914.6090698242188
842.2299194335938
860.32470703125
822.4901733398438
704.0515747070312
834.0050048828125
855.3897705078125
829.070068359375
914.6090698242188
834.0050048828125
857.0347290039062
824.1351318359375
809.330322265625
827.4251098632812
868.5496215820312
830.715087890625
809.330322265625
835.6500244140625
863.6146850585938
832.3600463867188
809.330322265625
845.5198974609375
866.9046630859375
835.6500244140625
914.6090698242188
845.5198974609375
870.194580078125
827.4251098632812
914.6090698242188
843.8749389648438
865.2596435546875
820.84521484375
809.330322265625
842.2299194335938
861.9697265625
824.1351318359375
914.6090698242188
848.8098754882812
860.32470703125
830.715087890625
914.6090698242188
848.8098754882812
871.839599609375
832.3600463867188
809.330322265625
845.5198974609375
876.7745361328125
842.2299194335938
861.9697265625
847.1648559570312
876.7745361328125
835.6500244140625
756.6909790039062
848.8098754882812
868.5496215820312
832.3600463867188
756.6909790039062
845.5198974609375
863.6146850585938
827.4251098632812
861.9697265625
845.5198974609375
871.839599609375
824.1351318359375
861.9697265625
843.8749389648438
873.4845581054688
827.4251098632812
809.330322265625
853.7448120117188
871.839599609375
824.1351318359375
756.6909790039062
861.9697265625
865.2596435546875
843.8749389648438
861.9697265625
845.5198974609375
865.2596435546875
838.9400024414062
861.9697265625
830.715087890625
866.9046630859375
845.5198974609375
1072.5272216796875
830.715087890625
870.194580078125
829.070068359375
809.330322265625
834.0050048828125
858.6797485351562
819.2001953125
861.9697265625
835.6500244140625
857.0347290039062
829.070068359375
914.6090698242188
843.8749389648438
853.7448120117188
834.0050048828125
914.6090698242188
840.5849609375
853.7448120117188
827.4251098632812
861.9697265625
845.5198974609375
863.6146850585938
832.3600463867188
914.6090698242188
842.2299194335938
861.9697265625
824.1351318359375
820.84521484375
837.2949829101562
858.6797485351562
815.9102783203125
820.84521484375
835.6500244140625
868.5496215820312
830.715087890625
926.1239624023438
840.5849609375
863.6146850585938
832.3600463867188
820.84521484375
845.5198974609375
861.9697265625
824.1351318359375
820.84521484375
840.5849609375
865.2596435546875
820.84521484375
820.84521484375
845.5198974609375
852.0997924804688
812.6203002929688
820.84521484375
842.2299194335938
853.7448120117188
832.3600463867188
768.205810546875
829.070068359375
852.0997924804688
843.8749389648438
873.4845581054688
835.6500244140625
845.5198974609375
822.4901733398438
820.84521484375
829.070068359375
845.5198974609375
812.6203002929688
926.1239624023438
827.4251098632812
855.3897705078125
802.7504272460938
926.1239624023438
827.4251098632812
853.7448120117188
797.8154907226562
873.4845581054688
825.7801513671875
853.7448120117188
820.84521484375
926.1239624023438
824.1351318359375
855.3897705078125
817.5552368164062
768.205810546875
830.715087890625
847.1648559570312
829.070068359375
926.1239624023438
834.0050048828125
853.7448120117188
830.715087890625
926.1239624023438
832.3600463867188
855.3897705078125
814.2652587890625
834.0050048828125
824.1351318359375
847.1648559570312
806.0403442382812
945.8637084960938
825.7801513671875
848.8098754882812
807.6853637695312
939.2837524414062
824.1351318359375
847.1648559570312
819.2001953125
880.064453125
830.715087890625
843.8749389648438
820.84521484375
926.1239624023438
827.4251098632812
850.454833984375
820.84521484375
814.2652587890625
827.4251098632812
855.3897705078125
806.0403442382812
873.4845581054688
835.6500244140625
855.3897705078125
797.8154907226562
932.703857421875
840.5849609375
858.6797485351562
796.1704711914062
899.8042602539062
835.6500244140625
852.0997924804688
799.46044921875
932.703857421875
838.9400024414062
855.3897705078125
799.46044921875
893.2243041992188
832.3600463867188
853.7448120117188
797.8154907226562
860.32470703125
837.2949829101562
845.5198974609375
806.0403442382812
827.4251098632812
838.9400024414062
847.1648559570312
806.0403442382812
827.4251098632812
837.2949829101562
842.2299194335938
806.0403442382812
820.84521484375
830.715087890625
838.9400024414062
797.8154907226562
926.1239624023438
835.6500244140625
861.9697265625
799.46044921875
978.7633056640625
834.0050048828125
845.5198974609375
786.3005981445312
873.4845581054688
824.1351318359375
842.2299194335938
801.1054077148438
926.1239624023438
834.0050048828125
847.1648559570312
814.2652587890625
926.1239624023438
827.4251098632812
842.2299194335938
804.3953857421875
926.1239624023438
825.7801513671875
857.0347290039062
814.2652587890625
926.1239624023438
834.0050048828125
852.0997924804688
812.6203002929688
926.1239624023438
832.3600463867188
835.6500244140625
791.2355346679688
820.84521484375
827.4251098632812
840.5849609375
809.330322265625
926.1239624023438
820.84521484375
855.3897705078125
825.7801513671875
978.7633056640625
835.6500244140625
855.3897705078125
814.2652587890625
873.4845581054688
840.5849609375
857.0347290039062
810.9752807617188
978.7633056640625
825.7801513671875
861.9697265625
809.330322265625
768.205810546875
834.0050048828125
865.2596435546875
815.9102783203125
873.4845581054688
830.715087890625
857.0347290039062
835.6500244140625
873.4845581054688
838.9400024414062
861.9697265625
845.5198974609375
820.84521484375
847.1648559570312
852.0997924804688
847.1648559570312
847.1648559570312
834.0050048828125
857.0347290039062
855.3897705078125
847.1648559570312
824.1351318359375
870.194580078125
873.4845581054688
926.1239624023438
837.2949829101562
857.0347290039062
891.579345703125
926.1239624023438
850.454833984375
860.32470703125
888.2893676757812
926.1239624023438
837.2949829101562
863.6146850585938
898.1592407226562
926.1239624023438
834.0050048828125
858.6797485351562
903.09423828125
820.84521484375
840.5849609375
865.2596435546875
916.2540283203125
978.7633056640625
838.9400024414062
868.5496215820312
916.2540283203125
1005.0830078125
847.1648559570312
860.32470703125
894.8693237304688
847.1648559570312
845.5198974609375
866.9046630859375
884.9994506835938
847.1648559570312
847.1648559570312
863.6146850585938
880.064453125
847.1648559570312
838.9400024414062
860.32470703125
880.064453125
768.205810546875
840.5849609375
850.454833984375
876.7745361328125
847.1648559570312
835.6500244140625
857.0347290039062
880.064453125
1031.4027099609375
842.2299194335938
861.9697265625
866.9046630859375
741.8861083984375
848.8098754882812
857.0347290039062
868.5496215820312
952.443603515625
829.070068359375
857.0347290039062
866.9046630859375
1005.0830078125
832.3600463867188
850.454833984375
857.0347290039062
952.443603515625
825.7801513671875
857.0347290039062
873.4845581054688
1057.722412109375
835.6500244140625
861.9697265625
861.9697265625
952.443603515625
834.0050048828125
853.7448120117188
848.8098754882812
899.8042602539062
830.715087890625
858.6797485351562
855.3897705078125
952.443603515625
830.715087890625
863.6146850585938
858.6797485351562
952.443603515625
834.0050048828125
865.2596435546875
863.6146850585938
952.443603515625
837.2949829101562
863.6146850585938
850.454833984375
794.5255126953125
838.9400024414062
860.32470703125
848.8098754882812
899.8042602539062
834.0050048828125
860.32470703125
852.0997924804688
847.1648559570312
835.6500244140625
855.3897705078125
852.0997924804688
952.443603515625
837.2949829101562
866.9046630859375
847.1648559570312
952.443603515625
838.9400024414062
858.6797485351562
843.8749389648438
847.1648559570312
842.2299194335938
850.454833984375
842.2299194335938
952.443603515625
830.715087890625
857.0347290039062
847.1648559570312
847.1648559570312
835.6500244140625
857.0347290039062
847.1648559570312
794.5255126953125
843.8749389648438
848.8098754882812
835.6500244140625
794.5255126953125
838.9400024414062
847.1648559570312
835.6500244140625
794.5255126953125
834.0050048828125
853.7448120117188
840.5849609375
899.8042602539062
835.6500244140625
857.0347290039062
834.0050048828125
847.1648559570312
827.4251098632812
852.0997924804688
822.4901733398438
847.1648559570312
832.3600463867188
855.3897705078125
822.4901733398438
847.1648559570312
832.3600463867188
848.8098754882812
834.0050048828125
899.8042602539062
820.84521484375
843.8749389648438
822.4901733398438
847.1648559570312
825.7801513671875
852.0997924804688
824.1351318359375
847.1648559570312
830.715087890625
842.2299194335938
824.1351318359375
689.2467651367188
834.0050048828125
843.8749389648438
810.9752807617188
847.1648559570312
830.715087890625
850.454833984375
817.5552368164062
952.443603515625
834.0050048828125
852.0997924804688
812.6203002929688
794.5255126953125
829.070068359375
847.1648559570312
807.6853637695312
794.5255126953125
822.4901733398438
855.3897705078125
829.070068359375
1005.0830078125
834.0050048828125
857.0347290039062
832.3600463867188
899.8042602539062
834.0050048828125
852.0997924804688
809.330322265625
847.1648559570312
829.070068359375
853.7448120117188
801.1054077148438
1163.0010986328125
822.4901733398438
853.7448120117188
786.3005981445312
847.1648559570312
827.4251098632812
845.5198974609375
796.1704711914062
952.443603515625
824.1351318359375
852.0997924804688
797.8154907226562
899.8042602539062
825.7801513671875
858.6797485351562
812.6203002929688
952.443603515625
832.3600463867188
858.6797485351562
812.6203002929688
899.8042602539062
842.2299194335938
853.7448120117188
810.9752807617188
952.443603515625
837.2949829101562
858.6797485351562
802.7504272460938
1005.0830078125
830.715087890625
845.5198974609375
783.0106201171875
741.8861083984375
830.715087890625
845.5198974609375
797.8154907226562
952.443603515625
819.2001953125
852.0997924804688
792.8805541992188
847.1648559570312
822.4901733398438
852.0997924804688
801.1054077148438
847.1648559570312
825.7801513671875
855.3897705078125
806.0403442382812
899.8042602539062
825.7801513671875
855.3897705078125
806.0403442382812
952.443603515625
829.070068359375
847.1648559570312
797.8154907226562
847.1648559570312
832.3600463867188
845.5198974609375
792.8805541992188
847.1648559570312
824.1351318359375
843.8749389648438
794.5255126953125
899.8042602539062
819.2001953125
848.8098754882812
792.8805541992188
794.5255126953125
824.1351318359375
847.1648559570312
809.330322265625
1110.3616943359375
824.1351318359375
857.0347290039062
807.6853637695312
847.1648559570312
832.3600463867188
858.6797485351562
806.0403442382812
899.8042602539062
830.715087890625
861.9697265625
801.1054077148438
899.8042602539062
832.3600463867188
850.454833984375
802.7504272460938
847.1648559570312
837.2949829101562
852.0997924804688
789.590576171875
899.8042602539062
837.2949829101562
850.454833984375
784.6556396484375
847.1648559570312
835.6500244140625
840.5849609375
810.9752807617188
847.1648559570312
834.0050048828125
855.3897705078125
812.6203002929688
899.8042602539062
824.1351318359375
848.8098754882812
799.46044921875
794.5255126953125
827.4251098632812
855.3897705078125
814.2652587890625
1005.0830078125
834.0050048828125
861.9697265625
799.46044921875
861.9697265625
832.3600463867188
858.6797485351562
806.0403442382812
861.9697265625
835.6500244140625
858.6797485351562
815.9102783203125
861.9697265625
838.9400024414062
855.3897705078125
810.9752807617188
756.6909790039062
842.2299194335938
857.0347290039062
814.2652587890625
967.2484130859375
850.454833984375
858.6797485351562
815.9102783203125
861.9697265625
840.5849609375
852.0997924804688
807.6853637695312
861.9697265625
830.715087890625
860.32470703125
807.6853637695312
861.9697265625
840.5849609375
858.6797485351562
809.330322265625
809.330322265625
835.6500244140625
852.0997924804688
799.46044921875
809.330322265625
840.5849609375
845.5198974609375
799.46044921875
967.2484130859375
832.3600463867188
848.8098754882812
799.46044921875
861.9697265625
829.070068359375
850.454833984375
810.9752807617188
914.6090698242188
829.070068359375
850.454833984375
820.84521484375
914.6090698242188
825.7801513671875
842.2299194335938
799.46044921875
809.330322265625
819.2001953125
837.2949829101562
801.1054077148438
861.9697265625
817.5552368164062
838.9400024414062
799.46044921875
967.2484130859375
817.5552368164062
842.2299194335938
802.7504272460938
883.3544311523438
817.5552368164062
845.5198974609375
815.9102783203125
888.2893676757812
820.84521484375
847.1648559570312
809.330322265625
1087.33203125
825.7801513671875
848.8098754882812
819.2001953125
870.194580078125
835.6500244140625
848.8098754882812
822.4901733398438
881.70947265625
830.715087890625
843.8749389648438
792.8805541992188
774.7857666015625
817.5552368164062
842.2299194335938
799.46044921875
740.2411499023438
822.4901733398438
842.2299194335938
799.46044921875
871.839599609375
819.2001953125
842.2299194335938
807.6853637695312
919.5440063476562
829.070068359375
842.2299194335938
807.6853637695312
927.7689208984375
819.2001953125
850.454833984375
807.6853637695312
848.8098754882812
824.1351318359375
835.6500244140625
809.330322265625
817.5552368164062
824.1351318359375
842.2299194335938
802.7504272460938
817.5552368164062
830.715087890625
845.5198974609375
820.84521484375
883.3544311523438
845.5198974609375
845.5198974609375
812.6203002929688
898.1592407226562
829.070068359375
848.8098754882812
810.9752807617188
926.1239624023438
829.070068359375
850.454833984375
820.84521484375
768.205810546875
832.3600463867188
845.5198974609375
815.9102783203125
820.84521484375
825.7801513671875
857.0347290039062
820.84521484375
820.84521484375
832.3600463867188
852.0997924804688
814.2652587890625
610.2877197265625
827.4251098632812
848.8098754882812
819.2001953125
1031.4027099609375
820.84521484375
852.0997924804688
807.6853637695312
768.205810546875
827.4251098632812
847.1648559570312
815.9102783203125
820.84521484375
834.0050048828125
840.5849609375
815.9102783203125
873.4845581054688
829.070068359375
845.5198974609375
817.5552368164062
768.205810546875
832.3600463867188
847.1648559570312
824.1351318359375
873.4845581054688
822.4901733398438
847.1648559570312
824.1351318359375
873.4845581054688
820.84521484375
853.7448120117188
827.4251098632812
768.205810546875
829.070068359375
852.0997924804688
829.070068359375
768.205810546875
827.4251098632812
857.0347290039062
822.4901733398438
873.4845581054688
827.4251098632812
863.6146850585938
822.4901733398438
820.84521484375
832.3600463867188
865.2596435546875
832.3600463867188
820.84521484375
838.9400024414062
860.32470703125
830.715087890625
820.84521484375
829.070068359375
845.5198974609375
814.2652587890625
768.205810546875
822.4901733398438
845.5198974609375
815.9102783203125
715.5664672851562
830.715087890625
843.8749389648438
822.4901733398438
978.7633056640625
824.1351318359375
850.454833984375
817.5552368164062
715.5664672851562
843.8749389648438
848.8098754882812
824.1351318359375
873.4845581054688
840.5849609375
845.5198974609375
822.4901733398438
873.4845581054688
834.0050048828125
850.454833984375
829.070068359375
768.205810546875
837.2949829101562
845.5198974609375
829.070068359375
768.205810546875
838.9400024414062
845.5198974609375
829.070068359375
978.7633056640625
830.715087890625
847.1648559570312
814.2652587890625
768.205810546875
830.715087890625
847.1648559570312
814.2652587890625
768.205810546875
835.6500244140625
853.7448120117188
842.2299194335938
926.1239624023438
835.6500244140625
857.0347290039062
847.1648559570312
820.84521484375
840.5849609375
847.1648559570312
837.2949829101562
768.205810546875
835.6500244140625
843.8749389648438
834.0050048828125
873.4845581054688
829.070068359375
847.1648559570312
827.4251098632812
820.84521484375
825.7801513671875
850.454833984375
830.715087890625
820.84521484375
830.715087890625
863.6146850585938
837.2949829101562
820.84521484375
850.454833984375
848.8098754882812
840.5849609375
768.205810546875
824.1351318359375
840.5849609375
840.5849609375
873.4845581054688
810.9752807617188
845.5198974609375
837.2949829101562
820.84521484375
814.2652587890625
848.8098754882812
834.0050048828125
873.4845581054688
814.2652587890625
857.0347290039062
822.4901733398438
768.205810546875
825.7801513671875
842.2299194335938
815.9102783203125
768.205810546875
824.1351318359375
840.5849609375
825.7801513671875
978.7633056640625
814.2652587890625
843.8749389648438
825.7801513671875
820.84521484375
812.6203002929688
848.8098754882812
822.4901733398438
820.84521484375
820.84521484375
848.8098754882812
845.5198974609375
1031.4027099609375
822.4901733398438
847.1648559570312
832.3600463867188
820.84521484375
822.4901733398438
848.8098754882812
827.4251098632812
926.1239624023438
822.4901733398438
843.8749389648438
830.715087890625
978.7633056640625
820.84521484375
855.3897705078125
819.2001953125
768.205810546875
824.1351318359375
850.454833984375
822.4901733398438
820.84521484375
829.070068359375
852.0997924804688
827.4251098632812
873.4845581054688
837.2949829101562
850.454833984375
817.5552368164062
820.84521484375
835.6500244140625
852.0997924804688
812.6203002929688
820.84521484375
822.4901733398438
853.7448120117188
809.330322265625
820.84521484375
834.0050048828125
855.3897705078125
815.9102783203125
715.5664672851562
835.6500244140625
850.454833984375
827.4251098632812
873.4845581054688
834.0050048828125
848.8098754882812
824.1351318359375
873.4845581054688
838.9400024414062
847.1648559570312
819.2001953125
820.84521484375
838.9400024414062
845.5198974609375
830.715087890625
978.7633056640625
827.4251098632812
842.2299194335938
819.2001953125
820.84521484375
829.070068359375
838.9400024414062
812.6203002929688
820.84521484375
832.3600463867188
835.6500244140625
807.6853637695312
926.1239624023438
810.9752807617188
852.0997924804688
801.1054077148438
820.84521484375
820.84521484375
847.1648559570312
812.6203002929688
820.84521484375
829.070068359375
840.5849609375
817.5552368164062
873.4845581054688
825.7801513671875
852.0997924804688
820.84521484375
873.4845581054688
834.0050048828125
852.0997924804688
825.7801513671875
820.84521484375
835.6500244140625
861.9697265625
820.84521484375
873.4845581054688
834.0050048828125
873.4845581054688
809.330322265625
715.5664672851562
848.8098754882812
855.3897705078125
812.6203002929688
715.5664672851562
832.3600463867188
850.454833984375
812.6203002929688
820.84521484375
827.4251098632812
852.0997924804688
824.1351318359375
768.205810546875
834.0050048828125
852.0997924804688
830.715087890625
768.205810546875
835.6500244140625
857.0347290039062
820.84521484375
768.205810546875
840.5849609375
857.0347290039062
824.1351318359375
820.84521484375
825.7801513671875
855.3897705078125
824.1351318359375
768.205810546875
822.4901733398438
861.9697265625
832.3600463867188
768.205810546875
832.3600463867188
855.3897705078125
824.1351318359375
715.5664672851562
840.5849609375
857.0347290039062
829.070068359375
768.205810546875
830.715087890625
858.6797485351562
835.6500244140625
768.205810546875
829.070068359375
857.0347290039062
825.7801513671875
847.1648559570312
830.715087890625
857.0347290039062
815.9102783203125
847.1648559570312
829.070068359375
863.6146850585938
824.1351318359375
899.8042602539062
837.2949829101562
858.6797485351562
822.4901733398438
847.1648559570312
838.9400024414062
850.454833984375
824.1351318359375
820.84521484375
840.5849609375
852.0997924804688
824.1351318359375
1057.722412109375
832.3600463867188
857.0347290039062
820.84521484375
873.4845581054688
840.5849609375
848.8098754882812
825.7801513671875
873.4845581054688
830.715087890625
857.0347290039062
834.0050048828125
873.4845581054688
837.2949829101562
860.32470703125
827.4251098632812
847.1648559570312
850.454833984375
858.6797485351562
822.4901733398438
899.8042602539062
852.0997924804688
863.6146850585938
815.9102783203125
820.84521484375
848.8098754882812
865.2596435546875
822.4901733398438
899.8042602539062
848.8098754882812
861.9697265625
829.070068359375
899.8042602539062
845.5198974609375
861.9697265625
824.1351318359375
820.84521484375
847.1648559570312
861.9697265625
825.7801513671875
847.1648559570312
847.1648559570312
857.0347290039062
815.9102783203125
720.5014038085938
835.6500244140625
853.7448120117188
810.9752807617188
773.1407470703125
834.0050048828125
855.3897705078125
819.2001953125
983.6982421875
838.9400024414062
858.6797485351562
822.4901733398438
773.1407470703125
832.3600463867188
861.9697265625
825.7801513671875
825.7801513671875
842.2299194335938
860.32470703125
830.715087890625
825.7801513671875
840.5849609375
848.8098754882812
815.9102783203125
773.1407470703125
840.5849609375
853.7448120117188
809.330322265625
773.1407470703125
840.5849609375
853.7448120117188
814.2652587890625
825.7801513671875
827.4251098632812
848.8098754882812
812.6203002929688
878.4194946289062
824.1351318359375
853.7448120117188
819.2001953125
878.4194946289062
829.070068359375
855.3897705078125
829.070068359375
773.1407470703125
843.8749389648438
857.0347290039062
825.7801513671875
773.1407470703125
845.5198974609375
855.3897705078125
825.7801513671875
773.1407470703125
845.5198974609375
850.454833984375
827.4251098632812
1036.337646484375
835.6500244140625
857.0347290039062
812.6203002929688
825.7801513671875
829.070068359375
857.0347290039062
812.6203002929688
825.7801513671875
834.0050048828125
863.6146850585938
817.5552368164062
825.7801513671875
835.6500244140625
857.0347290039062
814.2652587890625
720.5014038085938
840.5849609375
857.0347290039062
815.9102783203125
825.7801513671875
845.5198974609375
865.2596435546875
817.5552368164062
720.5014038085938
842.2299194335938
850.454833984375
820.84521484375
720.5014038085938
842.2299194335938
847.1648559570312
825.7801513671875
825.7801513671875
843.8749389648438
853.7448120117188
824.1351318359375
825.7801513671875
830.715087890625
853.7448120117188
819.2001953125
825.7801513671875
840.5849609375
855.3897705078125
819.2001953125
720.5014038085938
834.0050048828125
858.6797485351562
820.84521484375
773.1407470703125
842.2299194335938
857.0347290039062
814.2652587890625
825.7801513671875
845.5198974609375
852.0997924804688
814.2652587890625
773.1407470703125
837.2949829101562
858.6797485351562
817.5552368164062
773.1407470703125
843.8749389648438
857.0347290039062
822.4901733398438
931.0588989257812
840.5849609375
855.3897705078125
815.9102783203125
720.5014038085938
848.8098754882812
855.3897705078125
812.6203002929688
931.0588989257812
829.070068359375
853.7448120117188
806.0403442382812
825.7801513671875
829.070068359375
855.3897705078125
815.9102783203125
773.1407470703125
832.3600463867188
860.32470703125
824.1351318359375
983.6982421875
835.6500244140625
865.2596435546875
819.2001953125
773.1407470703125
842.2299194335938
858.6797485351562
834.0050048828125
878.4194946289062
832.3600463867188
860.32470703125
838.9400024414062
825.7801513671875
843.8749389648438
855.3897705078125
822.4901733398438
825.7801513671875
835.6500244140625
853.7448120117188
809.330322265625
878.4194946289062
838.9400024414062
855.3897705078125
797.8154907226562
720.5014038085938
837.2949829101562
861.9697265625
807.6853637695312
825.7801513671875
832.3600463867188
855.3897705078125
815.9102783203125
825.7801513671875
835.6500244140625
858.6797485351562
819.2001953125
825.7801513671875
829.070068359375
858.6797485351562
814.2652587890625
825.7801513671875
835.6500244140625
858.6797485351562
815.9102783203125
878.4194946289062
834.0050048828125
866.9046630859375
824.1351318359375
773.1407470703125
843.8749389648438
853.7448120117188
815.9102783203125
825.7801513671875
850.454833984375
850.454833984375
809.330322265625
857.0347290039062
842.2299194335938
848.8098754882812
822.4901733398438
817.5552368164062
838.9400024414062
843.8749389648438
815.9102783203125
812.6203002929688
822.4901733398438
842.2299194335938
802.7504272460938
838.9400024414062
827.4251098632812
838.9400024414062
804.3953857421875
817.5552368164062
822.4901733398438
837.2949829101562
801.1054077148438
834.0050048828125
827.4251098632812
842.2299194335938
817.5552368164062
806.0403442382812
835.6500244140625
850.454833984375
830.715087890625
932.703857421875
832.3600463867188
843.8749389648438
807.6853637695312
697.4716796875
825.7801513671875
843.8749389648438
804.3953857421875
868.5496215820312
829.070068359375
850.454833984375
814.2652587890625
898.1592407226562
837.2949829101562
852.0997924804688
812.6203002929688
753.4010009765625
835.6500244140625
855.3897705078125
817.5552368164062
832.3600463867188
827.4251098632812
848.8098754882812
815.9102783203125
898.1592407226562
824.1351318359375
863.6146850585938
820.84521484375
835.6500244140625
827.4251098632812
855.3897705078125
815.9102783203125
858.6797485351562
825.7801513671875
858.6797485351562
812.6203002929688
753.4010009765625
830.715087890625
858.6797485351562
830.715087890625
753.4010009765625
830.715087890625
853.7448120117188
835.6500244140625
753.4010009765625
830.715087890625
853.7448120117188
820.84521484375
542.843505859375
843.8749389648438
850.454833984375
817.5552368164062
648.1222534179688
848.8098754882812
858.6797485351562
804.3953857421875
700.7615966796875
852.0997924804688
858.6797485351562
807.6853637695312
648.1222534179688
840.5849609375
845.5198974609375
829.070068359375
753.4010009765625
840.5849609375
838.9400024414062
814.2652587890625
753.4010009765625
832.3600463867188
845.5198974609375
809.330322265625
753.4010009765625
830.715087890625
848.8098754882812
809.330322265625
753.4010009765625
835.6500244140625
857.0347290039062
817.5552368164062
806.0403442382812
832.3600463867188
857.0347290039062
824.1351318359375
806.0403442382812
837.2949829101562
853.7448120117188
824.1351318359375
806.0403442382812
835.6500244140625
861.9697265625
825.7801513671875
858.6797485351562
847.1648559570312
866.9046630859375
820.84521484375
858.6797485351562
834.0050048828125
863.6146850585938
810.9752807617188
648.1222534179688
832.3600463867188
858.6797485351562
817.5552368164062
753.4010009765625
835.6500244140625
860.32470703125
832.3600463867188
753.4010009765625
832.3600463867188
855.3897705078125
825.7801513671875
648.1222534179688
834.0050048828125
857.0347290039062
822.4901733398438
753.4010009765625
835.6500244140625
852.0997924804688
806.0403442382812
648.1222534179688
832.3600463867188
845.5198974609375
801.1054077148438
648.1222534179688
835.6500244140625
860.32470703125
820.84521484375
858.6797485351562
845.5198974609375
865.2596435546875
824.1351318359375
753.4010009765625
853.7448120117188
863.6146850585938
819.2001953125
753.4010009765625
853.7448120117188
857.0347290039062
809.330322265625
858.6797485351562
842.2299194335938
852.0997924804688
809.330322265625
858.6797485351562
838.9400024414062
865.2596435546875
819.2001953125
858.6797485351562
847.1648559570312
855.3897705078125
817.5552368164062
963.95849609375
837.2949829101562
848.8098754882812
804.3953857421875
753.4010009765625
820.84521484375
843.8749389648438
802.7504272460938
753.4010009765625
824.1351318359375
845.5198974609375
812.6203002929688
911.319091796875
817.5552368164062
850.454833984375
817.5552368164062
911.319091796875
829.070068359375
847.1648559570312
825.7801513671875
963.95849609375
832.3600463867188
853.7448120117188
815.9102783203125
858.6797485351562
830.715087890625
855.3897705078125
810.9752807617188
911.319091796875
830.715087890625
852.0997924804688
815.9102783203125
1016.5978393554688
827.4251098632812
850.454833984375
812.6203002929688
858.6797485351562
832.3600463867188
848.8098754882812
807.6853637695312
963.95849609375
835.6500244140625
852.0997924804688
810.9752807617188
911.319091796875
835.6500244140625
861.9697265625
827.4251098632812
911.319091796875
843.8749389648438
857.0347290039062
830.715087890625
911.319091796875
847.1648559570312
847.1648559570312
815.9102783203125
806.0403442382812
834.0050048828125
855.3897705078125
809.330322265625
806.0403442382812
840.5849609375
852.0997924804688
810.9752807617188
806.0403442382812
840.5849609375
852.0997924804688
809.330322265625
806.0403442382812
843.8749389648438
855.3897705078125
819.2001953125
858.6797485351562
838.9400024414062
853.7448120117188
814.2652587890625
753.4010009765625
837.2949829101562
848.8098754882812
827.4251098632812
858.6797485351562
830.715087890625
853.7448120117188
829.070068359375
858.6797485351562
825.7801513671875
850.454833984375
809.330322265625
542.843505859375
837.2949829101562
852.0997924804688
814.2652587890625
911.319091796875
834.0050048828125
857.0347290039062
812.6203002929688
806.0403442382812
835.6500244140625
857.0347290039062
830.715087890625
753.4010009765625
835.6500244140625
865.2596435546875
829.070068359375
806.0403442382812
838.9400024414062
857.0347290039062
815.9102783203125
753.4010009765625
837.2949829101562
855.3897705078125
819.2001953125
753.4010009765625
822.4901733398438
860.32470703125
820.84521484375
911.319091796875
825.7801513671875
858.6797485351562
822.4901733398438
858.6797485351562
825.7801513671875
860.32470703125
827.4251098632812
753.4010009765625
832.3600463867188
865.2596435546875
837.2949829101562
858.6797485351562
842.2299194335938
842.2299194335938
822.4901733398438
700.7615966796875
824.1351318359375
842.2299194335938
819.2001953125
753.4010009765625
829.070068359375
850.454833984375
817.5552368164062
873.4845581054688
825.7801513671875
853.7448120117188
817.5552368164062
978.7633056640625
822.4901733398438
852.0997924804688
810.9752807617188
873.4845581054688
834.0050048828125
847.1648559570312
802.7504272460938
873.4845581054688
830.715087890625
847.1648559570312
809.330322265625
873.4845581054688
837.2949829101562
842.2299194335938
812.6203002929688
873.4845581054688
830.715087890625
847.1648559570312
815.9102783203125
1084.0419921875
830.715087890625
842.2299194335938
804.3953857421875
978.7633056640625
830.715087890625
850.454833984375
804.3953857421875
978.7633056640625
829.070068359375
848.8098754882812
804.3953857421875
1084.0419921875
814.2652587890625
843.8749389648438
806.0403442382812
873.4845581054688
822.4901733398438
845.5198974609375
804.3953857421875
978.7633056640625
817.5552368164062
852.0997924804688
814.2652587890625
978.7633056640625
832.3600463867188
852.0997924804688
817.5552368164062
978.7633056640625
834.0050048828125
842.2299194335938
814.2652587890625
873.4845581054688
814.2652587890625
829.070068359375
807.6853637695312
978.7633056640625
812.6203002929688
829.070068359375
797.8154907226562
1084.0419921875
822.4901733398438
838.9400024414062
810.9752807617188
1084.0419921875
822.4901733398438
847.1648559570312
804.3953857421875
1084.0419921875
812.6203002929688
847.1648559570312
814.2652587890625
1031.4027099609375
817.5552368164062
848.8098754882812
829.070068359375
926.1239624023438
817.5552368164062
848.8098754882812
820.84521484375
926.1239624023438
829.070068359375
850.454833984375
812.6203002929688
1057.722412109375
830.715087890625
845.5198974609375
809.330322265625
1005.0830078125
819.2001953125
845.5198974609375
825.7801513671875
1005.0830078125
822.4901733398438
847.1648559570312
832.3600463867188
1005.0830078125
827.4251098632812
842.2299194335938
824.1351318359375
1005.0830078125
830.715087890625
840.5849609375
809.330322265625
1031.4027099609375
819.2001953125
847.1648559570312
814.2652587890625
1084.0419921875
829.070068359375
845.5198974609375
814.2652587890625
1005.0830078125
830.715087890625
850.454833984375
832.3600463867188
1005.0830078125
837.2949829101562
860.32470703125
838.9400024414062
1031.4027099609375
848.8098754882812
857.0347290039062
812.6203002929688
873.4845581054688
843.8749389648438
858.6797485351562
824.1351318359375
978.7633056640625
842.2299194335938
857.0347290039062
825.7801513671875
978.7633056640625
843.8749389648438
852.0997924804688
819.2001953125
1031.4027099609375
842.2299194335938
855.3897705078125
817.5552368164062
1189.32080078125
834.0050048828125
857.0347290039062
807.6853637695312
1241.960205078125
824.1351318359375
845.5198974609375
796.1704711914062
1031.4027099609375
824.1351318359375
847.1648559570312
812.6203002929688
1084.0419921875
820.84521484375
845.5198974609375
814.2652587890625
1084.0419921875
824.1351318359375
843.8749389648438
809.330322265625
1084.0419921875
820.84521484375
835.6500244140625
810.9752807617188
1136.681396484375
815.9102783203125
830.715087890625
804.3953857421875
1031.4027099609375
810.9752807617188
829.070068359375
804.3953857421875
1031.4027099609375
802.7504272460938
829.070068359375
794.5255126953125
1031.4027099609375
804.3953857421875
832.3600463867188
804.3953857421875
1031.4027099609375
804.3953857421875
834.0050048828125
820.84521484375
978.7633056640625
810.9752807617188
837.2949829101562
824.1351318359375
1084.0419921875
817.5552368164062
840.5849609375
799.46044921875
820.84521484375
822.4901733398438
837.2949829101562
797.8154907226562
873.4845581054688
817.5552368164062
847.1648559570312
812.6203002929688
873.4845581054688
814.2652587890625
840.5849609375
812.6203002929688
768.205810546875
822.4901733398438
830.715087890625
812.6203002929688
768.205810546875
810.9752807617188
832.3600463867188
812.6203002929688
873.4845581054688
817.5552368164062
834.0050048828125
812.6203002929688
926.1239624023438
824.1351318359375
847.1648559570312
834.0050048828125
820.84521484375
832.3600463867188
850.454833984375
835.6500244140625
873.4845581054688
832.3600463867188
845.5198974609375
812.6203002929688
873.4845581054688
834.0050048828125
853.7448120117188
817.5552368164062
820.84521484375
829.070068359375
853.7448120117188
827.4251098632812
978.7633056640625
814.2652587890625
855.3897705078125
832.3600463867188
873.4845581054688
820.84521484375
853.7448120117188
832.3600463867188
873.4845581054688
822.4901733398438
848.8098754882812
814.2652587890625
926.1239624023438
825.7801513671875
853.7448120117188
817.5552368164062
873.4845581054688
819.2001953125
857.0347290039062
829.070068359375
926.1239624023438
820.84521484375
861.9697265625
832.3600463867188
978.7633056640625
829.070068359375
860.32470703125
829.070068359375
978.7633056640625
830.715087890625
855.3897705078125
829.070068359375
820.84521484375
824.1351318359375
857.0347290039062
834.0050048828125
820.84521484375
825.7801513671875
852.0997924804688
815.9102783203125
715.5664672851562
819.2001953125
853.7448120117188
834.0050048828125
926.1239624023438
827.4251098632812
860.32470703125
832.3600463867188
926.1239624023438
835.6500244140625
848.8098754882812
824.1351318359375
715.5664672851562
825.7801513671875
850.454833984375
822.4901733398438
768.205810546875
825.7801513671875
847.1648559570312
810.9752807617188
768.205810546875
827.4251098632812
845.5198974609375
819.2001953125
820.84521484375
815.9102783203125
852.0997924804688
825.7801513671875
768.205810546875
834.0050048828125
858.6797485351562
843.8749389648438
978.7633056640625
834.0050048828125
855.3897705078125
825.7801513671875
873.4845581054688
829.070068359375
853.7448120117188
820.84521484375
873.4845581054688
829.070068359375
858.6797485351562
835.6500244140625
899.8042602539062
830.715087890625
861.9697265625
832.3600463867188
847.1648559570312
840.
