3000
4
855.3897705078125
931.0588989257812
843.8749389648438
829.070068359375
860.32470703125
931.0588989257812
633.3174438476562
835.6500244140625
855.3897705078125
825.7801513671875
422.75994873046875
837.2949829101562
857.0347290039062
931.0588989257812
843.8749389648438
842.2299194335938
853.7448120117188
931.0588989257812
633.3174438476562
838.9400024414062
853.7448120117188
825.7801513671875
633.3174438476562
837.2949829101562
850.454833984375
931.0588989257812
843.8749389648438
835.6500244140625
847.1648559570312
720.5014038085938
422.75994873046875
832.3600463867188
853.7448120117188
720.5014038085938
633.3174438476562
842.2299194335938
847.1648559570312
931.0588989257812
1054.432373046875
835.6500244140625
853.7448120117188
931.0588989257812
843.8749389648438
835.6500244140625
852.0997924804688
931.0588989257812
843.8749389648438
837.2949829101562
848.8098754882812
931.0588989257812
843.8749389648438
834.0050048828125
847.1648559570312
720.5014038085938
422.75994873046875
834.0050048828125
842.2299194335938
931.0588989257812
843.8749389648438
829.070068359375
847.1648559570312
931.0588989257812
843.8749389648438
825.7801513671875
847.1648559570312
825.7801513671875
843.8749389648438
827.4251098632812
850.454833984375
825.7801513671875
1054.432373046875
827.4251098632812
865.2596435546875
404.6651611328125
1.6449803113937378
843.8749389648438
863.6146850585938
509.94390869140625
422.75994873046875
848.8098754882812
850.454833984375
931.0588989257812
1054.432373046875
837.2949829101562
848.8098754882812
825.7801513671875
633.3174438476562
832.3600463867188
848.8098754882812
825.7801513671875
633.3174438476562
837.2949829101562
847.1648559570312
931.0588989257812
843.8749389648438
830.715087890625
858.6797485351562
615.22265625
212.2024688720703
837.2949829101562
852.0997924804688
825.7801513671875
843.8749389648438
832.3600463867188
852.0997924804688
931.0588989257812
843.8749389648438
829.070068359375
860.32470703125
615.22265625
212.2024688720703
843.8749389648438
857.0347290039062
720.5014038085938
633.3174438476562
842.2299194335938
847.1648559570312
825.7801513671875
843.8749389648438
829.070068359375
853.7448120117188
825.7801513671875
633.3174438476562
832.3600463867188
848.8098754882812
720.5014038085938
633.3174438476562
832.3600463867188
848.8098754882812
773.1407470703125
422.75994873046875
827.4251098632812
848.8098754882812
931.0588989257812
633.3174438476562
827.4251098632812
848.8098754882812
825.7801513671875
422.75994873046875
827.4251098632812
852.0997924804688
825.7801513671875
422.75994873046875
830.715087890625
855.3897705078125
773.1407470703125
422.75994873046875
832.3600463867188
853.7448120117188
615.22265625
422.75994873046875
830.715087890625
852.0997924804688
825.7801513671875
843.8749389648438
827.4251098632812
852.0997924804688
825.7801513671875
843.8749389648438
825.7801513671875
845.5198974609375
825.7801513671875
633.3174438476562
820.84521484375
855.3897705078125
720.5014038085938
633.3174438476562
830.715087890625
857.0347290039062
825.7801513671875
843.8749389648438
829.070068359375
855.3897705078125
773.1407470703125
633.3174438476562
832.3600463867188
857.0347290039062
720.5014038085938
633.3174438476562
832.3600463867188
850.454833984375
1036.337646484375
1264.9898681640625
825.7801513671875
842.2299194335938
931.0588989257812
843.8749389648438
820.84521484375
853.7448120117188
931.0588989257812
1054.432373046875
829.070068359375
855.3897705078125
1028.1126708984375
1044.5625
827.4251098632812
861.9697265625
817.5552368164062
307.611328125
835.6500244140625
865.2596435546875
1028.1126708984375
728.726318359375
834.0050048828125
870.194580078125
1028.1126708984375
834.0050048828125
837.2949829101562
860.32470703125
1028.1126708984375
728.726318359375
834.0050048828125
852.0997924804688
922.833984375
623.4475708007812
822.4901733398438
857.0347290039062
922.833984375
834.0050048828125
830.715087890625
848.8098754882812
712.2764892578125
518.1688232421875
829.070068359375
848.8098754882812
922.833984375
1255.1199951171875
825.7801513671875
852.0997924804688
1028.1126708984375
1255.1199951171875
834.0050048828125
857.0347290039062
817.5552368164062
834.0050048828125
835.6500244140625
857.0347290039062
817.5552368164062
834.0050048828125
832.3600463867188
861.9697265625
712.2764892578125
623.4475708007812
837.2949829101562
863.6146850585938
712.2764892578125
728.726318359375
838.9400024414062
855.3897705078125
817.5552368164062
939.2837524414062
829.070068359375
845.5198974609375
922.833984375
1149.84130859375
820.84521484375
848.8098754882812
712.2764892578125
518.1688232421875
825.7801513671875
843.8749389648438
712.2764892578125
939.2837524414062
824.1351318359375
850.454833984375
817.5552368164062
1149.84130859375
827.4251098632812
858.6797485351562
606.9977416992188
728.726318359375
838.9400024414062
852.0997924804688
712.2764892578125
1149.84130859375
832.3600463867188
843.8749389648438
606.9977416992188
728.726318359375
824.1351318359375
835.6500244140625
606.9977416992188
939.2837524414062
817.5552368164062
843.8749389648438
817.5552368164062
1149.84130859375
817.5552368164062
847.1648559570312
606.9977416992188
518.1688232421875
825.7801513671875
853.7448120117188
817.5552368164062
1149.84130859375
827.4251098632812
853.7448120117188
712.2764892578125
728.726318359375
832.3600463867188
850.454833984375
712.2764892578125
728.726318359375
832.3600463867188
848.8098754882812
817.5552368164062
939.2837524414062
829.070068359375
858.6797485351562
817.5552368164062
939.2837524414062
840.5849609375
861.9697265625
712.2764892578125
728.726318359375
835.6500244140625
857.0347290039062
712.2764892578125
728.726318359375
834.0050048828125
855.3897705078125
712.2764892578125
518.1688232421875
834.0050048828125
848.8098754882812
922.833984375
728.726318359375
824.1351318359375
850.454833984375
922.833984375
307.611328125
829.070068359375
855.3897705078125
975.4733276367188
97.05384063720703
829.070068359375
857.0347290039062
1080.7520751953125
307.611328125
830.715087890625
868.5496215820312
870.194580078125
0.0
845.5198974609375
860.32470703125
922.833984375
421.1149597167969
832.3600463867188
863.6146850585938
922.833984375
421.1149597167969
837.2949829101562
863.6146850585938
712.2764892578125
210.55747985839844
847.1648559570312
853.7448120117188
922.833984375
842.2299194335938
830.715087890625
861.9697265625
922.833984375
842.2299194335938
840.5849609375
860.32470703125
870.194580078125
842.2299194335938
837.2949829101562
863.6146850585938
975.4733276367188
1052.7874755859375
832.3600463867188
873.4845581054688
764.9158325195312
631.6724243164062
848.8098754882812
868.5496215820312
870.194580078125
1052.7874755859375
842.2299194335938
865.2596435546875
922.833984375
1052.7874755859375
837.2949829101562
857.0347290039062
817.5552368164062
842.2299194335938
834.0050048828125
857.0347290039062
1028.1126708984375
1052.7874755859375
830.715087890625
852.0997924804688
1133.3914794921875
1052.7874755859375
824.1351318359375
861.9697265625
817.5552368164062
421.1149597167969
837.2949829101562
858.6797485351562
1028.1126708984375
1263.3448486328125
832.3600463867188
863.6146850585938
1028.1126708984375
1052.7874755859375
835.6500244140625
863.6146850585938
922.833984375
1052.7874755859375
838.9400024414062
868.5496215820312
922.833984375
1052.7874755859375
838.9400024414062
863.6146850585938
922.833984375
1052.7874755859375
837.2949829101562
861.9697265625
922.833984375
1052.7874755859375
835.6500244140625
863.6146850585938
922.833984375
1052.7874755859375
840.5849609375
855.3897705078125
1133.3914794921875
1473.90234375
830.715087890625
857.0347290039062
817.5552368164062
842.2299194335938
835.6500244140625
853.7448120117188
922.833984375
1263.3448486328125
829.070068359375
861.9697265625
1028.1126708984375
1263.3448486328125
830.715087890625
875.1295166015625
712.2764892578125
631.6724243164062
842.2299194335938
880.064453125
817.5552368164062
1052.7874755859375
847.1648559570312
878.4194946289062
922.833984375
1052.7874755859375
845.5198974609375
868.5496215820312
1028.1126708984375
1473.90234375
840.5849609375
866.9046630859375
922.833984375
1052.7874755859375
840.5849609375
865.2596435546875
922.833984375
1052.7874755859375
837.2949829101562
865.2596435546875
817.5552368164062
842.2299194335938
838.9400024414062
858.6797485351562
817.5552368164062
1052.7874755859375
837.2949829101562
861.9697265625
1028.1126708984375
1473.90234375
834.0050048828125
866.9046630859375
922.833984375
1052.7874755859375
838.9400024414062
871.839599609375
922.833984375
1263.3448486328125
845.5198974609375
871.839599609375
922.833984375
1052.7874755859375
847.1648559570312
858.6797485351562
922.833984375
1052.7874755859375
840.5849609375
857.0347290039062
1133.3914794921875
1473.90234375
837.2949829101562
858.6797485351562
817.5552368164062
631.6724243164062
842.2299194335938
857.0347290039062
922.833984375
1052.7874755859375
837.2949829101562
858.6797485351562
817.5552368164062
631.6724243164062
843.8749389648438
850.454833984375
922.833984375
1263.3448486328125
834.0050048828125
853.7448120117188
975.4733276367188
1158.066162109375
837.2949829101562
852.0997924804688
870.194580078125
947.5086669921875
837.2949829101562
860.32470703125
870.194580078125
947.5086669921875
842.2299194335938
857.0347290039062
870.194580078125
1158.066162109375
835.6500244140625
848.8098754882812
870.194580078125
1052.7874755859375
827.4251098632812
853.7448120117188
817.5552368164062
1052.7874755859375
835.6500244140625
850.454833984375
817.5552368164062
1052.7874755859375
830.715087890625
853.7448120117188
764.9158325195312
1052.7874755859375
840.5849609375
855.3897705078125
1028.1126708984375
1579.18115234375
837.2949829101562
861.9697265625
764.9158325195312
842.2299194335938
845.5198974609375
850.454833984375
922.833984375
1368.6236572265625
834.0050048828125
857.0347290039062
870.194580078125
1052.7874755859375
838.9400024414062
861.9697265625
870.194580078125
1158.066162109375
842.2299194335938
860.32470703125
975.4733276367188
1158.066162109375
835.6500244140625
863.6146850585938
606.9977416992188
526.3937377929688
843.8749389648438
860.32470703125
817.5552368164062
1158.066162109375
837.2949829101562
861.9697265625
817.5552368164062
526.3937377929688
834.0050048828125
868.5496215820312
1028.1126708984375
1158.066162109375
832.3600463867188
870.194580078125
1028.1126708984375
947.5086669921875
840.5849609375
876.7745361328125
817.5552368164062
736.951171875
847.1648559570312
875.1295166015625
922.833984375
947.5086669921875
848.8098754882812
873.4845581054688
817.5552368164062
526.3937377929688
857.0347290039062
865.2596435546875
922.833984375
947.5086669921875
840.5849609375
853.7448120117188
1028.1126708984375
947.5086669921875
838.9400024414062
857.0347290039062
817.5552368164062
526.3937377929688
847.1648559570312
853.7448120117188
922.833984375
736.951171875
838.9400024414062
857.0347290039062
817.5552368164062
526.3937377929688
838.9400024414062
863.6146850585938
817.5552368164062
736.951171875
837.2949829101562
858.6797485351562
922.833984375
947.5086669921875
832.3600463867188
860.32470703125
817.5552368164062
736.951171875
838.9400024414062
855.3897705078125
922.833984375
947.5086669921875
834.0050048828125
853.7448120117188
606.9977416992188
315.8362121582031
834.0050048828125
843.8749389648438
922.833984375
1158.066162109375
820.84521484375
850.454833984375
922.833984375
1158.066162109375
824.1351318359375
858.6797485351562
817.5552368164062
947.5086669921875
832.3600463867188
868.5496215820312
817.5552368164062
947.5086669921875
838.9400024414062
865.2596435546875
501.718994140625
526.3937377929688
838.9400024414062
843.8749389648438
606.9977416992188
947.5086669921875
820.84521484375
843.8749389648438
712.2764892578125
1158.066162109375
827.4251098632812
838.9400024414062
817.5552368164062
1158.066162109375
820.84521484375
847.1648559570312
712.2764892578125
947.5086669921875
827.4251098632812
850.454833984375
712.2764892578125
947.5086669921875
830.715087890625
848.8098754882812
606.9977416992188
736.951171875
825.7801513671875
850.454833984375
817.5552368164062
1368.6236572265625
829.070068359375
865.2596435546875
712.2764892578125
736.951171875
843.8749389648438
866.9046630859375
712.2764892578125
736.951171875
845.5198974609375
863.6146850585938
712.2764892578125
526.3937377929688
845.5198974609375
861.9697265625
606.9977416992188
526.3937377929688
843.8749389648438
857.0347290039062
771.4957885742188
866.9046630859375
837.2949829101562
852.0997924804688
876.7745361328125
972.1834106445312
834.0050048828125
852.0997924804688
876.7745361328125
972.1834106445312
834.0050048828125
858.6797485351562
771.4957885742188
761.6259155273438
843.8749389648438
852.0997924804688
824.1351318359375
972.1834106445312
835.6500244140625
858.6797485351562
876.7745361328125
972.1834106445312
840.5849609375
861.9697265625
876.7745361328125
972.1834106445312
837.2949829101562
857.0347290039062
876.7745361328125
972.1834106445312
832.3600463867188
860.32470703125
982.0532836914062
1182.7408447265625
837.2949829101562
855.3897705078125
982.0532836914062
1182.7408447265625
824.1351318359375
865.2596435546875
771.4957885742188
656.34716796875
832.3600463867188
857.0347290039062
771.4957885742188
761.6259155273438
827.4251098632812
858.6797485351562
666.217041015625
445.7896728515625
835.6500244140625
866.9046630859375
718.8563842773438
761.6259155273438
847.1648559570312
865.2596435546875
929.4138793945312
1182.7408447265625
840.5849609375
857.0347290039062
824.1351318359375
656.34716796875
834.0050048828125
866.9046630859375
718.8563842773438
551.0684204101562
840.5849609375
853.7448120117188
824.1351318359375
972.1834106445312
829.070068359375
853.7448120117188
718.8563842773438
551.0684204101562
829.070068359375
863.6146850585938
718.8563842773438
551.0684204101562
837.2949829101562
855.3897705078125
718.8563842773438
551.0684204101562
830.715087890625
865.2596435546875
613.5776977539062
340.51092529296875
847.1648559570312
868.5496215820312
824.1351318359375
761.6259155273438
847.1648559570312
863.6146850585938
824.1351318359375
761.6259155273438
840.5849609375
865.2596435546875
613.5776977539062
551.0684204101562
842.2299194335938
852.0997924804688
824.1351318359375
1182.7408447265625
834.0050048828125
850.454833984375
824.1351318359375
972.1834106445312
834.0050048828125
847.1648559570312
824.1351318359375
972.1834106445312
830.715087890625
855.3897705078125
718.8563842773438
761.6259155273438
834.0050048828125
858.6797485351562
613.5776977539062
761.6259155273438
838.9400024414062
858.6797485351562
718.8563842773438
972.1834106445312
840.5849609375
863.6146850585938
718.8563842773438
972.1834106445312
848.8098754882812
852.0997924804688
1034.692626953125
1393.29833984375
835.6500244140625
863.6146850585938
718.8563842773438
340.51092529296875
843.8749389648438
861.9697265625
718.8563842773438
340.51092529296875
842.2299194335938
866.9046630859375
824.1351318359375
340.51092529296875
842.2299194335938
868.5496215820312
824.1351318359375
129.9534454345703
843.8749389648438
860.32470703125
718.8563842773438
129.9534454345703
840.5849609375
865.2596435546875
824.1351318359375
340.51092529296875
840.5849609375
857.0347290039062
613.5776977539062
0.0
837.2949829101562
852.0997924804688
718.8563842773438
631.6724243164062
835.6500244140625
858.6797485351562
824.1351318359375
631.6724243164062
838.9400024414062
855.3897705078125
613.5776977539062
210.55747985839844
842.2299194335938
852.0997924804688
824.1351318359375
842.2299194335938
835.6500244140625
861.9697265625
718.8563842773438
421.1149597167969
840.5849609375
857.0347290039062
718.8563842773438
421.1149597167969
840.5849609375
850.454833984375
824.1351318359375
842.2299194335938
832.3600463867188
855.3897705078125
824.1351318359375
631.6724243164062
832.3600463867188
847.1648559570312
718.8563842773438
631.6724243164062
829.070068359375
848.8098754882812
771.4957885742188
842.2299194335938
827.4251098632812
858.6797485351562
771.4957885742188
842.2299194335938
840.5849609375
853.7448120117188
824.1351318359375
842.2299194335938
832.3600463867188
858.6797485351562
718.8563842773438
631.6724243164062
840.5849609375
860.32470703125
771.4957885742188
631.6724243164062
843.8749389648438
865.2596435546875
613.5776977539062
421.1149597167969
848.8098754882812
848.8098754882812
824.1351318359375
1052.7874755859375
830.715087890625
855.3897705078125
771.4957885742188
842.2299194335938
829.070068359375
853.7448120117188
718.8563842773438
842.2299194335938
829.070068359375
863.6146850585938
929.4138793945312
1052.7874755859375
834.0050048828125
868.5496215820312
666.217041015625
631.6724243164062
840.5849609375
863.6146850585938
824.1351318359375
1052.7874755859375
834.0050048828125
855.3897705078125
771.4957885742188
842.2299194335938
837.2949829101562
857.0347290039062
771.4957885742188
842.2299194335938
834.0050048828125
863.6146850585938
718.8563842773438
631.6724243164062
842.2299194335938
858.6797485351562
718.8563842773438
631.6724243164062
834.0050048828125
861.9697265625
771.4957885742188
1052.7874755859375
835.6500244140625
852.0997924804688
876.7745361328125
1473.90234375
835.6500244140625
863.6146850585938
771.4957885742188
1263.3448486328125
842.2299194335938
858.6797485351562
876.7745361328125
1473.90234375
838.9400024414062
861.9697265625
824.1351318359375
1263.3448486328125
835.6500244140625
870.194580078125
718.8563842773438
1263.3448486328125
842.2299194335938
858.6797485351562
982.0532836914062
1682.81494140625
827.4251098632812
868.5496215820312
666.217041015625
1051.1424560546875
842.2299194335938
871.839599609375
666.217041015625
1261.699951171875
845.5198974609375
858.6797485351562
876.7745361328125
1682.81494140625
832.3600463867188
866.9046630859375
982.0532836914062
1682.81494140625
835.6500244140625
880.064453125
771.4957885742188
1051.1424560546875
848.8098754882812
870.194580078125
771.4957885742188
1051.1424560546875
843.8749389648438
865.2596435546875
771.4957885742188
1051.1424560546875
840.5849609375
857.0347290039062
771.4957885742188
1051.1424560546875
834.0050048828125
858.6797485351562
982.0532836914062
1261.699951171875
827.4251098632812
863.6146850585938
666.217041015625
630.0274658203125
838.9400024414062
865.2596435546875
771.4957885742188
840.5849609375
835.6500244140625
861.9697265625
771.4957885742188
840.5849609375
830.715087890625
863.6146850585938
876.7745361328125
1051.1424560546875
829.070068359375
868.5496215820312
771.4957885742188
630.0274658203125
840.5849609375
866.9046630859375
771.4957885742188
630.0274658203125
840.5849609375
860.32470703125
666.217041015625
630.0274658203125
838.9400024414062
858.6797485351562
771.4957885742188
1051.1424560546875
840.5849609375
858.6797485351562
771.4957885742188
840.5849609375
840.5849609375
865.2596435546875
771.4957885742188
840.5849609375
843.8749389648438
865.2596435546875
982.0532836914062
1051.1424560546875
835.6500244140625
865.2596435546875
771.4957885742188
630.0274658203125
834.0050048828125
855.3897705078125
982.0532836914062
1261.699951171875
819.2001953125
865.2596435546875
666.217041015625
419.4700012207031
834.0050048828125
857.0347290039062
771.4957885742188
1051.1424560546875
832.3600463867188
853.7448120117188
771.4957885742188
840.5849609375
830.715087890625
866.9046630859375
771.4957885742188
630.0274658203125
842.2299194335938
861.9697265625
1087.33203125
840.5849609375
830.715087890625
865.2596435546875
982.0532836914062
419.4700012207031
835.6500244140625
873.4845581054688
982.0532836914062
419.4700012207031
840.5849609375
870.194580078125
876.7745361328125
208.91250610351562
843.8749389648438
873.4845581054688
771.4957885742188
208.91250610351562
852.0997924804688
857.0347290039062
982.0532836914062
630.0274658203125
835.6500244140625
853.7448120117188
1192.6107177734375
1051.1424560546875
830.715087890625
858.6797485351562
982.0532836914062
419.4700012207031
835.6500244140625
858.6797485351562
982.0532836914062
630.0274658203125
834.0050048828125
865.2596435546875
982.0532836914062
630.0274658203125
840.5849609375
866.9046630859375
771.4957885742188
419.4700012207031
843.8749389648438
860.32470703125
1087.33203125
1261.699951171875
840.5849609375
871.839599609375
771.4957885742188
419.4700012207031
850.454833984375
860.32470703125
876.7745361328125
1051.1424560546875
840.5849609375
860.32470703125
876.7745361328125
840.5849609375
832.3600463867188
870.194580078125
666.217041015625
630.0274658203125
840.5849609375
865.2596435546875
771.4957885742188
840.5849609375
837.2949829101562
868.5496215820312
560.9382934570312
208.91250610351562
845.5198974609375
866.9046630859375
771.4957885742188
1051.1424560546875
840.5849609375
876.7745361328125
771.4957885742188
630.0274658203125
848.8098754882812
868.5496215820312
666.217041015625
419.4700012207031
843.8749389648438
852.0997924804688
771.4957885742188
630.0274658203125
824.1351318359375
843.8749389648438
666.217041015625
419.4700012207031
824.1351318359375
822.4901733398438
771.4957885742188
840.5849609375
807.6853637695312
827.4251098632812
771.4957885742188
840.5849609375
812.6203002929688
820.84521484375
666.217041015625
630.0274658203125
809.330322265625
815.9102783203125
982.0532836914062
1261.699951171875
801.1054077148438
824.1351318359375
771.4957885742188
630.0274658203125
810.9752807617188
829.070068359375
771.4957885742188
630.0274658203125
810.9752807617188
820.84521484375
771.4957885742188
630.0274658203125
809.330322265625
824.1351318359375
876.7745361328125
1051.1424560546875
812.6203002929688
830.715087890625
939.2837524414062
944.2186889648438
814.2652587890625
832.3600463867188
834.0050048828125
733.6612548828125
820.84521484375
832.3600463867188
1044.5625
1049.4974365234375
817.5552368164062
848.8098754882812
728.726318359375
101.98878479003906
827.4251098632812
853.7448120117188
939.2837524414062
838.9400024414062
832.3600463867188
863.6146850585938
939.2837524414062
523.103759765625
843.8749389648438
870.194580078125
834.0050048828125
417.82501220703125
845.5198974609375
863.6146850585938
1044.5625
1049.4974365234375
838.9400024414062
868.5496215820312
1044.5625
944.2186889648438
847.1648559570312
871.839599609375
939.2837524414062
628.3825073242188
853.7448120117188
863.6146850585938
834.0050048828125
417.82501220703125
853.7448120117188
852.0997924804688
834.0050048828125
733.6612548828125
843.8749389648438
858.6797485351562
834.0050048828125
733.6612548828125
847.1648559570312
863.6146850585938
834.0050048828125
733.6612548828125
852.0997924804688
855.3897705078125
834.0050048828125
838.9400024414062
848.8098754882812
858.6797485351562
834.0050048828125
838.9400024414062
852.0997924804688
861.9697265625
939.2837524414062
944.2186889648438
850.454833984375
853.7448120117188
834.0050048828125
838.9400024414062
845.5198974609375
857.0347290039062
834.0050048828125
838.9400024414062
842.2299194335938
853.7448120117188
939.2837524414062
1049.4974365234375
835.6500244140625
855.3897705078125
886.6444091796875
838.9400024414062
834.0050048828125
860.32470703125
886.6444091796875
944.2186889648438
842.2299194335938
865.2596435546875
991.9231567382812
944.2186889648438
843.8749389648438
865.2596435546875
676.0869140625
312.5462646484375
843.8749389648438
858.6797485351562
834.0050048828125
944.2186889648438
834.0050048828125
853.7448120117188
834.0050048828125
944.2186889648438
829.070068359375
847.1648559570312
886.6444091796875
1049.4974365234375
829.070068359375
852.0997924804688
886.6444091796875
838.9400024414062
834.0050048828125
847.1648559570312
781.3656616210938
628.3825073242188
832.3600463867188
848.8098754882812
728.726318359375
628.3825073242188
829.070068359375
845.5198974609375
834.0050048828125
838.9400024414062
827.4251098632812
847.1648559570312
939.2837524414062
1049.4974365234375
830.715087890625
855.3897705078125
939.2837524414062
838.9400024414062
835.6500244140625
853.7448120117188
728.726318359375
838.9400024414062
837.2949829101562
848.8098754882812
781.3656616210938
1260.054931640625
832.3600463867188
842.2299194335938
939.2837524414062
1470.6124267578125
820.84521484375
853.7448120117188
886.6444091796875
1049.4974365234375
827.4251098632812
866.9046630859375
834.0050048828125
1049.4974365234375
838.9400024414062
858.6797485351562
834.0050048828125
1049.4974365234375
832.3600463867188
858.6797485351562
728.726318359375
838.9400024414062
838.9400024414062
850.454833984375
991.9231567382812
1470.6124267578125
830.715087890625
848.8098754882812
834.0050048828125
838.9400024414062
829.070068359375
850.454833984375
834.0050048828125
1049.4974365234375
829.070068359375
852.0997924804688
939.2837524414062
1049.4974365234375
829.070068359375
860.32470703125
728.726318359375
838.9400024414062
837.2949829101562
858.6797485351562
834.0050048828125
1049.4974365234375
834.0050048828125
848.8098754882812
886.6444091796875
1049.4974365234375
829.070068359375
850.454833984375
834.0050048828125
838.9400024414062
834.0050048828125
855.3897705078125
939.2837524414062
1049.4974365234375
832.3600463867188
865.2596435546875
886.6444091796875
1049.4974365234375
843.8749389648438
868.5496215820312
570.8081665039062
628.3825073242188
845.5198974609375
853.7448120117188
781.3656616210938
1260.054931640625
832.3600463867188
857.0347290039062
676.0869140625
838.9400024414062
838.9400024414062
858.6797485351562
676.0869140625
838.9400024414062
837.2949829101562
860.32470703125
676.0869140625
838.9400024414062
840.5849609375
855.3897705078125
676.0869140625
838.9400024414062
837.2949829101562
853.7448120117188
886.6444091796875
1260.054931640625
832.3600463867188
857.0347290039062
834.0050048828125
1049.4974365234375
834.0050048828125
853.7448120117188
1044.5625
1470.6124267578125
827.4251098632812
861.9697265625
728.726318359375
628.3825073242188
838.9400024414062
853.7448120117188
834.0050048828125
1049.4974365234375
834.0050048828125
863.6146850585938
991.9231567382812
1049.4974365234375
842.2299194335938
861.9697265625
728.726318359375
628.3825073242188
843.8749389648438
857.0347290039062
781.3656616210938
838.9400024414062
837.2949829101562
858.6797485351562
781.3656616210938
838.9400024414062
838.9400024414062
865.2596435546875
781.3656616210938
417.82501220703125
845.5198974609375
860.32470703125
886.6444091796875
1049.4974365234375
842.2299194335938
853.7448120117188
991.9231567382812
1049.4974365234375
835.6500244140625
860.32470703125
781.3656616210938
628.3825073242188
845.5198974609375
858.6797485351562
1097.201904296875
1260.054931640625
838.9400024414062
868.5496215820312
886.6444091796875
628.3825073242188
847.1648559570312
860.32470703125
886.6444091796875
838.9400024414062
842.2299194335938
861.9697265625
781.3656616210938
628.3825073242188
843.8749389648438
855.3897705078125
886.6444091796875
838.9400024414062
842.2299194335938
858.6797485351562
886.6444091796875
838.9400024414062
840.5849609375
860.32470703125
781.3656616210938
628.3825073242188
845.5198974609375
860.32470703125
991.9231567382812
1260.054931640625
840.5849609375
863.6146850585938
886.6444091796875
838.9400024414062
842.2299194335938
863.6146850585938
886.6444091796875
838.9400024414062
840.5849609375
857.0347290039062
1097.201904296875
1260.054931640625
830.715087890625
855.3897705078125
781.3656616210938
417.82501220703125
829.070068359375
858.6797485351562
781.3656616210938
733.6612548828125
830.715087890625
860.32470703125
781.3656616210938
838.9400024414062
837.2949829101562
860.32470703125
834.0050048828125
1049.4974365234375
835.6500244140625
866.9046630859375
728.726318359375
733.6612548828125
845.5198974609375
865.2596435546875
781.3656616210938
838.9400024414062
843.8749389648438
865.2596435546875
728.726318359375
628.3825073242188
842.2299194335938
863.6146850585938
676.0869140625
628.3825073242188
848.8098754882812
858.6797485351562
886.6444091796875
1154.7762451171875
843.8749389648438
865.2596435546875
834.0050048828125
944.2186889648438
848.8098754882812
858.6797485351562
939.2837524414062
1154.7762451171875
843.8749389648438
865.2596435546875
781.3656616210938
733.6612548828125
852.0997924804688
861.9697265625
781.3656616210938
733.6612548828125
848.8098754882812
876.7745361328125
781.3656616210938
733.6612548828125
857.0347290039062
883.3544311523438
834.0050048828125
944.2186889648438
858.6797485351562
865.2596435546875
781.3656616210938
628.3825073242188
842.2299194335938
860.32470703125
728.726318359375
523.103759765625
842.2299194335938
848.8098754882812
728.726318359375
312.5462646484375
838.9400024414062
845.5198974609375
939.2837524414062
733.6612548828125
834.0050048828125
853.7448120117188
939.2837524414062
733.6612548828125
842.2299194335938
837.2949829101562
939.2837524414062
733.6612548828125
832.3600463867188
843.8749389648438
834.0050048828125
523.103759765625
843.8749389648438
834.0050048828125
834.0050048828125
523.103759765625
840.5849609375
832.3600463867188
1044.5625
944.2186889648438
837.2949829101562
832.3600463867188
1044.5625
944.2186889648438
842.2299194335938
827.4251098632812
1044.5625
944.2186889648438
835.6500244140625
842.2299194335938
939.2837524414062
733.6612548828125
845.5198974609375
838.9400024414062
1044.5625
1154.7762451171875
838.9400024414062
843.8749389648438
834.0050048828125
733.6612548828125
838.9400024414062
847.1648559570312
834.0050048828125
733.6612548828125
847.1648559570312
842.2299194335938
939.2837524414062
944.2186889648438
838.9400024414062
848.8098754882812
834.0050048828125
733.6612548828125
847.1648559570312
835.6500244140625
1044.5625
1365.333740234375
835.6500244140625
840.5849609375
834.0050048828125
523.103759765625
835.6500244140625
845.5198974609375
781.3656616210938
523.103759765625
840.5849609375
838.9400024414062
755.0459594726562
523.103759765625
835.6500244140625
838.9400024414062
834.0050048828125
733.6612548828125
832.3600463867188
843.8749389648438
781.3656616210938
523.103759765625
835.6500244140625
842.2299194335938
728.726318359375
523.103759765625
838.9400024414062
840.5849609375
702.4066162109375
523.103759765625
830.715087890625
837.2949829101562
702.4066162109375
523.103759765625
827.4251098632812
827.4251098632812
939.2837524414062
944.2186889648438
817.5552368164062
834.0050048828125
702.4066162109375
312.5462646484375
819.2001953125
840.5849609375
886.6444091796875
733.6612548828125
819.2001953125
852.0997924804688
860.32470703125
523.103759765625
824.1351318359375
847.1648559570312
728.726318359375
523.103759765625
830.715087890625
838.9400024414062
755.0459594726562
523.103759765625
832.3600463867188
842.2299194335938
649.7672119140625
312.5462646484375
838.9400024414062
838.9400024414062
991.9231567382812
1154.7762451171875
832.3600463867188
853.7448120117188
842.2299194335938
659.6371459960938
838.9400024414062
850.454833984375
842.2299194335938
870.194580078125
837.2949829101562
848.8098754882812
894.8693237304688
870.194580078125
832.3600463867188
860.32470703125
631.6724243164062
449.0796203613281
842.2299194335938
852.0997924804688
894.8693237304688
870.194580078125
834.0050048828125
850.454833984375
684.3118286132812
449.0796203613281
834.0050048828125
848.8098754882812
684.3118286132812
659.6371459960938
837.2949829101562
842.2299194335938
894.8693237304688
870.194580078125
829.070068359375
848.8098754882812
789.590576171875
659.6371459960938
835.6500244140625
843.8749389648438
947.5086669921875
1080.7520751953125
832.3600463867188
850.454833984375
894.8693237304688
870.194580078125
835.6500244140625
843.8749389648438
789.590576171875
659.6371459960938
832.3600463867188
843.8749389648438
947.5086669921875
1080.7520751953125
827.4251098632812
847.1648559570312
894.8693237304688
870.194580078125
834.0050048828125
847.1648559570312
789.590576171875
870.194580078125
830.715087890625
847.1648559570312
842.2299194335938
1080.7520751953125
834.0050048828125
852.0997924804688
842.2299194335938
1080.7520751953125
835.6500244140625
847.1648559570312
736.951171875
764.9158325195312
834.0050048828125
848.8098754882812
736.951171875
659.6371459960938
835.6500244140625
857.0347290039062
684.3118286132812
449.0796203613281
840.5849609375
850.454833984375
579.0330810546875
238.52215576171875
835.6500244140625
850.454833984375
684.3118286132812
659.6371459960938
834.0050048828125
850.454833984375
842.2299194335938
870.194580078125
830.715087890625
852.0997924804688
789.590576171875
554.3583984375
830.715087890625
853.7448120117188
684.3118286132812
449.0796203613281
834.0050048828125
847.1648559570312
842.2299194335938
764.9158325195312
827.4251098632812
850.454833984375
894.8693237304688
764.9158325195312
830.715087890625
853.7448120117188
789.590576171875
449.0796203613281
835.6500244140625
857.0347290039062
789.590576171875
554.3583984375
837.2949829101562
848.8098754882812
842.2299194335938
659.6371459960938
820.84521484375
847.1648559570312
842.2299194335938
659.6371459960938
820.84521484375
848.8098754882812
842.2299194335938
659.6371459960938
820.84521484375
852.0997924804688
842.2299194335938
659.6371459960938
827.4251098632812
857.0347290039062
842.2299194335938
764.9158325195312
834.0050048828125
853.7448120117188
894.8693237304688
975.4733276367188
830.715087890625
853.7448120117188
842.2299194335938
764.9158325195312
842.2299194335938
843.8749389648438
842.2299194335938
870.194580078125
830.715087890625
848.8098754882812
842.2299194335938
870.194580078125
832.3600463867188
858.6797485351562
789.590576171875
764.9158325195312
843.8749389648438
847.1648559570312
789.590576171875
764.9158325195312
827.4251098632812
850.454833984375
842.2299194335938
870.194580078125
835.6500244140625
863.6146850585938
894.8693237304688
870.194580078125
842.2299194335938
850.454833984375
947.5086669921875
975.4733276367188
822.4901733398438
855.3897705078125
947.5086669921875
975.4733276367188
827.4251098632812
861.9697265625
842.2299194335938
659.6371459960938
832.3600463867188
857.0347290039062
842.2299194335938
659.6371459960938
829.070068359375
863.6146850585938
684.3118286132812
449.0796203613281
842.2299194335938
855.3897705078125
842.2299194335938
870.194580078125
838.9400024414062
852.0997924804688
631.6724243164062
343.8009033203125
840.5849609375
840.5849609375
947.5086669921875
1186.0308837890625
824.1351318359375
843.8749389648438
1052.7874755859375
975.4733276367188
824.1351318359375
855.3897705078125
842.2299194335938
764.9158325195312
835.6500244140625
855.3897705078125
947.5086669921875
975.4733276367188
832.3600463867188
855.3897705078125
736.951171875
554.3583984375
838.9400024414062
853.7448120117188
947.5086669921875
975.4733276367188
835.6500244140625
855.3897705078125
947.5086669921875
975.4733276367188
837.2949829101562
853.7448120117188
947.5086669921875
975.4733276367188
835.6500244140625
860.32470703125
947.5086669921875
975.4733276367188
838.9400024414062
858.6797485351562
736.951171875
554.3583984375
838.9400024414062
855.3897705078125
736.951171875
764.9158325195312
838.9400024414062
858.6797485351562
736.951171875
764.9158325195312
847.1648559570312
866.9046630859375
736.951171875
764.9158325195312
852.0997924804688
860.32470703125
1052.7874755859375
1396.5882568359375
843.8749389648438
865.2596435546875
947.5086669921875
975.4733276367188
847.1648559570312
853.7448120117188
1052.7874755859375
1186.0308837890625
832.3600463867188
853.7448120117188
736.951171875
975.4733276367188
834.0050048828125
858.6797485351562
842.2299194335938
1186.0308837890625
834.0050048828125
860.32470703125
736.951171875
764.9158325195312
832.3600463867188
866.9046630859375
736.951171875
764.9158325195312
840.5849609375
861.9697265625
842.2299194335938
764.9158325195312
835.6500244140625
855.3897705078125
631.6724243164062
343.8009033203125
842.2299194335938
857.0347290039062
736.951171875
764.9158325195312
848.8098754882812
866.9046630859375
736.951171875
554.3583984375
847.1648559570312
866.9046630859375
736.951171875
764.9158325195312
840.5849609375
866.9046630859375
736.951171875
554.3583984375
842.2299194335938
860.32470703125
947.5086669921875
975.4733276367188
835.6500244140625
861.9697265625
736.951171875
343.8009033203125
842.2299194335938
860.32470703125
736.951171875
343.8009033203125
845.5198974609375
855.3897705078125
842.2299194335938
764.9158325195312
835.6500244140625
857.0347290039062
842.2299194335938
764.9158325195312
832.3600463867188
865.2596435546875
736.951171875
554.3583984375
837.2949829101562
866.9046630859375
789.590576171875
554.3583984375
837.2949829101562
853.7448120117188
894.8693237304688
764.9158325195312
835.6500244140625
850.454833984375
789.590576171875
449.0796203613281
840.5849609375
842.2299194335938
789.590576171875
554.3583984375
832.3600463867188
853.7448120117188
789.590576171875
554.3583984375
834.0050048828125
865.2596435546875
631.6724243164062
343.8009033203125
847.1648559570312
861.9697265625
947.5086669921875
1186.0308837890625
843.8749389648438
865.2596435546875
947.5086669921875
975.4733276367188
838.9400024414062
866.9046630859375
789.590576171875
554.3583984375
842.2299194335938
865.2596435546875
736.951171875
449.0796203613281
843.8749389648438
865.2596435546875
684.3118286132812
554.3583984375
843.8749389648438
865.2596435546875
789.590576171875
764.9158325195312
840.5849609375
865.2596435546875
842.2299194335938
870.194580078125
832.3600463867188
873.4845581054688
842.2299194335938
764.9158325195312
838.9400024414062
878.4194946289062
736.951171875
554.3583984375
848.8098754882812
873.4845581054688
736.951171875
659.6371459960938
843.8749389648438
863.6146850585938
842.2299194335938
870.194580078125
834.0050048828125
861.9697265625
842.2299194335938
659.6371459960938
832.3600463867188
863.6146850585938
842.2299194335938
659.6371459960938
835.6500244140625
861.9697265625
842.2299194335938
870.194580078125
838.9400024414062
861.9697265625
842.2299194335938
870.194580078125
838.9400024414062
861.9697265625
842.2299194335938
870.194580078125
842.2299194335938
857.0347290039062
842.2299194335938
870.194580078125
840.5849609375
857.0347290039062
736.951171875
659.6371459960938
840.5849609375
853.7448120117188
842.2299194335938
1080.7520751953125
832.3600463867188
848.8098754882812
947.5086669921875
1291.3095703125
827.4251098632812
855.3897705078125
842.2299194335938
870.194580078125
834.0050048828125
855.3897705078125
842.2299194335938
870.194580078125
838.9400024414062
853.7448120117188
736.951171875
659.6371459960938
843.8749389648438
857.0347290039062
947.5086669921875
1080.7520751953125
838.9400024414062
865.2596435546875
736.951171875
449.0796203613281
847.1648559570312
845.5198974609375
947.5086669921875
1291.3095703125
827.4251098632812
838.9400024414062
894.8693237304688
1080.7520751953125
817.5552368164062
834.0050048828125
684.3118286132812
870.194580078125
815.9102783203125
819.2001953125
1000.1480712890625
1501.8670654296875
797.8154907226562
820.84521484375
789.590576171875
870.194580078125
799.46044921875
802.7504272460938
789.590576171875
870.194580078125
781.3656616210938
787.945556640625
842.2299194335938
870.194580078125
769.850830078125
773.1407470703125
684.3118286132812
659.6371459960938
753.4010009765625
741.8861083984375
894.8693237304688
1080.7520751953125
717.21142578125
728.726318359375
894.8693237304688
870.194580078125
700.7615966796875
708.9865112304688
894.8693237304688
870.194580078125
681.0218505859375
690.8917236328125
947.5086669921875
870.194580078125
656.34716796875
685.956787109375
736.951171875
449.0796203613281
654.7021484375
669.5070190429688
894.8693237304688
659.6371459960938
634.96240234375
661.2821044921875
894.8693237304688
659.6371459960938
625.092529296875
659.6371459960938
894.8693237304688
659.6371459960938
626.7374877929688
659.6371459960938
789.590576171875
659.6371459960938
623.4475708007812
656.34716796875
786.3005981445312
600.4178466796875
616.8676147460938
657.9921264648438
838.9400024414062
810.9752807617188
611.9326782226562
671.1519775390625
944.2186889648438
810.9752807617188
616.8676147460938
671.1519775390625
838.9400024414062
600.4178466796875
610.2877197265625
671.1519775390625
838.9400024414062
600.4178466796875
615.22265625
684.3118286132812
628.3825073242188
179.3028564453125
626.7374877929688
679.3768920898438
996.8580932617188
1021.5327758789062
615.22265625
694.1817016601562
1049.4974365234375
810.9752807617188
631.6724243164062
725.4363403320312
838.9400024414062
389.8603515625
656.34716796875
730.3712768554688
838.9400024414062
389.8603515625
662.9270629882812
738.59619140625
786.3005981445312
389.8603515625
677.7318725585938
764.9158325195312
838.9400024414062
600.4178466796875
697.4716796875
779.720703125
944.2186889648438
810.9752807617188
710.6315307617188
794.5255126953125
944.2186889648438
810.9752807617188
730.3712768554688
819.2001953125
838.9400024414062
600.4178466796875
761.6259155273438
819.2001953125
944.2186889648438
1021.5327758789062
763.2708740234375
847.1648559570312
944.2186889648438
810.9752807617188
786.3005981445312
875.1295166015625
838.9400024414062
705.6965942382812
814.2652587890625
868.5496215820312
838.9400024414062
810.975280761718