3000
4
886.6444091796875
505.00897216796875
421.1149597167969
883.3544311523438
891.579345703125
505.00897216796875
631.6724243164062
880.064453125
888.2893676757812
715.5664672851562
842.2299194335938
868.5496215820312
891.579345703125
610.2877197265625
631.6724243164062
878.4194946289062
899.8042602539062
610.2877197265625
631.6724243164062
881.70947265625
906.3841552734375
399.730224609375
210.55747985839844
888.2893676757812
898.1592407226562
610.2877197265625
842.2299194335938
878.4194946289062
896.5142822265625
610.2877197265625
842.2299194335938
873.4845581054688
881.70947265625
505.00897216796875
842.2299194335938
865.2596435546875
866.9046630859375
715.5664672851562
1263.3448486328125
855.3897705078125
875.1295166015625
715.5664672851562
1052.7874755859375
860.32470703125
876.7745361328125
715.5664672851562
1052.7874755859375
853.7448120117188
870.194580078125
715.5664672851562
842.2299194335938
857.0347290039062
861.9697265625
610.2877197265625
631.6724243164062
848.8098754882812
861.9697265625
715.5664672851562
842.2299194335938
842.2299194335938
868.5496215820312
820.84521484375
1052.7874755859375
845.5198974609375
861.9697265625
820.84521484375
842.2299194335938
838.9400024414062
883.3544311523438
505.00897216796875
0.0
857.0347290039062
873.4845581054688
505.00897216796875
421.1149597167969
861.9697265625
858.6797485351562
610.2877197265625
421.1149597167969
855.3897705078125
868.5496215820312
610.2877197265625
421.1149597167969
860.32470703125
852.0997924804688
820.84521484375
842.2299194335938
847.1648559570312
860.32470703125
715.5664672851562
631.6724243164062
850.454833984375
868.5496215820312
610.2877197265625
631.6724243164062
852.0997924804688
855.3897705078125
926.1239624023438
1263.3448486328125
840.5849609375
852.0997924804688
820.84521484375
842.2299194335938
838.9400024414062
863.6146850585938
610.2877197265625
421.1149597167969
847.1648559570312
868.5496215820312
505.00897216796875
421.1149597167969
845.5198974609375
855.3897705078125
820.84521484375
1052.7874755859375
834.0050048828125
848.8098754882812
820.84521484375
842.2299194335938
832.3600463867188
838.9400024414062
926.1239624023438
1263.3448486328125
824.1351318359375
845.5198974609375
715.5664672851562
631.6724243164062
832.3600463867188
863.6146850585938
600.4178466796875
618.5126342773438
840.5849609375
853.7448120117188
916.2540283203125
1250.18505859375
829.070068359375
857.0347290039062
653.0571899414062
618.5126342773438
835.6500244140625
857.0347290039062
600.4178466796875
618.5126342773438
835.6500244140625
858.6797485351562
600.4178466796875
618.5126342773438
834.0050048828125
857.0347290039062
600.4178466796875
618.5126342773438
845.5198974609375
860.32470703125
705.6965942382812
829.070068359375
845.5198974609375
853.7448120117188
705.6965942382812
829.070068359375
835.6500244140625
853.7448120117188
705.6965942382812
829.070068359375
834.0050048828125
861.9697265625
758.3359375
829.070068359375
834.0050048828125
860.32470703125
653.0571899414062
618.5126342773438
835.6500244140625
857.0347290039062
600.4178466796875
618.5126342773438
835.6500244140625
850.454833984375
810.9752807617188
1039.6275634765625
829.070068359375
850.454833984375
705.6965942382812
618.5126342773438
827.4251098632812
857.0347290039062
758.3359375
829.070068359375
835.6500244140625
855.3897705078125
758.3359375
618.5126342773438
843.8749389648438
870.194580078125
547.7784423828125
407.95513916015625
852.0997924804688
871.839599609375
863.6146850585938
1039.6275634765625
848.8098754882812
871.839599609375
758.3359375
407.95513916015625
852.0997924804688
857.0347290039062
758.3359375
829.070068359375
837.2949829101562
875.1295166015625
863.6146850585938
829.070068359375
850.454833984375
883.3544311523438
758.3359375
618.5126342773438
866.9046630859375
881.70947265625
758.3359375
618.5126342773438
866.9046630859375
883.3544311523438
653.0571899414062
407.95513916015625
880.064453125
865.2596435546875
758.3359375
829.070068359375
870.194580078125
878.4194946289062
758.3359375
829.070068359375
875.1295166015625
899.8042602539062
547.7784423828125
407.95513916015625
893.2243041992188
888.2893676757812
863.6146850585938
1039.6275634765625
875.1295166015625
886.6444091796875
758.3359375
618.5126342773438
871.839599609375
896.5142822265625
653.0571899414062
618.5126342773438
881.70947265625
884.9994506835938
758.3359375
1039.6275634765625
875.1295166015625
889.9343872070312
653.0571899414062
618.5126342773438
876.7745361328125
881.70947265625
653.0571899414062
618.5126342773438
873.4845581054688
881.70947265625
758.3359375
829.070068359375
873.4845581054688
873.4845581054688
863.6146850585938
1039.6275634765625
866.9046630859375
876.7745361328125
758.3359375
723.7913208007812
868.5496215820312
876.7745361328125
758.3359375
829.070068359375
868.5496215820312
876.7745361328125
758.3359375
723.7913208007812
865.2596435546875
886.6444091796875
547.7784423828125
407.95513916015625
875.1295166015625
876.7745361328125
758.3359375
934.3488159179688
858.6797485351562
861.9697265625
968.8934326171875
1355.4637451171875
845.5198974609375
865.2596435546875
758.3359375
723.7913208007812
843.8749389648438
861.9697265625
653.0571899414062
513.23388671875
843.8749389648438
855.3897705078125
653.0571899414062
723.7913208007812
840.5849609375
866.9046630859375
653.0571899414062
618.5126342773438
840.5849609375
858.6797485351562
758.3359375
934.3488159179688
835.6500244140625
860.32470703125
863.6146850585938
1144.9063720703125
838.9400024414062
866.9046630859375
653.0571899414062
513.23388671875
843.8749389648438
860.32470703125
653.0571899414062
723.7913208007812
840.5849609375
865.2596435546875
863.6146850585938
1144.9063720703125
835.6500244140625
870.194580078125
863.6146850585938
723.7913208007812
838.9400024414062
865.2596435546875
1074.172119140625
934.3488159179688
837.2949829101562
871.839599609375
968.8934326171875
513.23388671875
838.9400024414062
860.32470703125
758.3359375
513.23388671875
837.2949829101562
850.454833984375
968.8934326171875
1144.9063720703125
827.4251098632812
845.5198974609375
863.6146850585938
723.7913208007812
824.1351318359375
845.5198974609375
863.6146850585938
934.3488159179688
817.5552368164062
848.8098754882812
863.6146850585938
934.3488159179688
810.9752807617188
835.6500244140625
968.8934326171875
1144.9063720703125
802.7504272460938
835.6500244140625
968.8934326171875
934.3488159179688
814.2652587890625
842.2299194335938
968.8934326171875
934.3488159179688
809.330322265625
843.8749389648438
863.6146850585938
934.3488159179688
809.330322265625
853.7448120117188
863.6146850585938
1144.9063720703125
815.9102783203125
837.2949829101562
863.6146850585938
1144.9063720703125
814.2652587890625
838.9400024414062
968.8934326171875
1144.9063720703125
814.2652587890625
850.454833984375
758.3359375
513.23388671875
827.4251098632812
853.7448120117188
810.9752807617188
723.7913208007812
817.5552368164062
860.32470703125
705.6965942382812
513.23388671875
820.84521484375
848.8098754882812
758.3359375
723.7913208007812
827.4251098632812
853.7448120117188
758.3359375
723.7913208007812
824.1351318359375
843.8749389648438
758.3359375
723.7913208007812
822.4901733398438
843.8749389648438
705.6965942382812
618.5126342773438
827.4251098632812
850.454833984375
705.6965942382812
723.7913208007812
820.84521484375
829.070068359375
705.6965942382812
723.7913208007812
817.5552368164062
835.6500244140625
705.6965942382812
723.7913208007812
812.6203002929688
829.070068359375
758.3359375
723.7913208007812
804.3953857421875
814.2652587890625
863.6146850585938
1039.6275634765625
791.2355346679688
815.9102783203125
810.9752807617188
723.7913208007812
796.1704711914062
801.1054077148438
758.3359375
723.7913208007812
791.2355346679688
806.0403442382812
705.6965942382812
513.23388671875
789.590576171875
814.2652587890625
600.4178466796875
407.95513916015625
797.8154907226562
819.2001953125
810.9752807617188
1039.6275634765625
787.945556640625
829.070068359375
916.2540283203125
1250.18505859375
796.1704711914062
825.7801513671875
916.2540283203125
1250.18505859375
802.7504272460938
827.4251098632812
810.9752807617188
1250.18505859375
797.8154907226562
834.0050048828125
810.9752807617188
1250.18505859375
801.1054077148438
829.070068359375
810.9752807617188
1250.18505859375
802.7504272460938
830.715087890625
916.2540283203125
1460.7425537109375
801.1054077148438
832.3600463867188
810.9752807617188
1039.6275634765625
806.0403442382812
822.4901733398438
916.2540283203125
1460.7425537109375
796.1704711914062
827.4251098632812
916.2540283203125
1250.18505859375
804.3953857421875
832.3600463867188
810.9752807617188
1039.6275634765625
814.2652587890625
838.9400024414062
916.2540283203125
1250.18505859375
817.5552368164062
829.070068359375
916.2540283203125
1250.18505859375
814.2652587890625
838.9400024414062
810.9752807617188
1039.6275634765625
812.6203002929688
835.6500244140625
810.9752807617188
1039.6275634765625
810.9752807617188
827.4251098632812
810.9752807617188
1039.6275634765625
810.9752807617188
837.2949829101562
810.9752807617188
829.070068359375
819.2001953125
840.5849609375
810.9752807617188
829.070068359375
822.4901733398438
840.5849609375
1021.5327758789062
1250.18505859375
815.9102783203125
855.3897705078125
600.4178466796875
197.39764404296875
832.3600463867188
840.5849609375
810.9752807617188
1039.6275634765625
824.1351318359375
837.2949829101562
810.9752807617188
829.070068359375
829.070068359375
855.3897705078125
705.6965942382812
829.070068359375
837.2949829101562
847.1648559570312
705.6965942382812
829.070068359375
840.5849609375
843.8749389648438
705.6965942382812
829.070068359375
834.0050048828125
842.2299194335938
810.9752807617188
829.070068359375
825.7801513671875
860.32470703125
600.4178466796875
407.95513916015625
840.5849609375
876.7745361328125
916.2540283203125
1250.18505859375
829.070068359375
873.4845581054688
705.6965942382812
618.5126342773438
832.3600463867188
870.194580078125
705.6965942382812
618.5126342773438
832.3600463867188
853.7448120117188
916.2540283203125
1039.6275634765625
819.2001953125
868.5496215820312
705.6965942382812
407.95513916015625
829.070068359375
871.839599609375
758.3359375
618.5126342773438
837.2949829101562
870.194580078125
758.3359375
618.5126342773438
838.9400024414062
870.194580078125
810.9752807617188
829.070068359375
832.3600463867188
875.1295166015625
705.6965942382812
618.5126342773438
834.0050048828125
878.4194946289062
705.6965942382812
618.5126342773438
837.2949829101562
884.9994506835938
653.0571899414062
407.95513916015625
843.8749389648438
878.4194946289062
547.7784423828125
407.95513916015625
843.8749389648438
868.5496215820312
916.2540283203125
1250.18505859375
830.715087890625
871.839599609375
916.2540283203125
1039.6275634765625
827.4251098632812
868.5496215820312
758.3359375
618.5126342773438
835.6500244140625
868.5496215820312
653.0571899414062
618.5126342773438
843.8749389648438
863.6146850585938
705.6965942382812
829.070068359375
840.5849609375
861.9697265625
705.6965942382812
618.5126342773438
834.0050048828125
858.6797485351562
863.6146850585938
1039.6275634765625
820.84521484375
860.32470703125
863.6146850585938
829.070068359375
834.0050048828125
863.6146850585938
600.4178466796875
407.95513916015625
843.8749389648438
870.194580078125
865.2596435546875
1112.0067138671875
842.2299194335938
883.3544311523438
865.2596435546875
1112.0067138671875
843.8749389648438
878.4194946289062
707.341552734375
901.44921875
848.8098754882812
868.5496215820312
812.6203002929688
1112.0067138671875
843.8749389648438
881.70947265625
654.7021484375
901.44921875
860.32470703125
889.9343872070312
654.7021484375
901.44921875
858.6797485351562
886.6444091796875
865.2596435546875
1112.0067138671875
840.5849609375
870.194580078125
812.6203002929688
901.44921875
843.8749389648438
860.32470703125
917.8990478515625
1112.0067138671875
834.0050048828125
860.32470703125
865.2596435546875
901.44921875
847.1648559570312
870.194580078125
759.9808959960938
901.44921875
842.2299194335938
868.5496215820312
812.6203002929688
1112.0067138671875
842.2299194335938
847.1648559570312
865.2596435546875
1112.0067138671875
837.2949829101562
845.5198974609375
759.9808959960938
901.44921875
838.9400024414062
865.2596435546875
812.6203002929688
901.44921875
840.5849609375
868.5496215820312
812.6203002929688
901.44921875
825.7801513671875
855.3897705078125
865.2596435546875
901.44921875
842.2299194335938
857.0347290039062
654.7021484375
901.44921875
850.454833984375
853.7448120117188
654.7021484375
901.44921875
852.0997924804688
870.194580078125
759.9808959960938
1112.0067138671875
842.2299194335938
873.4845581054688
865.2596435546875
1112.0067138671875
824.1351318359375
861.9697265625
759.9808959960938
901.44921875
829.070068359375
857.0347290039062
759.9808959960938
901.44921875
825.7801513671875
852.0997924804688
549.4234619140625
690.8917236328125
840.5849609375
855.3897705078125
759.9808959960938
1112.0067138671875
834.0050048828125
847.1648559570312
865.2596435546875
1112.0067138671875
827.4251098632812
848.8098754882812
759.9808959960938
901.44921875
825.7801513671875
852.0997924804688
759.9808959960938
901.44921875
824.1351318359375
857.0347290039062
654.7021484375
690.8917236328125
842.2299194335938
855.3897705078125
654.7021484375
901.44921875
842.2299194335938
853.7448120117188
759.9808959960938
901.44921875
832.3600463867188
847.1648559570312
654.7021484375
690.8917236328125
838.9400024414062
835.6500244140625
865.2596435546875
1322.564208984375
825.7801513671875
834.0050048828125
759.9808959960938
901.44921875
834.0050048828125
832.3600463867188
654.7021484375
901.44921875
822.4901733398438
829.070068359375
865.2596435546875
1322.564208984375
807.6853637695312
825.7801513671875
759.9808959960938
901.44921875
807.6853637695312
822.4901733398438
759.9808959960938
1112.0067138671875
806.0403442382812
810.9752807617188
759.9808959960938
1112.0067138671875
791.2355346679688
791.2355346679688
865.2596435546875
1322.564208984375
778.07568359375
797.8154907226562
759.9808959960938
1112.0067138671875
784.6556396484375
766.5608520507812
970.5383911132812
1533.1217041015625
751.7560424804688
758.3359375
759.9808959960938
901.44921875
732.0162353515625
743.5311279296875
759.9808959960938
1112.0067138671875
713.9214477539062
712.2764892578125
759.9808959960938
1112.0067138671875
689.2467651367188
700.7615966796875
759.9808959960938
1112.0067138671875
672.7969360351562
684.3118286132812
654.7021484375
901.44921875
651.4122314453125
661.2821044921875
654.7021484375
901.44921875
625.092529296875
646.477294921875
654.7021484375
901.44921875
611.9326782226562
634.96240234375
444.1446838378906
269.7767639160156
605.352783203125
630.0274658203125
654.7021484375
690.8917236328125
595.48291015625
620.1575927734375
865.2596435546875
901.44921875
574.09814453125
616.8676147460938
654.7021484375
480.3342590332031
570.8081665039062
595.48291015625
759.9808959960938
690.8917236328125
552.71337890625
587.2579956054688
654.7021484375
480.3342590332031
549.4234619140625
593.837890625
654.7021484375
480.3342590332031
567.5181884765625
603.707763671875
654.7021484375
480.3342590332031
572.4531860351562
616.8676147460938
970.5383911132812
1112.0067138671875
574.09814453125
626.7374877929688
865.2596435546875
690.8917236328125
579.0330810546875
641.5423583984375
759.9808959960938
480.3342590332031
600.4178466796875
666.217041015625
759.9808959960938
690.8917236328125
621.8025512695312
690.8917236328125
759.9808959960938
690.8917236328125
641.5423583984375
694.1817016601562
865.2596435546875
901.44921875
651.4122314453125
702.4066162109375
970.5383911132812
1112.0067138671875
656.34716796875
712.2764892578125
865.2596435546875
690.8917236328125
674.4419555664062
748.466064453125
759.9808959960938
743.5311279296875
707.341552734375
768.205810546875
812.6203002929688
1006.7279663085938
722.1463623046875
779.720703125
917.8990478515625
1059.3673095703125
736.951171875
794.5255126953125
812.6203002929688
796.1704711914062
748.466064453125
817.5552368164062
865.2596435546875
954.088623046875
773.1407470703125
825.7801513671875
654.7021484375
532.9736328125
786.3005981445312
829.070068359375
812.6203002929688
1059.3673095703125
801.1054077148438
837.2949829101562
1075.817138671875
1427.8428955078125
810.9752807617188
842.2299194335938
865.2596435546875
796.1704711914062
817.5552368164062
863.6146850585938
865.2596435546875
796.1704711914062
832.3600463867188
876.7745361328125
707.341552734375
585.6129760742188
842.2299194335938
891.579345703125
707.341552734375
638.2523803710938
857.0347290039062
891.579345703125
707.341552734375
638.2523803710938
858.6797485351562
888.2893676757812
707.341552734375
690.8917236328125
866.9046630859375
881.70947265625
759.9808959960938
796.1704711914062
863.6146850585938
881.70947265625
812.6203002929688
848.8098754882812
852.0997924804688
903.09423828125
812.6203002929688
848.8098754882812
868.5496215820312
908.0291748046875
733.6612548828125
690.8917236328125
880.064453125
903.09423828125
812.6203002929688
954.088623046875
881.70947265625
912.964111328125
812.6203002929688
901.44921875
891.579345703125
921.18896484375
759.9808959960938
796.1704711914062
898.1592407226562
929.4138793945312
759.9808959960938
901.44921875
906.3841552734375
932.703857421875
786.3005981445312
901.44921875
909.6741333007812
942.57373046875
786.3005981445312
796.1704711914062
917.8990478515625
947.5086669921875
707.341552734375
743.5311279296875
919.5440063476562
945.8637084960938
759.9808959960938
848.8098754882812
914.6090698242188
940.9287719726562
812.6203002929688
954.088623046875
914.6090698242188
942.57373046875
812.6203002929688
954.088623046875
919.5440063476562
947.5086669921875
786.3005981445312
901.44921875
924.4789428710938
954.088623046875
733.6612548828125
743.5311279296875
932.703857421875
952.443603515625
707.341552734375
796.1704711914062
927.7689208984375
944.2186889648438
1023.1777954101562
1427.8428955078125
916.2540283203125
952.443603515625
917.8990478515625
585.6129760742188
931.0588989257812
950.7986450195312
812.6203002929688
585.6129760742188
929.4138793945312
940.9287719726562
707.341552734375
585.6129760742188
931.0588989257812
924.4789428710938
917.8990478515625
1217.285400390625
912.964111328125
926.1239624023438
917.8990478515625
1217.285400390625
908.0291748046875
935.9938354492188
707.341552734375
796.1704711914062
914.6090698242188
935.9938354492188
707.341552734375
1006.7279663085938
911.319091796875
935.9938354492188
602.0628051757812
796.1704711914062
911.319091796875
929.4138793945312
812.6203002929688
1217.285400390625
908.0291748046875
927.7689208984375
812.6203002929688
1006.7279663085938
912.964111328125
917.8990478515625
812.6203002929688
1006.7279663085938
911.319091796875
921.18896484375
812.6203002929688
1006.7279663085938
911.319091796875
921.18896484375
602.0628051757812
585.6129760742188
911.319091796875
912.964111328125
707.341552734375
1006.7279663085938
901.44921875
912.964111328125
707.341552734375
796.1704711914062
894.8693237304688
914.6090698242188
602.0628051757812
585.6129760742188
894.8693237304688
919.5440063476562
707.341552734375
1006.7279663085938
894.8693237304688
916.2540283203125
759.9808959960938
1217.285400390625
898.1592407226562
924.4789428710938
707.341552734375
1006.7279663085938
901.44921875
909.6741333007812
549.4234619140625
1006.7279663085938
886.6444091796875
893.2243041992188
707.341552734375
1217.285400390625
873.4845581054688
889.9343872070312
654.7021484375
1006.7279663085938
871.839599609375
868.5496215820312
654.7021484375
1006.7279663085938
857.0347290039062
852.0997924804688
1128.45654296875
1682.81494140625
832.3600463867188
861.9697265625
759.9808959960938
630.0274658203125
838.9400024414062
868.5496215820312
707.341552734375
630.0274658203125
847.1648559570312
850.454833984375
759.9808959960938
630.0274658203125
835.6500244140625
835.6500244140625
654.7021484375
419.4700012207031
832.3600463867188
819.2001953125
759.9808959960938
840.5849609375
814.2652587890625
797.8154907226562
812.6203002929688
840.5849609375
794.5255126953125
806.0403442382812
654.7021484375
419.4700012207031
806.0403442382812
815.9102783203125
654.7021484375
630.0274658203125
812.6203002929688
819.2001953125
779.720703125
968.8934326171875
812.6203002929688
847.1648559570312
779.720703125
547.7784423828125
834.0050048828125
861.9697265625
779.720703125
337.2209777832031
842.2299194335938
824.1351318359375
674.4419555664062
126.66348266601562
819.2001953125
815.9102783203125
779.720703125
337.2209777832031
802.7504272460938
815.9102783203125
674.4419555664062
126.66348266601562
807.6853637695312
815.9102783203125
727.081298828125
337.2209777832031
807.6853637695312
827.4251098632812
569.1632080078125
126.66348266601562
814.2652587890625
829.070068359375
569.1632080078125
337.2209777832031
822.4901733398438
830.715087890625
937.6387939453125
968.8934326171875
815.9102783203125
838.9400024414062
779.720703125
337.2209777832031
817.5552368164062
843.8749389648438
674.4419555664062
337.2209777832031
820.84521484375
830.715087890625
569.1632080078125
337.2209777832031
815.9102783203125
829.070068359375
621.8025512695312
547.7784423828125
820.84521484375
835.6500244140625
779.720703125
758.3359375
819.2001953125
829.070068359375
779.720703125
758.3359375
809.330322265625
838.9400024414062
621.8025512695312
547.7784423828125
812.6203002929688
847.1648559570312
621.8025512695312
337.2209777832031
814.2652587890625
838.9400024414062
674.4419555664062
337.2209777832031
815.9102783203125
829.070068359375
727.081298828125
337.2209777832031
806.0403442382812
815.9102783203125
621.8025512695312
126.66348266601562
792.8805541992188
812.6203002929688
621.8025512695312
126.66348266601562
797.8154907226562
835.6500244140625
516.5238037109375
126.66348266601562
815.9102783203125
829.070068359375
727.081298828125
758.3359375
806.0403442382812
837.2949829101562
674.4419555664062
547.7784423828125
809.330322265625
843.8749389648438
674.4419555664062
547.7784423828125
810.9752807617188
837.2949829101562
779.720703125
547.7784423828125
804.3953857421875
848.8098754882812
569.1632080078125
126.66348266601562
827.4251098632812
838.9400024414062
621.8025512695312
337.2209777832031
827.4251098632812
837.2949829101562
463.88446044921875
126.66348266601562
824.1351318359375
840.5849609375
779.720703125
968.8934326171875
824.1351318359375
842.2299194335938
727.081298828125
758.3359375
820.84521484375
842.2299194335938
674.4419555664062
758.3359375
827.4251098632812
845.5198974609375
884.9994506835938
758.3359375
825.7801513671875
853.7448120117188
674.4419555664062
337.2209777832031
835.6500244140625
857.0347290039062
779.720703125
758.3359375
837.2949829101562
858.6797485351562
779.720703125
758.3359375
834.0050048828125
857.0347290039062
779.720703125
758.3359375
840.5849609375
871.839599609375
674.4419555664062
547.7784423828125
850.454833984375
865.2596435546875
779.720703125
758.3359375
838.9400024414062
870.194580078125
674.4419555664062
337.2209777832031
848.8098754882812
855.3897705078125
674.4419555664062
547.7784423828125
842.2299194335938
835.6500244140625
779.720703125
758.3359375
820.84521484375
848.8098754882812
569.1632080078125
337.2209777832031
834.0050048828125
860.32470703125
674.4419555664062
758.3359375
835.6500244140625
855.3897705078125
674.4419555664062
547.7784423828125
825.7801513671875
842.2299194335938
674.4419555664062
547.7784423828125
822.4901733398438
829.070068359375
779.720703125
758.3359375
819.2001953125
837.2949829101562
779.720703125
758.3359375
822.4901733398438
850.454833984375
621.8025512695312
547.7784423828125
834.0050048828125
857.0347290039062
674.4419555664062
758.3359375
834.0050048828125
850.454833984375
674.4419555664062
758.3359375
824.1351318359375
845.5198974609375
621.8025512695312
547.7784423828125
824.1351318359375
850.454833984375
621.8025512695312
758.3359375
835.6500244140625
852.0997924804688
674.4419555664062
758.3359375
832.3600463867188
858.6797485351562
463.88446044921875
442.4997253417969
842.2299194335938
852.0997924804688
569.1632080078125
758.3359375
832.3600463867188
838.9400024414062
727.081298828125
968.8934326171875
817.5552368164062
830.715087890625
674.4419555664062
758.3359375
807.6853637695312
822.4901733398438
727.081298828125
758.3359375
799.46044921875
822.4901733398438
621.8025512695312
547.7784423828125
797.8154907226562
822.4901733398438
569.1632080078125
547.7784423828125
796.1704711914062
819.2001953125
674.4419555664062
863.6146850585938
796.1704711914062
825.7801513671875
674.4419555664062
758.3359375
807.6853637695312
819.2001953125
621.8025512695312
653.0571899414062
802.7504272460938
820.84521484375
569.1632080078125
758.3359375
799.46044921875
817.5552368164062
569.1632080078125
968.8934326171875
797.8154907226562
817.5552368164062
463.88446044921875
758.3359375
797.8154907226562
822.4901733398438
621.8025512695312
1179.450927734375
806.0403442382812
820.84521484375
516.5238037109375
653.0571899414062
799.46044921875
802.7504272460938
463.88446044921875
653.0571899414062
786.3005981445312
796.1704711914062
832.3600463867188
1495.287109375
774.7857666015625
806.0403442382812
727.081298828125
968.8934326171875
783.0106201171875
804.3953857421875
674.4419555664062
863.6146850585938
781.3656616210938
814.2652587890625
569.1632080078125
758.3359375
789.590576171875
810.9752807617188
621.8025512695312
1074.172119140625
787.945556640625
806.0403442382812
674.4419555664062
1074.172119140625
781.3656616210938
801.1054077148438
727.081298828125
1179.450927734375
771.4957885742188
810.9752807617188
516.5238037109375
547.7784423828125
784.6556396484375
815.9102783203125
463.88446044921875
653.0571899414062
791.2355346679688
809.330322265625
727.081298828125
968.8934326171875
778.07568359375
815.9102783203125
727.081298828125
968.8934326171875
789.590576171875
806.0403442382812
1148.1962890625
1682.81494140625
774.7857666015625
804.3953857421875
937.6387939453125
630.0274658203125
781.3656616210938
807.6853637695312
1042.91748046875
1261.699951171875
789.590576171875
820.84521484375
1042.91748046875
1051.1424560546875
789.590576171875
806.0403442382812
937.6387939453125
840.5849609375
779.720703125
799.46044921875
937.6387939453125
840.5849609375
774.7857666015625
815.9102783203125
832.3600463867188
630.0274658203125
794.5255126953125
825.7801513671875
937.6387939453125
1051.1424560546875
804.3953857421875
843.8749389648438
937.6387939453125
1051.1424560546875
815.9102783203125
850.454833984375
727.081298828125
630.0274658203125
829.070068359375
838.9400024414062
727.081298828125
630.0274658203125
812.6203002929688
832.3600463867188
727.081298828125
630.0274658203125
804.3953857421875
837.2949829101562
727.081298828125
630.0274658203125
807.6853637695312
840.5849609375
727.081298828125
630.0274658203125
807.6853637695312
837.2949829101562
621.8025512695312
419.4700012207031
815.9102783203125
820.84521484375
674.4419555664062
630.0274658203125
804.3953857421875
835.6500244140625
779.720703125
1051.1424560546875
807.6853637695312
838.9400024414062
884.9994506835938
1051.1424560546875
819.2001953125
834.0050048828125
990.2781372070312
1051.1424560546875
814.2652587890625
830.715087890625
779.720703125
419.4700012207031
810.9752807617188
814.2652587890625
779.720703125
630.0274658203125
799.46044921875
824.1351318359375
779.720703125
630.0274658203125
815.9102783203125
825.7801513671875
937.6387939453125
840.5849609375
815.9102783203125
847.1648559570312
832.3600463867188
630.0274658203125
834.0050048828125
834.0050048828125
884.9994506835938
840.5849609375
817.5552368164062
840.5849609375
884.9994506835938
840.5849609375
822.4901733398438
837.2949829101562
621.8025512695312
419.4700012207031
822.4901733398438
827.4251098632812
674.4419555664062
630.0274658203125
817.5552368164062
838.9400024414062
727.081298828125
630.0274658203125
825.7801513671875
827.4251098632812
779.720703125
630.0274658203125
812.6203002929688
827.4251098632812
621.8025512695312
419.4700012207031
817.5552368164062
830.715087890625
753.4010009765625
735.3062133789062
817.5552368164062
820.84521484375
753.4010009765625
735.3062133789062
806.0403442382812
824.1351318359375
648.1222534179688
524.7487182617188
806.0403442382812
819.2001953125
727.081298828125
735.3062133789062
802.7504272460938
817.5552368164062
595.48291015625
419.4700012207031
802.7504272460938
817.5552368164062
674.4419555664062
735.3062133789062
802.7504272460938
819.2001953125
674.4419555664062
630.0274658203125
801.1054077148438
824.1351318359375
648.1222534179688
630.0274658203125
806.0403442382812
817.5552368164062
779.720703125
735.3062133789062
797.8154907226562
814.2652587890625
542.843505859375
208.91250610351562
804.3953857421875
817.5552368164062
674.4419555664062
630.0274658203125
807.6853637695312
809.330322265625
648.1222534179688
419.4700012207031
799.46044921875
814.2652587890625
674.4419555664062
630.0274658203125
801.1054077148438
834.0050048828125
648.1222534179688
524.7487182617188
820.84521484375
819.2001953125
648.1222534179688
524.7487182617188
810.9752807617188
801.1054077148438
621.8025512695312
524.7487182617188
787.945556640625
783.0106201171875
740.2411499023438
931.0588989257812
764.9158325195312
769.850830078125
687.601806640625
720.5014038085938
750.1110229492188
761.6259155273438
634.96240234375
509.94390869140625
741.8861083984375
738.59619140625
582.3230590820312
509.94390869140625
718.8563842773438
712.2764892578125
845.5198974609375
1141.6163330078125
685.956787109375
685.956787109375
845.5198974609375
931.0588989257812
654.7021484375
657.9921264648438
792.8805541992188
931.0588989257812
631.6724243164062
641.5423583984375
634.96240234375
720.5014038085938
618.5126342773438
616.8676147460938
634.96240234375
931.0588989257812
592.1929321289062
603.707763671875
1003.43798828125
1562.7313232421875
577.3881225585938
608.6427001953125
950.7986450195312
1141.6163330078125
580.6780395507812
620.1575927734375
740.2411499023438
720.5014038085938
598.7728271484375
616.8676147460938
740.2411499023438
931.0588989257812
603.707763671875
628.3825073242188
634.96240234375
720.5014038085938
610.2877197265625
639.8973388671875
634.96240234375
720.5014038085938
625.092529296875
654.7021484375
898.1592407226562
1141.6163330078125
630.0274658203125
689.2467651367188
898.1592407226562
931.0588989257812
661.2821044921875
690.8917236328125
687.601806640625
931.0588989257812
664.5720825195312
704.0515747070312
898.1592407226562
1352.173828125
669.5070190429688
718.8563842773438
582.3230590820312
509.94390869140625
689.2467651367188
741.8861083984375
687.601806640625
931.0588989257812
708.9865112304688
779.720703125
687.601806640625
931.0588989257812
748.466064453125
779.720703125
687.601806640625
931.0588989257812
755.0459594726562
802.7504272460938
792.8805541992188
1352.173828125
776.4307250976562
824.1351318359375
687.601806640625
931.0588989257812
797.8154907226562
845.5198974609375
898.1592407226562
1352.173828125
815.9102783203125
878.4194946289062
792.8805541992188
931.0588989257812
847.1648559570312
896.5142822265625
792.8805541992188
931.0588989257812
861.9697265625
911.319091796875
792.8805541992188
931.0588989257812
880.064453125
924.4789428710938
582.3230590820312
509.94390869140625
894.8693237304688
927.7689208984375
792.8805541992188
1352.173828125
894.8693237304688
934.3488159179688
687.601806640625
931.0588989257812
909.6741333007812
944.2186889648438
898.1592407226562
1352.173828125
912.964111328125
963.95849609375
845.5198974609375
1141.6163330078125
932.703857421875
983.6982421875
634.96240234375
931.0588989257812
955.7335815429688
978.7633056640625
740.2411499023438
1141.6163330078125
944.2186889648438
990.2781372070312
740.2411499023438
1141.6163330078125
962.3134765625
1000.1480712890625
740.2411499023438
1141.6163330078125
973.828369140625
995.213134765625
687.601806640625
1141.6163330078125
970.5383911132812
1003.43798828125
687.601806640625
1141.6163330078125
982.0532836914062
1006.7279663085938
582.3230590820312
931.0588989257812
988.6331787109375
980.4082641601562
792.8805541992188
1562.7313232421875
957.3785400390625
996.8580932617188
634.96240234375
931.0588989257812
975.4733276367188
1001.7930297851562
634.96240234375
931.0588989257812
973.828369140625
988.6331787109375
845.5198974609375
1352.173828125
959.0235595703125
1000.1480712890625
687.601806640625
931.0588989257812
972.1834106445312
1005.0830078125
687.601806640625
931.0588989257812
977.1183471679688
998.5030517578125
792.8805541992188
931.0588989257812
972.1834106445312
1006.7279663085938
687.601806640625
509.94390869140625
977.1183471679688
1005.0830078125
845.5198974609375
720.5014038085938
973.828369140625
1013.307861328125
950.7986450195312
720.5014038085938
980.4082641601562
995.213134765625
582.3230590820312
88.82894134521484
968.8934326171875
991.9231567382812
792.8805541992188
720.5014038085938
967.2484130859375
986.9882202148438
792.8805541992188
509.94390869140625
960.6685180664062
985.3432006835938
687.601806640625
509.94390869140625
955.7335815429688
991.9231567382812
792.8805541992188
509.94390869140625
967.2484130859375
983.6982421875
792.8805541992188
509.94390869140625
952.443603515625
986.9882202148438
634.96240234375
299.38641357421875
957.3785400390625
973.828369140625
740.2411499023438
509.94390869140625
947.5086669921875
982.0532836914062
582.3230590820312
88.82894134521484
955.7335815429688
973.828369140625
740.2411499023438
720.5014038085938
952.443603515625
977.1183471679688
792.8805541992188
720.5014038085938
952.443603515625
962.3134765625
792.8805541992188
720.5014038085938
935.9938354492188
952.443603515625
792.8805541992188
720.5014038085938
931.0588989257812
955.7335815429688
634.96240234375
509.94390869140625
932.703857421875
952.443603515625
792.8805541992188
1141.6163330078125
929.4138793945312
962.3134765625
792.8805541992188
931.0588989257812
939.2837524414062
955.7335815429688
687.601806640625
720.5014038085938
935.9938354492188
947.5086669921875
740.2411499023438
825.7801513671875
931.0588989257812
944.2186889648438
634.96240234375
615.22265625
924.4789428710938
937.6387939453125
845.5198974609375
1141.6163330078125
919.5440063476562
940.9287719726562
792.8805541992188
720.5014038085938
922.833984375
932.703857421875
792.8805541992188
825.7801513671875
911.319091796875
939.2837524414062
898.1592407226562
931.0588989257812
916.2540283203125
949.1536865234375
740.2411499023438
509.94390869140625
922.833984375
926.1239624023438
845.5198974609375
931.0588989257812
903.09423828125
922.833984375
845.5198974609375
931.0588989257812
901.44921875
921.18896484375
845.5198974609375
931.0588989257812
896.5142822265625
919.5440063476562
740.2411499023438
720.5014038085938
899.8042602539062
916.2540283203125
740.2411499023438
825.7801513671875
901.44921875
917.8990478515625
792.8805541992188
931.0588989257812
901.44921875
919.5440063476562
792.8805541992188
825.7801513671875
899.8042602539062
921.18896484375
740.2411499023438
615.22265625
901.44921875
927.7689208984375
740.2411499023438
509.94390869140625
904.7391967773438
917.8990478515625
740.2411499023438
615.22265625
894.8693237304688
908.0291748046875
898.1592407226562
931.0588989257812
884.9994506835938
914.6090698242188
898.1592407226562
825.7801513671875
889.9343872070312
912.964111328125
792.8805541992188
615.22265625
893.2243041992188
909.6741333007812
634.96240234375
404.6651611328125
893.2243041992188
904.7391967773438
740.2411499023438
720.5014038085938
886.6444091796875
903.09423828125
845.5198974609375
825.7801513671875
881.70947265625
898.1592407226562
845.5198974609375
825.7801513671875
871.839599609375
906.3841552734375
845.5198974609375
825.7801513671875
876.7745361328125
908.0291748046875
898.1592407226562
825.7801513671875
880.064453125
911.319091796875
687.601806640625
404.6651611328125
886.6444091796875
914.6090698242188
792.8805541992188
825.7801513671875
891.579345703125
904.7391967773438
687.601806640625
615.22265625
891.579345703125
884.9994506835938
845.5198974609375
1036.337646484375
871.839599609375
889.9343872070312
898.1592407226562
931.0588989257812
875.1295166015625
893.2243041992188
898.1592407226562
825.7801513671875
876.7745361328125
901.44921875
740.2411499023438
615.22265625
883.3544311523438
898.1592407226562
898.1592407226562
1141.6163330078125
873.4845581054688
904.7391967773438
687.601806640625
509.94390869140625
881.70947265625
899.8042602539062
687.601806640625
825.7801513671875
873.4845581054688
909.6741333007812
792.8805541992188
931.0588989257812
880.064453125
906.3841552734375
740.2411499023438
825.7801513671875
880.064453125
911.319091796875
740.2411499023438
825.7801513671875
878.4194946289062
906.3841552734375
687.601806640625
825.7801513671875
876.7745361328125
886.6444091796875
792.8805541992188
1036.337646484375
861.9697265625
884.9994506835938
792.8805541992188
931.0588989257812
863.6146850585938
888.2893676757812
792.8805541992188
931.0588989257812
868.5496215820312
889.9343872070312
792.8805541992188
931.0588989257812
873.4845581054688
889.9343872070312
687.601806640625
615.22265625
868.5496215820312
888.2893676757812
687.601806640625
615.22265625
870.194580078125
878.4194946289062
740.2411499023438
720.5014038085938
858.6797485351562
888.2893676757812
740.2411499023438
720.5014038085938
866.9046630859375
889.9343872070312
740.2411499023438
720.5014038085938
866.9046630859375
875.1295166015625
740.2411499023438
615.22265625
853.7448120117188
873.4845581054688
898.1592407226562
1141.6163330078125
852.0997924804688
881.70947265625
898.1592407226562
825.7801513671875
858.6797485351562
878.4194946289062
792.8805541992188
615.22265625
857.0347290039062
876.7745361328125
792.8805541992188
825.7801513671875
853.7448120117188
876.7745361328125
792.8805541992188
825.7801513671875
852.0997924804688
883.3544311523438
582.3230590820312
404.6651611328125
855.3897705078125
888.2893676757812
740.2411499023438
931.0588989257812
863.6146850585938
886.6444091796875
898.1592407226562
1036.337646484375
860.32470703125
889.9343872070312
634.96240234375
404.6651611328125
870.194580078125
883.3544311523438
792.8805541992188
1036.337646484375
870.194580078125
873.4845581054688
898.1592407226562
1036.337646484375
857.0347290039062
875.1295166015625
570.8081665039062
263.1968688964844
861.9697265625
870.194580078125
728.726318359375
894.8693237304688
857.0347290039062
871.839599609375
886.6444091796875
1105.4267578125
858.6797485351562
880.064453125
834.0050048828125
894.8693237304688
863.6146850585938
876.7745361328125
781.3656616210938
894.8693237304688
857.0347290039062
876.7745361328125
834.0050048828125
894.8693237304688
855.3897705078125
883.3544311523438
676.0869140625
684.3118286132812
861.9697265625
883.3544311523438
728.726318359375
894.8693237304688
861.9697265625
880.064453125
991.9231567382812
1315.9842529296875
857.0347290039062
878.4194946289062
886.6444091796875
894.8693237304688
852.0997924804688
876.7745361328125
781.3656616210938
684.3118286132812
850.454833984375
881.70947265625
781.3656616210938
684.3118286132812
858.6797485351562
876.7745361328125
676.0869140625
473.75433349609375
858.6797485351562
875.1295166015625
728.726318359375
684.3118286132812
853.7448120117188
866.9046630859375
834.0050048828125
894.8693237304688
850.454833984375
866.9046630859375
728.726318359375
684.3118286132812
850.454833984375
870.194580078125
676.0869140625
684.3118286132812
852.0997924804688
866.9046630859375
781.3656616210938
1105.4267578125
852.0997924804688
871.839599609375
728.726318359375
894.8693237304688
857.0347290039062
868.5496215820312
676.0869140625
894.8693237304688
852.0997924804688
876.7745361328125
676.0869140625
894.8693237304688
861.9697265625
863.6146850585938
676.0869140625
894.8693237304688
853.7448120117188
863.6146850585938
834.0050048828125
1105.4267578125
850.454833984375
870.194580078125
728.726318359375
894.8693237304688
860.32470703125
861.9697265625
781.3656616210938
1105.4267578125
850.454833984375
861.9697265625
781.3656616210938
1105.4267578125
848.8098754882812
868.5496215820312
781.3656616210938
1105.4267578125
850.454833984375
860.32470703125
939.2837524414062
1315.9842529296875
837.2949829101562
871.839599609375
676.0869140625
684.3118286132812
847.1648559570312
876.7745361328125
623.4475708007812
894.8693237304688
853.7448120117188
873.4845581054688
781.3656616210938
1105.4267578125
848.8098754882812
878.4194946289062
676.0869140625
894.8693237304688
855.3897705078125
865.2596435546875
939.2837524414062
1315.9842529296875
837.2949829101562
865.2596435546875
676.0869140625
473.75433349609375
842.2299194335938
873.4845581054688
676.0869140625
473.75433349609375
848.8098754882812
878.4194946289062
623.4475708007812
263.1968688964844
855.3897705078125
875.1295166015625
834.0050048828125
894.8693237304688
852.0997924804688
876.7745361328125
834.0050048828125
894.8693237304688
852.0997924804688
881.70947265625
728.726318359375
894.8693237304688
860.32470703125
894.8693237304688
728.726318359375
894.8693237304688
871.839599609375
909.6741333007812
570.8081665039062
684.3118286132812
889.9343872070312
904.7391967773438
834.0050048828125
1315.9842529296875
883.3544311523438
916.2540283203125
834.0050048828125
1105.4267578125
893.2243041992188
931.0588989257812
886.6444091796875
1105.4267578125
906.3841552734375
942.57373046875
676.0869140625
684.3118286132812
919.5440063476562
947.5086669921875
834.0050048828125
1315.9842529296875
924.4789428710938
954.088623046875
728.726318359375
894.8693237304688
931.0588989257812
962.3134765625
676.0869140625
894.8693237304688
939.2837524414062
967.2484130859375
834.0050048828125
1105.4267578125
937.6387939453125
968.8934326171875
518.1688232421875
894.8693237304688
939.2837524414062
960.6685180664062
728.726318359375
1682.81494140625
929.4138793945312
963.95849609375
623.4475708007812
840.5849609375
931.0588989257812
959.0235595703125
623.4475708007812
1051.1424560546875
931.0588989257812
957.3785400390625
623.4475708007812
1051.1424560546875
931.0588989257812
954.088623046875
518.1688232421875
840.5849609375
929.4138793945312
945.8637084960938
728.726318359375
1261.699951171875
919.5440063476562
935.9938354492188
728.726318359375
840.5849609375
911.319091796875
937.6387939453125
728.726318359375
840.5849609375
914.6090698242188
931.0588989257812
834.0050048828125
1051.1424560546875
908.0291748046875
929.4138793945312
623.4475708007812
419.4700012207031
916.2540283203125
927.7689208984375
728.726318359375
630.0274658203125
911.319091796875
912.964111328125
728.726318359375
630.0274658203125
898.1592407226562
922.833984375
728.726318359375
419.4700012207031
911.319091796875
919.5440063476562
623.4475708007812
419.4700012207031
908.0291748046875
919.5440063476562
728.726318359375
630.0274658203125
904.7391967773438
922.833984375
781.3656616210938
208.91250610351562
906.3841552734375
914.6090698242188
939.2837524414062
630.0274658203125
889.9343872070312
912.964111328125
1097.201904296875
630.0274658203125
888.2893676757812
921.18896484375
781.3656616210938
0.0
904.7391967773438
914.6090698242188
781.3656616210938
210.55747985839844
901.44921875
908.0291748046875
728.726318359375
0.0
899.8042602539062
903.09423828125
886.6444091796875
421.1149597167969
893.2243041992188
901.44921875
781.3656616210938
210.55747985839844
888.2893676757812
899.8042602539062
834.0050048828125
421.1149597167969
888.2893676757812
903.09423828125
886.6444091796875
421.1149597167969
889.9343872070312
908.0291748046875
623.4475708007812
0.0
899.8042602539062
894.8693237304688
886.6444091796875
631.6724243164062
884.9994506835938
884.9994506835938
886.6444091796875
631.6724243164062
875.1295166015625
893.2243041992188
728.726318359375
421.1149597167969
888.2893676757812
894.8693237304688
886.6444091796875
1052.7874755859375
888.2893676757812
898.1592407226562
834.0050048828125
631.6724243164062
883.3544311523438
904.7391967773438
834.0050048828125
210.55747985839844
888.2893676757812
896.5142822265625
939.2837524414062
631.6724243164062
881.70947265625
893.2243041992188
939.2837524414062
631.6724243164062
878.4194946289062
894.8693237304688
939.2837524414062
631.6724243164062
881.70947265625
893.2243041992188
939.2837524414062
631.6724243164062
873.4845581054688
886.6444091796875
939.2837524414062
631.6724243164062
866.9046630859375
889.9343872070312
834.0050048828125
421.1149597167969
876.7745361328125
881.70947265625
939.2837524414062
1052.7874755859375
868.5496215820312
878.4194946289062
1044.5625
1052.7874755859375
863.6146850585938
886.6444091796875
834.0050048828125
421.1149597167969
870.194580078125
891.579345703125
834.0050048828125
421.1149597167969
876.7745361328125
893.2243041992188
728.726318359375
210.55747985839844
881.70947265625
886.6444091796875
728.726318359375
421.1149597167969
873.4845581054688
880.064453125
728.726318359375
421.1149597167969
866.9046630859375
873.4845581054688
834.0050048828125
631.6724243164062
858.6797485351562
875.1295166015625
728.726318359375
210.55747985839844
865.2596435546875
871.839599609375
623.4475708007812
631.6724243164062
860.32470703125
873.4845581054688
728.726318359375
842.2299194335938
858.6797485351562
880.064453125
518.1688232421875
210.55747985839844
870.194580078125
876.7745361328125
623.4475708007812
631.6724243164062
858.6797485351562
871.839599609375
518.1688232421875
421.1149597167969
853.7448120117188
875.1295166015625
518.1688232421875
421.1149597167969
858.6797485351562
880.064453125
728.726318359375
631.6724243164062
861.9697265625
884.9994506835938
623.4475708007812
210.55747985839844
863.6146850585938
876.7745361328125
834.0050048828125
631.6724243164062
848.8098754882812
870.194580078125
623.4475708007812
0.0
843.8749389648438
866.9046630859375
728.726318359375
631.6724243164062
840.5849609375
870.194580078125
728.726318359375
421.1149597167969
847.1648559570312
878.4194946289062
623.4475708007812
421.1149597167969
855.3897705078125
871.839599609375
728.726318359375
631.6724243164062
845.5198974609375
865.2596435546875
623.4475708007812
210.55747985839844
840.5849609375
868.5496215820312
728.726318359375
631.6724243164062
847.1648559570312
868.5496215820312
781.3656616210938
526.3937377929688
843.8749389648438
873.4845581054688
781.3656616210938
421.1149597167969
845.5198974609375
881.70947265625
728.726318359375
315.8362121582031
853.7448120117188
873.4845581054688
728.726318359375
315.8362121582031
848.8098754882812
868.5496215820312
728.726318359375
315.8362121582031
838.9400024414062
870.194580078125
834.0050048828125
631.6724243164062
842.2299194335938
868.5496215820312
939.2837524414062
631.6724243164062
838.9400024414062
878.4194946289062
781.3656616210938
210.55747985839844
855.3897705078125
871.839599609375
781.3656616210938
421.1149597167969
855.3897705078125
861.9697265625
834.0050048828125
631.6724243164062
845.5198974609375
860.32470703125
834.0050048828125
526.3937377929688
843.8749389648438
871.839599609375
834.0050048828125
526.3937377929688
850.454833984375
870.194580078125
886.6444091796875
736.951171875
853.7448120117188
876.7745361328125
728.726318359375
315.8362121582031
858.6797485351562
860.32470703125
886.6444091796875
842.2299194335938
840.5849609375
861.9697265625
781.3656616210938
315.8362121582031
840.5849609375
861.9697265625
791.2355346679688
940.9287719726562
840.5849609375
865.2596435546875
896.5142822265625
940.9287719726562
843.8749389648438
873.4845581054688
685.956787109375
730.3712768554688
855.3897705078125
871.839599609375
896.5142822265625
1151.4862060546875
847.1648559570312
875.1295166015625
738.59619140625
519.8137817382812
855.3897705078125
870.194580078125
791.2355346679688
730.3712768554688
850.454833984375
870.194580078125
738.59619140625
730.3712768554688
850.454833984375
868.5496215820312
949.1536865234375
1151.4862060546875
850.454833984375
873.4845581054688
949.1536865234375
1151.4862060546875
852.0997924804688
880.064453125
896.5142822265625
940.9287719726562
863.6146850585938
886.6444091796875
791.2355346679688
730.3712768554688
871.839599609375
883.3544311523438
685.956787109375
730.3712768554688
871.839599609375
878.4194946289062
896.5142822265625
1151.4862060546875
857.0347290039062
880.064453125
949.1536865234375
1151.4862060546875
852.0997924804688
888.2893676757812
791.2355346679688
730.3712768554688
863.6146850585938
898.1592407226562
738.59619140625
730.3712768554688
871.839599609375
911.319091796875
738.59619140625
940.9287719726562
880.064453125
875.1295166015625
896.5142822265625
1046.20751953125
850.454833984375
855.3897705078125
791.2355346679688
625.092529296875
830.715087890625
838.9400024414062
791.2355346679688
835.6500244140625
822.4901733398438
825.7801513671875
791.2355346679688
835.6500244140625
812.6203002929688
830.715087890625
791.2355346679688
835.6500244140625
812.6203002929688
824.1351318359375
791.2355346679688
835.6500244140625
810.9752807617188
829.070068359375
791.2355346679688
730.3712768554688
814.2652587890625
845.5198974609375
633.3174438476562
519.8137817382812
829.070068359375
847.1648559570312
791.2355346679688
1046.20751953125
825.7801513671875
847.1648559570312
843.8749389648438
1046.20751953125
819.2001953125
837.2949829101562
896.5142822265625
1151.4862060546875
820.84521484375
850.454833984375
738.59619140625
625.092529296875
827.4251098632812
861.9697265625
738.59619140625
835.6500244140625
835.6500244140625
855.3897705078125
791.2355346679688
835.6500244140625
835.6500244140625
863.6146850585938
791.2355346679688
835.6500244140625
840.5849609375
858.6797485351562
949.1536865234375
1046.20751953125
847.1648559570312
852.0997924804688
685.956787109375
835.6500244140625
838.9400024414062
848.8098754882812
738.59619140625
1046.20751953125
835.6500244140625
843.8749389648438
843.8749389648438
1046.20751953125
837.2949829101562
845.5198974609375
738.59619140625
835.6500244140625
832.3600463867188
842.2299194335938
738.59619140625
835.6500244140625
837.2949829101562
857.0347290039062
633.3174438476562
625.092529296875
838.9400024414062
848.8098754882812
633.3174438476562
835.6500244140625
832.3600463867188
843.8749389648438
843.8749389648438
1256.7650146484375
835.6500244140625
857.0347290039062
685.956787109375
835.6500244140625
842.2299194335938
848.8098754882812
791.2355346679688
1046.20751953125
834.0050048828125
863.6146850585938
791.2355346679688
835.6500244140625
845.5198974609375
876.7745361328125
791.2355346679688
835.6500244140625
857.0347290039062
873.4845581054688
843.8749389648438
835.6500244140625
858.6797485351562
853.7448120117188
580.6780395507812
414.5350341796875
853.7448120117188
847.1648559570312
791.2355346679688
1046.20751953125
840.5849609375
860.32470703125
738.59619140625
625.092529296875
853.7448120117188
850.454833984375
843.8749389648438
1046.20751953125
845.5198974609375
861.9697265625
949.1536865234375
1046.20751953125
853.7448120117188
861.9697265625
738.59619140625
414.5350341796875
860.32470703125
850.454833984375
843.8749389648438
835.6500244140625
848.8098754882812
863.6146850585938
738.59619140625
414.5350341796875
857.0347290039062
861.9697265625
843.8749389648438
835.6500244140625
852.0997924804688
853.7448120117188
843.8749389648438
835.6500244140625
845.5198974609375
848.8098754882812
738.59619140625
625.092529296875
840.5849609375
835.6500244140625
949.1536865234375
1256.7650146484375
832.3600463867188
840.5849609375
738.59619140625
625.092529296875
835.6500244140625
847.1648559570312
738.59619140625
835.6500244140625
842.2299194335938
843.8749389648438
738.59619140625
835.6500244140625
843.8749389648438
842.2299194335938
738.59619140625
835.6500244140625
837.2949829101562
845.5198974609375
633.3174438476562
625.092529296875
835.6500244140625
850.454833984375
738.59619140625
835.6500244140625
835.6500244140625
855.3897705078125
738.59619140625
835.6500244140625
829.070068359375
852.0997924804688
791.2355346679688
940.9287719726562
832.3600463867188
847.1648559570312
870.194580078125
1151.4862060546875
830.715087890625
845.5198974609375
843.8749389648438
835.6500244140625
829.070068359375
855.3897705078125
606.9977416992188
519.8137817382812
838.9400024414062
848.8098754882812
870.194580078125
1256.7650146484375
822.4901733398438
848.8098754882812
738.59619140625
625.092529296875
829.070068359375
845.5198974609375
738.59619140625
730.3712768554688
824.1351318359375
855.3897705078125
712.2764892578125
625.092529296875
834.0050048828125
847.1648559570312
791.2355346679688
835.6500244140625
832.3600463867188
858.6797485351562
843.8749389648438
940.9287719726562
834.0050048828125
852.0997924804688
843.8749389648438
940.9287719726562
832.3600463867188
837.2949829101562
843.8749389648438
940.9287719726562
825.7801513671875
848.8098754882812
685.956787109375
625.092529296875
837.2949829101562
843.8749389648438
685.956787109375
730.3712768554688
837.2949829101562
834.0050048828125
817.5552368164062
1046.20751953125
832.3600463867188
835.6500244140625
817.5552368164062
835.6500244140625
830.715087890625
829.070068359375
659.6371459960938
625.092529296875
835.6500244140625
834.0050048828125
712.2764892578125
625.092529296875
838.9400024414062
848.8098754882812
712.2764892578125
625.092529296875
857.0347290039062
852.0997924804688
659.6371459960938
625.092529296875
857.0347290039062
850.454833984375
764.9158325195312
835.6500244140625
857.0347290039062
853.7448120117188
554.3583984375
414.5350341796875
861.9697265625
842.2299194335938
554.3583984375
625.092529296875
848.8098754882812
850.454833984375
922.833984375
1467.322509765625
847.1648559570312
860.32470703125
870.194580078125
1046.20751953125
855.3897705078125
863.6146850585938
712.2764892578125
835.6500244140625
858.6797485351562
870.194580078125
712.2764892578125
835.6500244140625
865.2596435546875
873.4845581054688
606.9977416992188
625.092529296875
868.5496215820312
861.9697265625
659.6371459960938
835.6500244140625
852.0997924804688
860.32470703125
817.5552368164062
1046.20751953125
847.1648559570312
866.9046630859375
712.2764892578125
625.092529296875
852.0997924804688
870.194580078125
659.6371459960938
625.092529296875
857.0347290039062
871.839599609375
659.6371459960938
414.5350341796875
857.0347290039062
873.4845581054688
659.6371459960938
414.5350341796875
855.3897705078125
857.0347290039062
975.4733276367188
1046.20751953125
837.2949829101562
865.2596435546875
712.2764892578125
414.5350341796875
847.1648559570312
861.9697265625
712.2764892578125
625.092529296875
850.454833984375
863.6146850585938
712.2764892578125
625.092529296875
845.5198974609375
863.6146850585938
712.2764892578125
625.092529296875
847.1648559570312
860.32470703125
764.9158325195312
835.6500244140625
843.8749389648438
861.9697265625
870.194580078125
835.6500244140625
845.5198974609375
871.839599609375
659.6371459960938
414.5350341796875
857.0347290039062
863.6146850585938
870.194580078125
1046.20751953125
847.1648559570312
875.1295166015625
659.6371459960938
414.5350341796875
860.32470703125
873.4845581054688
712.2764892578125
835.6500244140625
858.6797485351562
866.9046630859375
712.2764892578125
625.092529296875
857.0347290039062
863.6146850585938
659.6371459960938
625.092529296875
853.7448120117188
855.3897705078125
975.4733276367188
1256.7650146484375
838.9400024414062
858.6797485351562
870.194580078125
625.092529296875
838.9400024414062
860.32470703125
975.4733276367188
835.6500244140625
843.8749389648438
857.0347290039062
975.4733276367188
835.6500244140625
838.9400024414062
853.7448120117188
975.4733276367188
835.6500244140625
838.9400024414062
853.7448120117188
870.194580078125
625.092529296875
842.2299194335938
848.8098754882812
870.194580078125
835.6500244140625
837.2949829101562
853.7448120117188
764.9158325195312
625.092529296875
843.8749389648438
843.8749389648438
764.9158325195312
1046.20751953125
832.3600463867188
843.8749389648438
870.194580078125
1046.20751953125
829.070068359375
857.0347290039062
764.9158325195312
835.6500244140625
834.0050048828125
848.8098754882812
975.4733276367188
1256.7650146484375
825.7801513671875
860.32470703125
764.9158325195312
625.092529296875
840.5849609375
855.3897705078125
764.9158325195312
1046.20751953125
830.715087890625
861.9697265625
659.6371459960938
625.092529296875
842.2299194335938
861.9697265625
659.6371459960938
625.092529296875
850.454833984375
853.7448120117188
764.9158325195312
835.6500244140625
840.5849609375
848.8098754882812
804.3953857421875
975.4733276367188
834.0050048828125
852.0997924804688
857.0347290039062
975.4733276367188
837.2949829101562
857.0347290039062
804.3953857421875
975.4733276367188
840.5849609375
853.7448120117188
909.6741333007812
1186.0308837890625
838.9400024414062
847.1648559570312
909.6741333007812
1186.0308837890625
834.0050048828125
852.0997924804688
857.0347290039062
975.4733276367188
837.2949829101562
848.8098754882812
857.0347290039062
975.4733276367188
835.6500244140625
845.5198974609375
909.6741333007812
975.4733276367188
829.070068359375
842.2299194335938
909.6741333007812
975.4733276367188
832.3600463867188
845.5198974609375
909.6741333007812
975.4733276367188
830.715087890625
850.454833984375
1014.952880859375
1186.0308837890625
830.715087890625
857.0347290039062
857.0347290039062
764.9158325195312
838.9400024414062
852.0997924804688
909.6741333007812
1186.0308837890625
829.070068359375
848.8098754882812
909.6741333007812
975.4733276367188
830.715087890625
857.0347290039062
699.1166381835938
764.9158325195312
835.6500244140625
858.6797485351562
699.1166381835938
764.9158325195312
838.9400024414062
860.32470703125
804.3953857421875
975.4733276367188
838.9400024414062
863.6146850585938
909.6741333007812
1186.0308837890625
842.2299194335938
860.32470703125
804.3953857421875
975.4733276367188
838.9400024414062
861.9697265625
804.3953857421875
1186.0308837890625
843.8749389648438
853.7448120117188
804.3953857421875
1186.0308837890625
835.6500244140625
852.0997924804688
1014.952880859375
1607.145751953125
829.070068359375
852.0997924804688
909.6741333007812
1186.0308837890625
832.3600463867188
860.32470703125
909.6741333007812
1186.0308837890625
834.0050048828125
861.9697265625
699.1166381835938
764.9158325195312
843.8749389648438
852.0997924804688
909.6741333007812
1396.5882568359375
834.0050048828125
857.0347290039062
1120.2315673828125
1607.145751953125
832.3600463867188
861.9697265625
804.3953857421875
764.9158325195312
840.5849609375
861.9697265625
804.3953857421875
975.4733276367188
838.9400024414062
863.6146850585938
804.3953857421875
764.9158325195312
845.5198974609375
863.6146850585938
804.3953857421875
975.4733276367188
843.8749389648438
865.2596435546875
909.6741333007812
1186.0308837890625
842.2299194335938
880.064453125
804.3953857421875
764.9158325195312
858.6797485351562
893.2243041992188
646.477294921875
764.9158325195312
866.9046630859375
871.839599609375
699.1166381835938
975.4733276367188
843.8749389648438
866.9046630859375
751.7560424804688
975.4733276367188
834.0050048828125
875.1295166015625
646.477294921875
764.9158325195312
843.8749389648438
873.4845581054688
751.7560424804688
975.4733276367188
842.2299194335938
886.6444091796875
541.1985473632812
343.8009033203125
863.6146850585938
891.579345703125
541.1985473632812
343.8009033203125
861.9697265625
871.839599609375
857.0347290039062
1186.0308837890625
843.8749389648438
865.2596435546875
857.0347290039062
975.4733276367188
842.2299194335938
865.2596435546875
857.0347290039062
975.4733276367188
838.9400024414062
861.9697265625
751.7560424804688
764.9158325195312
842.2299194335938
863.6146850585938
751.7560424804688
764.9158325195312
847.1648559570312
871.839599609375
646.477294921875
554.3583984375
852.0997924804688
868.5496215820312
646.477294921875
764.9158325195312
853.7448120117188
875.1295166015625
751.7560424804688
764.9158325195312
853.7448120117188
876.7745361328125
593.837890625
554.3583984375
850.454833984375
860.32470703125
909.6741333007812
1396.5882568359375
835.6500244140625
860.32470703125
909.6741333007812
975.4733276367188
842.2299194335938
865.2596435546875
909.6741333007812
975.4733276367188
842.2299194335938
861.9697265625
909.6741333007812
1186.0308837890625
845.5198974609375
878.4194946289062
1014.952880859375
1186.0308837890625
850.454833984375
880.064453125
909.6741333007812
975.4733276367188
855.3897705078125
870.194580078125
909.6741333007812
975.4733276367188
848.8098754882812
878.4194946289062
804.3953857421875
764.9158325195312
850.454833984375
866.9046630859375
804.3953857421875
975.4733276367188
840.5849609375
863.6146850585938
909.6741333007812
1186.0308837890625
832.3600463867188
880.064453125
699.1166381835938
554.3583984375
850.454833984375
866.9046630859375
699.1166381835938
975.4733276367188
840.5849609375
861.9697265625
909.6741333007812
1186.0308837890625
834.0050048828125
868.5496215820312
909.6741333007812
975.4733276367188
842.2299194335938
873.4845581054688
909.6741333007812
975.4733276367188
843.8749389648438
883.3544311523438
699.1166381835938
343.8009033203125
860.32470703125
880.064453125
699.1166381835938
764.9158325195312
857.0347290039062
863.6146850585938
804.3953857421875
975.4733276367188
842.2299194335938
861.9697265625
804.3953857421875
975.4733276367188
835.6500244140625
858.6797485351562
909.6741333007812
975.4733276367188
829.070068359375
866.9046630859375
699.1166381835938
343.8009033203125
838.9400024414062
866.9046630859375
909.6741333007812
975.4733276367188
837.2949829101562
868.5496215820312
699.1166381835938
554.3583984375
845.5198974609375
871.839599609375
804.3953857421875
975.4733276367188
847.1648559570312
866.9046630859375
909.6741333007812
975.4733276367188
840.5849609375
860.32470703125
804.3953857421875
764.9158325195312
830.715087890625
861.9697265625
909.6741333007812
1186.0308837890625
829.070068359375
875.1295166015625
699.1166381835938
554.3583984375
840.5849609375
868.5496215820312
699.1166381835938
554.3583984375
838.9400024414062
868.5496215820312
699.1166381835938
764.9158325195312
842.2299194335938
868.5496215820312
804.3953857421875
975.4733276367188
840.5849609375
870.194580078125
699.1166381835938
554.3583984375
840.5849609375
875.1295166015625
751.7560424804688
975.4733276367188
845.5198974609375
868.5496215820312
804.3953857421875
975.4733276367188
838.9400024414062
865.2596435546875
593.837890625
554.3583984375
838.9400024414062
857.0347290039062
751.7560424804688
975.4733276367188
837.2949829101562
865.2596435546875
646.477294921875
554.3583984375
847.1648559570312
866.9046630859375
646.477294921875
870.194580078125
847.1648559570312
860.32470703125
751.7560424804688
870.194580078125
840.5849609375
863.6146850585938
593.837890625
554.3583984375
843.8749389648438
853.7448120117188
751.7560424804688
975.4733276367188
832.3600463867188
861.9697265625
646.477294921875
554.3583984375
840.5849609375
858.6797485351562
646.477294921875
659.6371459960938
840.5849609375
858.6797485351562
699.1166381835938
659.6371459960938
835.6500244140625
853.7448120117188
699.1166381835938
659.6371459960938
834.0050048828125
855.3897705078125
699.1166381835938
659.6371459960938
837.2949829101562
852.0997924804688
699.1166381835938
659.6371459960938
835.6500244140625
855.3897705078125
699.1166381835938
659.6371459960938
835.6500244140625
857.0347290039062
699.1166381835938
1080.7520751953125
837.2949829101562
853.7448120117188
699.1166381835938
1080.7520751953125
834.0050048828125
865.2596435546875
699.1166381835938
1080.7520751953125
848.8098754882812
863.6146850585938
699.1166381835938
1080.7520751953125
842.2299194335938
866.9046630859375
646.477294921875
870.194580078125
847.1648559570312
863.6146850585938
646.477294921875
870.194580078125
843.8749389648438
861.9697265625
646.477294921875
870.194580078125
840.5849609375
868.5496215820312
383.2804260253906
238.52215576171875
850.454833984375
868.5496215820312
541.1985473632812
870.194580078125
848.8098754882812
860.32470703125
857.0347290039062
1501.8670654296875
838.9400024414062
863.6146850585938
804.3953857421875
1080.7520751953125
847.1648559570312
873.4845581054688
804.3953857421875
1080.7520751953125
852.0997924804688
881.70947265625
751.7560424804688
870.194580078125
855.3897705078125
878.4194946289062
646.477294921875
659.6371459960938
855.3897705078125
876.7745361328125
804.3953857421875
1080.7520751953125
837.2949829101562
866.9046630859375
804.3953857421875
870.194580078125
832.3600463867188
870.194580078125
751.7560424804688
764.9158325195312
838.9400024414062
880.064453125
751.7560424804688
764.9158325195312
843.8749389648438
873.4845581054688
751.7560424804688
870.194580078125
850.454833984375
870.194580078125
751.7560424804688
870.194580078125
842.2299194335938
870.194580078125
699.1166381835938
764.9158325195312
838.9400024414062
868.5496215820312
699.1166381835938
764.9158325195312
842.2299194335938
873.4845581054688
541.1985473632812
343.8009033203125
847.1648559570312
866.9046630859375
699.1166381835938
870.194580078125
843.8749389648438
870.194580078125
751.7560424804688
870.194580078125
845.5198974609375
868.5496215820312
646.477294921875
449.0796203613281
843.8749389648438
866.9046630859375
646.477294921875
554.3583984375
843.8749389648438
861.9697265625
962.3134765625
1291.3095703125
834.0050048828125
871.839599609375
857.0347290039062
764.9158325195312
838.9400024414062
868.5496215820312
804.3953857421875
764.9158325195312
840.5849609375
870.194580078125
699.1166381835938
554.3583984375
845.5198974609375
868.5496215820312
593.837890625
554.3583984375
847.1648559570312
861.9697265625
748.466064453125
881.70947265625
845.5198974609375
865.2596435546875
853.7448120117188
881.70947265625
843.8749389648438
875.1295166015625
695.82666015625
460.594482421875
853.7448120117188
881.70947265625
643.1873168945312
460.594482421875
863.6146850585938
881.70947265625
643.1873168945312
460.594482421875
866.9046630859375
875.1295166015625
643.1873168945312
460.594482421875
865.2596435546875
868.5496215820312
801.1054077148438
671.1519775390625
847.1648559570312
870.194580078125
590.5479125976562
250.03701782226562
848.8098754882812
880.064453125
801.1054077148438
881.70947265625
852.0997924804688
894.8693237304688
801.1054077148438
671.1519775390625
865.2596435546875
903.09423828125
643.1873168945312
460.594482421875
873.4845581054688
898.1592407226562
643.1873168945312
460.594482421875
868.5496215820312
901.44921875
643.1873168945312
460.594482421875
876.7745361328125
901.44921875
695.82666015625
671.1519775390625
880.064453125
903.09423828125
801.1054077148438
881.70947265625
876.7745361328125
901.44921875
801.1054077148438
671.1519775390625
873.4845581054688
886.6444091796875
695.82666015625
671.1519775390625
861.9697265625
883.3544311523438
801.1054077148438
1092.2669677734375
858.6797485351562
888.2893676757812
906.3841552734375
1197.545654296875
863.6146850585938
889.9343872070312
906.3841552734375
1302.824462890625
866.9046630859375
889.9343872070312
1011.6629028320312
1513.3819580078125
860.32470703125
893.2243041992188
853.7448120117188
881.70947265625
868.5496215820312
883.3544311523438
853.7448120117188
986.9882202148438
857.0347290039062
884.9994506835938
801.1054077148438
881.70947265625
865.2596435546875
875.1295166015625
853.7448120117188
1092.2669677734375
860.32470703125
880.064453125
906.3841552734375
1092.2669677734375
861.9697265625
881.70947265625
906.3841552734375
1092.2669677734375
860.32470703125
884.9994506835938
906.3841552734375
881.70947265625
857.0347290039062
886.6444091796875
695.82666015625
565.8732299804688
860.32470703125
883.3544311523438
748.466064453125
671.1519775390625
860.32470703125
880.064453125
748.466064453125
776.4307250976562
855.3897705078125
878.4194946289062
906.3841552734375
1092.2669677734375
848.8098754882812
876.7745361328125
695.82666015625
460.594482421875
847.1648559570312
875.1295166015625
853.7448120117188
881.70947265625
845.5198974609375
881.70947265625
906.3841552734375
881.70947265625
848.8098754882812
884.9994506835938
748.466064453125
671.1519775390625
855.3897705078125
878.4194946289062
853.7448120117188
881.70947265625
855.3897705078125
886.6444091796875
695.82666015625
460.594482421875
861.9697265625
880.064453125
748.466064453125
671.1519775390625
858.6797485351562
880.064453125
801.1054077148438
671.1519775390625
863.6146850585938
881.70947265625
695.82666015625
460.594482421875
850.454833984375
875.1295166015625
801.1054077148438
881.70947265625
848.8098754882812
884.9994506835938
748.466064453125
671.1519775390625
850.454833984375
886.6444091796875
748.466064453125
671.1519775390625
853.7448120117188
880.064453125
801.1054077148438
671.1519775390625
855.3897705078125
878.4194946289062
801.1054077148438
671.1519775390625
845.5198974609375
881.70947265625
695.82666015625
460.594482421875
852.0997924804688
876.7745361328125
748.466064453125
671.1519775390625
850.454833984375
883.3544311523438
748.466064453125
671.1519775390625
855.3897705078125
878.4194946289062
643.1873168945312
460.594482421875
857.0347290039062
888.2893676757812
432.62982177734375
250.03701782226562
866.9046630859375
880.064453125
748.466064453125
881.70947265625
857.0347290039062
876.7745361328125
537.9085693359375
250.03701782226562
855.3897705078125
875.1295166015625
748.466064453125
1092.2669677734375
852.0997924804688
875.1295166015625
748.466064453125
881.70947265625
848.8098754882812
881.70947265625
537.9085693359375
460.594482421875
855.3897705078125
875.1295166015625
537.9085693359375
460.594482421875
852.0997924804688
866.9046630859375
537.9085693359375
460.594482421875
845.5198974609375
858.6797485351562
853.7448120117188
1092.2669677734375
834.0050048828125
865.2596435546875
748.466064453125
460.594482421875
840.5849609375
871.839599609375
643.1873168945312
460.594482421875
848.8098754882812
866.9046630859375
643.1873168945312
460.594482421875
842.2299194335938
870.194580078125
643.1873168945312
460.594482421875
847.1648559570312
873.4845581054688
853.7448120117188
1092.2669677734375
843.8749389648438
861.9697265625
748.466064453125
460.594482421875
838.9400024414062
865.2596435546875
801.1054077148438
881.70947265625
840.5849609375
866.9046630859375
853.7448120117188
1092.2669677734375
838.9400024414062
855.3897705078125
906.3841552734375
1302.824462890625
825.7801513671875
863.6146850585938
801.1054077148438
1092.2669677734375
834.0050048828125
861.9697265625
801.1054077148438
1092.2669677734375
837.2949829101562
853.7448120117188
695.82666015625
881.70947265625
837.2949829101562
863.6146850585938
695.82666015625
1092.2669677734375
842.2299194335938
858.6797485351562
853.7448120117188
1302.824462890625
835.6500244140625
860.32470703125
748.466064453125
881.70947265625
837.2949829101562
865.2596435546875
853.7448120117188
1092.2669677734375
845.5198974609375
865.2596435546875
801.1054077148438
671.1519775390625
845.5198974609375
853.7448120117188
748.466064453125
671.1519775390625
827.4251098632812
847.1648559570312
853.7448120117188
881.70947265625
820.84521484375
850.454833984375
853.7448120117188
881.70947265625
825.7801513671875
852.0997924804688
801.1054077148438
881.70947265625
827.4251098632812
853.7448120117188
853.7448120117188
1092.2669677734375
827.4251098632812
855.3897705078125
590.5479125976562
460.594482421875
829.070068359375
850.454833984375
695.82666015625
881.70947265625
824.1351318359375
863.6146850585938
695.82666015625
671.1519775390625
830.715087890625
861.9697265625
643.1873168945312
671.1519775390625
830.715087890625
863.6146850585938
643.1873168945312
671.1519775390625
838.9400024414062
866.9046630859375
695.82666015625
881.70947265625
838.9400024414062
868.5496215820312
695.82666015625
881.70947265625
840.5849609375
880.064453125
590.5479125976562
671.1519775390625
847.1648559570312
858.6797485351562
853.7448120117188
1302.824462890625
827.4251098632812
858.6797485351562
695.82666015625
881.70947265625
829.070068359375
857.0347290039062
695.82666015625
881.70947265625
830.715087890625
861.9697265625
695.82666015625
881.70947265625
837.2949829101562
863.6146850585938
748.466064453125
1092.2669677734375
837.2949829101562
860.32470703125
853.7448120117188
1092.2669677734375
830.715087890625
868.5496215820312
695.82666015625
671.1519775390625
843.8749389648438
870.194580078125
748.466064453125
881.70947265625
845.5198974609375
871.839599609375
748.466064453125
671.1519775390625
847.1648559570312
857.0347290039062
959.0235595703125
1513.3819580078125
835.6500244140625
850.454833984375
1064.30224609375
1513.3819580078125
830.715087890625
861.9697265625
853.7448120117188
881.70947265625
837.2949829101562
860.32470703125
959.0235595703125
1302.824462890625
837.2949829101562
863.6146850585938
959.0235595703125
1302.824462890625
843.8749389648438
866.9046630859375
853.7448120117188
1092.2669677734375
840.5849609375
866.9046630859375
853.7448120117188
1092.2669677734375
835.6500244140625
861.9697265625
853.7448120117188
1092.2669677734375
830.715087890625
852.0997924804688
1064.30224609375
1513.3819580078125
827.4251098632812
853.7448120117188
853.7448120117188
881.70947265625
832.3600463867188
855.3897705078125
853.7448120117188
881.70947265625
837.2949829101562
861.9697265625
643.1873168945312
460.594482421875
843.8749389648438
861.9697265625
643.1873168945312
671.1519775390625
840.5849609375
853.7448120117188
853.7448120117188
881.70947265625
834.0050048828125
852.0997924804688
853.7448120117188
881.70947265625
832.3600463867188
861.9697265625
748.466064453125
881.70947265625
837.2949829101562
861.9697265625
643.1873168945312
1092.2669677734375
835.6500244140625
858.6797485351562
748.466064453125
1302.824462890625
837.2949829101562
868.5496215820312
537.9085693359375
671.1519775390625
850.454833984375
857.0347290039062
643.1873168945312
1092.2669677734375
842.2299194335938
861.9697265625
537.9085693359375
881.70947265625
845.5198974609375
860.32470703125
537.9085693359375
1092.2669677734375
842.2299194335938
861.9697265625
537.9085693359375
1092.2669677734375
840.584960937