3000
4
873.4845581054688
764.9158325195312
509.94390869140625
848.8098754882812
863.6146850585938
764.9158325195312
509.94390869140625
843.8749389648438
873.4845581054688
554.3583984375
299.38641357421875
850.454833984375
884.9994506835938
343.8009033203125
88.82894134521484
868.5496215820312
873.4845581054688
764.9158325195312
720.5014038085938
863.6146850585938
873.4845581054688
554.3583984375
299.38641357421875
855.3897705078125
870.194580078125
554.3583984375
509.94390869140625
855.3897705078125
863.6146850585938
554.3583984375
509.94390869140625
845.5198974609375
852.0997924804688
764.9158325195312
931.0588989257812
827.4251098632812
853.7448120117188
764.9158325195312
720.5014038085938
837.2949829101562
861.9697265625
659.6371459960938
509.94390869140625
838.9400024414062
866.9046630859375
659.6371459960938
509.94390869140625
838.9400024414062
875.1295166015625
659.6371459960938
509.94390869140625
853.7448120117188
873.4845581054688
764.9158325195312
720.5014038085938
850.454833984375
868.5496215820312
975.4733276367188
931.0588989257812
842.2299194335938
871.839599609375
975.4733276367188
931.0588989257812
845.5198974609375
873.4845581054688
764.9158325195312
509.94390869140625
847.1648559570312
865.2596435546875
1080.7520751953125
1141.6163330078125
835.6500244140625
866.9046630859375
870.194580078125
509.94390869140625
842.2299194335938
863.6146850585938
764.9158325195312
509.94390869140625
840.5849609375
865.2596435546875
870.194580078125
720.5014038085938
840.5849609375
865.2596435546875
764.9158325195312
509.94390869140625
843.8749389648438
857.0347290039062
975.4733276367188
931.0588989257812
829.070068359375
860.32470703125
870.194580078125
720.5014038085938
832.3600463867188
855.3897705078125
870.194580078125
931.0588989257812
834.0050048828125
848.8098754882812
975.4733276367188
931.0588989257812
830.715087890625
855.3897705078125
659.6371459960938
509.94390869140625
835.6500244140625
855.3897705078125
870.194580078125
931.0588989257812
832.3600463867188
853.7448120117188
870.194580078125
931.0588989257812
830.715087890625
845.5198974609375
975.4733276367188
931.0588989257812
820.84521484375
853.7448120117188
764.9158325195312
720.5014038085938
830.715087890625
852.0997924804688
764.9158325195312
720.5014038085938
830.715087890625
847.1648559570312
764.9158325195312
931.0588989257812
825.7801513671875
853.7448120117188
764.9158325195312
931.0588989257812
837.2949829101562
847.1648559570312
659.6371459960938
931.0588989257812
830.715087890625
855.3897705078125
764.9158325195312
1141.6163330078125
832.3600463867188
860.32470703125
659.6371459960938
720.5014038085938
842.2299194335938
857.0347290039062
659.6371459960938
720.5014038085938
840.5849609375
857.0347290039062
975.4733276367188
1141.6163330078125
837.2949829101562
858.6797485351562
554.3583984375
509.94390869140625
842.2299194335938
855.3897705078125
659.6371459960938
720.5014038085938
837.2949829101562
847.1648559570312
870.194580078125
931.0588989257812
822.4901733398438
842.2299194335938
870.194580078125
931.0588989257812
819.2001953125
847.1648559570312
870.194580078125
931.0588989257812
822.4901733398438
850.454833984375
764.9158325195312
720.5014038085938
825.7801513671875
852.0997924804688
870.194580078125
931.0588989257812
820.84521484375
852.0997924804688
764.9158325195312
509.94390869140625
822.4901733398438
850.454833984375
554.3583984375
509.94390869140625
824.1351318359375
848.8098754882812
975.4733276367188
1141.6163330078125
822.4901733398438
858.6797485351562
870.194580078125
509.94390869140625
837.2949829101562
850.454833984375
1080.7520751953125
1141.6163330078125
832.3600463867188
848.8098754882812
1080.7520751953125
931.0588989257812
825.7801513671875
842.2299194335938
870.194580078125
720.5014038085938
819.2001953125
847.1648559570312
870.194580078125
720.5014038085938
819.2001953125
850.454833984375
764.9158325195312
720.5014038085938
824.1351318359375
848.8098754882812
1080.7520751953125
1141.6163330078125
820.84521484375
855.3897705078125
764.9158325195312
509.94390869140625
838.9400024414062
845.5198974609375
870.194580078125
931.0588989257812
827.4251098632812
848.8098754882812
870.194580078125
931.0588989257812
829.070068359375
865.2596435546875
554.3583984375
509.94390869140625
848.8098754882812
850.454833984375
764.9158325195312
931.0588989257812
834.0050048828125
835.6500244140625
764.9158325195312
931.0588989257812
824.1351318359375
845.5198974609375
870.194580078125
931.0588989257812
827.4251098632812
848.8098754882812
764.9158325195312
720.5014038085938
830.715087890625
855.3897705078125
817.5552368164062
509.94390869140625
842.2299194335938
855.3897705078125
922.833984375
509.94390869140625
838.9400024414062
861.9697265625
870.194580078125
299.38641357421875
838.9400024414062
852.0997924804688
922.833984375
509.94390869140625
830.715087890625
847.1648559570312
764.9158325195312
299.38641357421875
829.070068359375
858.6797485351562
554.3583984375
88.82894134521484
842.2299194335938
842.2299194335938
1133.3914794921875
1141.6163330078125
827.4251098632812
857.0347290039062
1028.1126708984375
931.0588989257812
834.0050048828125
857.0347290039062
922.833984375
931.0588989257812
835.6500244140625
852.0997924804688
1186.0308837890625
1352.173828125
825.7801513671875
863.6146850585938
712.2764892578125
509.94390869140625
837.2949829101562
848.8098754882812
764.9158325195312
720.5014038085938
830.715087890625
858.6797485351562
712.2764892578125
720.5014038085938
840.5849609375
850.454833984375
764.9158325195312
720.5014038085938
832.3600463867188
857.0347290039062
922.833984375
931.0588989257812
838.9400024414062
861.9697265625
922.833984375
931.0588989257812
840.5849609375
858.6797485351562
817.5552368164062
615.22265625
840.5849609375
858.6797485351562
870.194580078125
615.22265625
847.1648559570312
852.0997924804688
922.833984375
615.22265625
837.2949829101562
850.454833984375
870.194580078125
509.94390869140625
829.070068359375
848.8098754882812
817.5552368164062
509.94390869140625
830.715087890625
842.2299194335938
870.194580078125
720.5014038085938
825.7801513671875
852.0997924804688
870.194580078125
720.5014038085938
834.0050048828125
861.9697265625
870.194580078125
720.5014038085938
842.2299194335938
861.9697265625
870.194580078125
720.5014038085938
835.6500244140625
857.0347290039062
975.4733276367188
825.7801513671875
834.0050048828125
853.7448120117188
922.833984375
825.7801513671875
832.3600463867188
850.454833984375
975.4733276367188
931.0588989257812
832.3600463867188
861.9697265625
870.194580078125
720.5014038085938
847.1648559570312
865.2596435546875
659.6371459960938
404.6651611328125
850.454833984375
860.32470703125
1028.1126708984375
1246.8951416015625
842.2299194335938
860.32470703125
870.194580078125
720.5014038085938
838.9400024414062
860.32470703125
712.2764892578125
509.94390869140625
837.2949829101562
861.9697265625
712.2764892578125
615.22265625
842.2299194335938
863.6146850585938
817.5552368164062
825.7801513671875
845.5198974609375
866.9046630859375
764.9158325195312
720.5014038085938
848.8098754882812
865.2596435546875
712.2764892578125
720.5014038085938
848.8098754882812
866.9046630859375
712.2764892578125
720.5014038085938
848.8098754882812
863.6146850585938
606.9977416992188
615.22265625
847.1648559570312
858.6797485351562
975.4733276367188
1246.8951416015625
838.9400024414062
870.194580078125
712.2764892578125
615.22265625
850.454833984375
858.6797485351562
922.833984375
1036.337646484375
838.9400024414062
858.6797485351562
870.194580078125
720.5014038085938
842.2299194335938
860.32470703125
712.2764892578125
615.22265625
843.8749389648438
861.9697265625
870.194580078125
825.7801513671875
838.9400024414062
860.32470703125
870.194580078125
825.7801513671875
840.5849609375
860.32470703125
870.194580078125
825.7801513671875
838.9400024414062
857.0347290039062
922.833984375
1036.337646484375
825.7801513671875
858.6797485351562
922.833984375
825.7801513671875
830.715087890625
868.5496215820312
606.9977416992188
299.38641357421875
845.5198974609375
860.32470703125
922.833984375
1141.6163330078125
842.2299194335938
866.9046630859375
817.5552368164062
720.5014038085938
843.8749389648438
868.5496215820312
712.2764892578125
720.5014038085938
843.8749389648438
861.9697265625
817.5552368164062
825.7801513671875
842.2299194335938
861.9697265625
922.833984375
1141.6163330078125
843.8749389648438
865.2596435546875
817.5552368164062
931.0588989257812
845.5198974609375
853.7448120117188
1028.1126708984375
1246.8951416015625
822.4901733398438
860.32470703125
712.2764892578125
615.22265625
832.3600463867188
857.0347290039062
712.2764892578125
615.22265625
837.2949829101562
853.7448120117188
817.5552368164062
825.7801513671875
834.0050048828125
857.0347290039062
922.833984375
931.0588989257812
832.3600463867188
861.9697265625
817.5552368164062
615.22265625
829.070068359375
861.9697265625
817.5552368164062
720.5014038085938
829.070068359375
868.5496215820312
817.5552368164062
825.7801513671875
843.8749389648438
871.839599609375
866.9046630859375
835.6500244140625
845.5198974609375
858.6797485351562
866.9046630859375
940.9287719726562
835.6500244140625
865.2596435546875
866.9046630859375
940.9287719726562
838.9400024414062
865.2596435546875
551.0684204101562
414.5350341796875
840.5849609375
857.0347290039062
761.6259155273438
940.9287719726562
830.715087890625
860.32470703125
761.6259155273438
835.6500244140625
835.6500244140625
858.6797485351562
656.34716796875
625.092529296875
834.0050048828125
863.6146850585938
656.34716796875
730.3712768554688
837.2949829101562
855.3897705078125
761.6259155273438
940.9287719726562
829.070068359375
852.0997924804688
866.9046630859375
1046.20751953125
817.5552368164062
857.0347290039062
656.34716796875
519.8137817382812
834.0050048828125
860.32470703125
656.34716796875
519.8137817382812
834.0050048828125
865.2596435546875
656.34716796875
519.8137817382812
840.5849609375
861.9697265625
761.6259155273438
730.3712768554688
834.0050048828125
847.1648559570312
866.9046630859375
1046.20751953125
822.4901733398438
850.454833984375
761.6259155273438
625.092529296875
830.715087890625
857.0347290039062
656.34716796875
519.8137817382812
834.0050048828125
863.6146850585938
866.9046630859375
940.9287719726562
829.070068359375
863.6146850585938
1077.462158203125
1362.043701171875
824.1351318359375
858.6797485351562
866.9046630859375
940.9287719726562
827.4251098632812
858.6797485351562
866.9046630859375
940.9287719726562
827.4251098632812
860.32470703125
866.9046630859375
940.9287719726562
832.3600463867188
873.4845581054688
761.6259155273438
940.9287719726562
848.8098754882812
873.4845581054688
972.1834106445312
1151.4862060546875
847.1648559570312
865.2596435546875
972.1834106445312
1151.4862060546875
845.5198974609375
861.9697265625
972.1834106445312
1151.4862060546875
842.2299194335938
853.7448120117188
1077.462158203125
1362.043701171875
830.715087890625
860.32470703125
1077.462158203125
1362.043701171875
840.5849609375
866.9046630859375
866.9046630859375
940.9287719726562
843.8749389648438
858.6797485351562
972.1834106445312
1362.043701171875
840.5849609375
857.0347290039062
1077.462158203125
1362.043701171875
834.0050048828125
861.9697265625
656.34716796875
519.8137817382812
840.5849609375
853.7448120117188
1077.462158203125
1362.043701171875
832.3600463867188
863.6146850585938
972.1834106445312
730.3712768554688
837.2949829101562
868.5496215820312
866.9046630859375
730.3712768554688
843.8749389648438
866.9046630859375
972.1834106445312
940.9287719726562
843.8749389648438
866.9046630859375
972.1834106445312
940.9287719726562
843.8749389648438
866.9046630859375
866.9046630859375
730.3712768554688
842.2299194335938
863.6146850585938
866.9046630859375
730.3712768554688
840.5849609375
863.6146850585938
866.9046630859375
730.3712768554688
842.2299194335938
863.6146850585938
761.6259155273438
730.3712768554688
837.2949829101562
857.0347290039062
1077.462158203125
1151.4862060546875
834.0050048828125
863.6146850585938
866.9046630859375
730.3712768554688
838.9400024414062
860.32470703125
972.1834106445312
1151.4862060546875
840.5849609375
857.0347290039062
972.1834106445312
940.9287719726562
840.5849609375
863.6146850585938
972.1834106445312
940.9287719726562
845.5198974609375
857.0347290039062
1077.462158203125
1151.4862060546875
838.9400024414062
863.6146850585938
656.34716796875
309.2563171386719
843.8749389648438
855.3897705078125
866.9046630859375
940.9287719726562
840.5849609375
857.0347290039062
866.9046630859375
940.9287719726562
843.8749389648438
855.3897705078125
866.9046630859375
940.9287719726562
835.6500244140625
853.7448120117188
972.1834106445312
1151.4862060546875
829.070068359375
861.9697265625
656.34716796875
519.8137817382812
842.2299194335938
852.0997924804688
761.6259155273438
730.3712768554688
837.2949829101562
866.9046630859375
761.6259155273438
519.8137817382812
847.1648559570312
860.32470703125
761.6259155273438
519.8137817382812
838.9400024414062
852.0997924804688
972.1834106445312
940.9287719726562
829.070068359375
850.454833984375
866.9046630859375
519.8137817382812
832.3600463867188
850.454833984375
972.1834106445312
940.9287719726562
827.4251098632812
860.32470703125
866.9046630859375
519.8137817382812
835.6500244140625
858.6797485351562
761.6259155273438
519.8137817382812
837.2949829101562
860.32470703125
866.9046630859375
940.9287719726562
832.3600463867188
861.9697265625
866.9046630859375
940.9287719726562
842.2299194335938
860.32470703125
761.6259155273438
730.3712768554688
838.9400024414062
858.6797485351562
761.6259155273438
730.3712768554688
838.9400024414062
845.5198974609375
866.9046630859375
940.9287719726562
832.3600463867188
840.5849609375
1182.7408447265625
1362.043701171875
824.1351318359375
850.454833984375
972.1834106445312
1151.4862060546875
834.0050048828125
847.1648559570312
1077.462158203125
1362.043701171875
832.3600463867188
860.32470703125
761.6259155273438
940.9287719726562
837.2949829101562
853.7448120117188
761.6259155273438
940.9287719726562
835.6500244140625
848.8098754882812
1077.462158203125
1572.6011962890625
824.1351318359375
860.32470703125
972.1834106445312
1151.4862060546875
834.0050048828125
857.0347290039062
866.9046630859375
940.9287719726562
838.9400024414062
853.7448120117188
972.1834106445312
1362.043701171875
834.0050048828125
853.7448120117188
1077.462158203125
1572.6011962890625
830.715087890625
855.3897705078125
1077.462158203125
1362.043701171875
832.3600463867188
857.0347290039062
1077.462158203125
1362.043701171875
830.715087890625
871.839599609375
866.9046630859375
940.9287719726562
840.5849609375
875.1295166015625
866.9046630859375
940.9287719726562
847.1648559570312
865.2596435546875
972.1834106445312
1151.4862060546875
838.9400024414062
865.2596435546875
972.1834106445312
940.9287719726562
838.9400024414062
861.9697265625
866.9046630859375
730.3712768554688
835.6500244140625
860.32470703125
866.9046630859375
730.3712768554688
832.3600463867188
855.3897705078125
972.1834106445312
940.9287719726562
835.6500244140625
865.2596435546875
866.9046630859375
730.3712768554688
843.8749389648438
860.32470703125
866.9046630859375
730.3712768554688
840.5849609375
861.9697265625
761.6259155273438
519.8137817382812
847.1648559570312
871.839599609375
761.6259155273438
519.8137817382812
850.454833984375
863.6146850585938
866.9046630859375
730.3712768554688
840.5849609375
850.454833984375
1182.7408447265625
1362.043701171875
829.070068359375
861.9697265625
972.1834106445312
730.3712768554688
838.9400024414062
857.0347290039062
866.9046630859375
730.3712768554688
837.2949829101562
860.32470703125
866.9046630859375
730.3712768554688
840.5849609375
871.839599609375
551.0684204101562
309.2563171386719
848.8098754882812
855.3897705078125
761.6259155273438
730.3712768554688
834.0050048828125
858.6797485351562
866.9046630859375
940.9287719726562
837.2949829101562
857.0347290039062
866.9046630859375
730.3712768554688
837.2949829101562
855.3897705078125
866.9046630859375
519.8137817382812
834.0050048828125
853.7448120117188
866.9046630859375
730.3712768554688
834.0050048828125
850.454833984375
1077.462158203125
940.9287719726562
824.1351318359375
855.3897705078125
761.6259155273438
309.2563171386719
834.0050048828125
860.32470703125
761.6259155273438
519.8137817382812
840.5849609375
855.3897705078125
866.9046630859375
519.8137817382812
835.6500244140625
861.9697265625
761.6259155273438
309.2563171386719
842.2299194335938
858.6797485351562
656.34716796875
309.2563171386719
838.9400024414062
847.1648559570312
1077.462158203125
940.9287719726562
825.7801513671875
863.6146850585938
761.6259155273438
309.2563171386719
843.8749389648438
853.7448120117188
866.9046630859375
730.3712768554688
830.715087890625
863.6146850585938
761.6259155273438
519.8137817382812
840.5849609375
860.32470703125
656.34716796875
519.8137817382812
845.5198974609375
852.0997924804688
866.9046630859375
730.3712768554688
837.2949829101562
857.0347290039062
656.34716796875
519.8137817382812
845.5198974609375
850.454833984375
972.1834106445312
1467.322509765625
829.070068359375
865.2596435546875
656.34716796875
625.092529296875
845.5198974609375
865.2596435546875
656.34716796875
730.3712768554688
840.5849609375
861.9697265625
656.34716796875
730.3712768554688
832.3600463867188
865.2596435546875
551.0684204101562
625.092529296875
840.5849609375
850.454833984375
761.6259155273438
1151.4862060546875
827.4251098632812
855.3897705078125
656.34716796875
730.3712768554688
837.2949829101562
853.7448120117188
761.6259155273438
1046.20751953125
835.6500244140625
855.3897705078125
761.6259155273438
940.9287719726562
830.715087890625
861.9697265625
551.0684204101562
519.8137817382812
842.2299194335938
860.32470703125
761.6259155273438
940.9287719726562
840.5849609375
863.6146850585938
761.6259155273438
940.9287719726562
842.2299194335938
860.32470703125
761.6259155273438
835.6500244140625
843.8749389648438
861.9697265625
761.6259155273438
835.6500244140625
845.5198974609375
857.0347290039062
656.34716796875
625.092529296875
845.5198974609375
853.7448120117188
866.9046630859375
1046.20751953125
842.2299194335938
852.0997924804688
983.6982421875
1115.296630859375
835.6500244140625
857.0347290039062
1088.9769287109375
1325.8541259765625
835.6500244140625
861.9697265625
1088.9769287109375
1115.296630859375
840.5849609375
876.7745361328125
773.1407470703125
483.62420654296875
855.3897705078125
861.9697265625
1088.9769287109375
1115.296630859375
843.8749389648438
863.6146850585938
1088.9769287109375
1115.296630859375
843.8749389648438
866.9046630859375
878.4194946289062
904.7391967773438
845.5198974609375
850.454833984375
1088.9769287109375
1325.8541259765625
832.3600463867188
858.6797485351562
1088.9769287109375
1325.8541259765625
835.6500244140625
847.1648559570312
983.6982421875
1325.8541259765625
830.715087890625
848.8098754882812
1194.2557373046875
1536.41162109375
825.7801513671875
860.32470703125
773.1407470703125
904.7391967773438
834.0050048828125
858.6797485351562
878.4194946289062
1115.296630859375
834.0050048828125
858.6797485351562
878.4194946289062
1115.296630859375
837.2949829101562
858.6797485351562
983.6982421875
1115.296630859375
835.6500244140625
865.2596435546875
773.1407470703125
694.1817016601562
845.5198974609375
858.6797485351562
773.1407470703125
694.1817016601562
835.6500244140625
848.8098754882812
773.1407470703125
904.7391967773438
829.070068359375
850.454833984375
825.7801513671875
1010.0179443359375
832.3600463867188
845.5198974609375
825.7801513671875
1115.296630859375
824.1351318359375
850.454833984375
825.7801513671875
904.7391967773438
830.715087890625
866.9046630859375
509.94390869140625
483.62420654296875
845.5198974609375
855.3897705078125
773.1407470703125
1115.296630859375
835.6500244140625
858.6797485351562
720.5014038085938
799.46044921875
834.0050048828125
857.0347290039062
667.8619995117188
799.46044921875
842.2299194335938
855.3897705078125
667.8619995117188
799.46044921875
840.5849609375
848.8098754882812
773.1407470703125
1010.0179443359375
824.1351318359375
853.7448120117188
1036.337646484375
1431.1329345703125
822.4901733398438
861.9697265625
720.5014038085938
588.9029541015625
822.4901733398438
858.6797485351562
720.5014038085938
694.1817016601562
827.4251098632812
860.32470703125
720.5014038085938
694.1817016601562
837.2949829101562
853.7448120117188
615.22265625
483.62420654296875
834.0050048828125
848.8098754882812
1036.337646484375
1220.575439453125
822.4901733398438
843.8749389648438
825.7801513671875
799.46044921875
815.9102783203125
857.0347290039062
509.94390869140625
588.9029541015625
834.0050048828125
847.1648559570312
825.7801513671875
1220.575439453125
820.84521484375
852.0997924804688
720.5014038085938
799.46044921875
832.3600463867188
860.32470703125
615.22265625
799.46044921875
834.0050048828125
843.8749389648438
720.5014038085938
799.46044921875
819.2001953125
855.3897705078125
509.94390869140625
588.9029541015625
834.0050048828125
848.8098754882812
720.5014038085938
1010.0179443359375
825.7801513671875
848.8098754882812
825.7801513671875
1220.575439453125
822.4901733398438
858.6797485351562
615.22265625
799.46044921875
825.7801513671875
857.0347290039062
615.22265625
799.46044921875
832.3600463867188
861.9697265625
509.94390869140625
588.9029541015625
842.2299194335938
855.3897705078125
615.22265625
799.46044921875
829.070068359375
847.1648559570312
825.7801513671875
1010.0179443359375
824.1351318359375
855.3897705078125
825.7801513671875
799.46044921875
822.4901733398438
865.2596435546875
720.5014038085938
588.9029541015625
835.6500244140625
861.9697265625
720.5014038085938
378.3454895019531
835.6500244140625
855.3897705078125
878.4194946289062
588.9029541015625
820.84521484375
855.3897705078125
720.5014038085938
167.78799438476562
830.715087890625
855.3897705078125
773.1407470703125
378.3454895019531
830.715087890625
865.2596435546875
667.8619995117188
167.78799438476562
840.5849609375
860.32470703125
562.583251953125
167.78799438476562
834.0050048828125
855.3897705078125
667.8619995117188
167.78799438476562
829.070068359375
843.8749389648438
825.7801513671875
378.3454895019531
825.7801513671875
847.1648559570312
825.7801513671875
378.3454895019531
827.4251098632812
847.1648559570312
931.0588989257812
588.9029541015625
825.7801513671875
853.7448120117188
878.4194946289062
588.9029541015625
835.6500244140625
858.6797485351562
615.22265625
167.78799438476562
843.8749389648438
852.0997924804688
878.4194946289062
799.46044921875
837.2949829101562
845.5198974609375
825.7801513671875
588.9029541015625
829.070068359375
840.5849609375
878.4194946289062
799.46044921875
822.4901733398438
850.454833984375
878.4194946289062
799.46044921875
832.3600463867188
861.9697265625
773.1407470703125
588.9029541015625
848.8098754882812
848.8098754882812
1088.9769287109375
1431.1329345703125
829.070068359375
866.9046630859375
773.1407470703125
799.46044921875
843.8749389648438
852.0997924804688
983.6982421875
1431.1329345703125
830.715087890625
855.3897705078125
983.6982421875
1220.575439453125
837.2949829101562
860.32470703125
878.4194946289062
1010.0179443359375
845.5198974609375
853.7448120117188
983.6982421875
1220.575439453125
834.0050048828125
863.6146850585938
773.1407470703125
1010.0179443359375
843.8749389648438
858.6797485351562
983.6982421875
1431.1329345703125
837.2949829101562
861.9697265625
983.6982421875
1220.575439453125
838.9400024414062
860.32470703125
983.6982421875
1220.575439453125
837.2949829101562
853.7448120117188
1088.9769287109375
1220.575439453125
835.6500244140625
861.9697265625
773.1407470703125
799.46044921875
845.5198974609375
861.9697265625
878.4194946289062
1010.0179443359375
847.1648559570312
861.9697265625
562.583251953125
378.3454895019531
855.3897705078125
855.3897705078125
773.1407470703125
799.46044921875
838.9400024414062
845.5198974609375
983.6982421875
1220.575439453125
827.4251098632812
847.1648559570312
983.6982421875
1010.0179443359375
824.1351318359375
848.8098754882812
983.6982421875
1010.0179443359375
825.7801513671875
857.0347290039062
878.4194946289062
588.9029541015625
832.3600463867188
855.3897705078125
773.1407470703125
588.9029541015625
837.2949829101562
858.6797485351562
878.4194946289062
799.46044921875
840.5849609375
863.6146850585938
667.8619995117188
378.3454895019531
847.1648559570312
845.5198974609375
983.6982421875
1010.0179443359375
827.4251098632812
845.5198974609375
983.6982421875
1010.0179443359375
825.7801513671875
850.454833984375
773.1407470703125
799.46044921875
824.1351318359375
863.6146850585938
773.1407470703125
799.46044921875
829.070068359375
863.6146850585938
667.8619995117188
588.9029541015625
842.2299194335938
865.2596435546875
667.8619995117188
588.9029541015625
843.8749389648438
861.9697265625
878.4194946289062
799.46044921875
838.9400024414062
858.6797485351562
878.4194946289062
799.46044921875
835.6500244140625
863.6146850585938
667.8619995117188
378.3454895019531
840.5849609375
860.32470703125
773.1407470703125
588.9029541015625
838.9400024414062
855.3897705078125
878.4194946289062
799.46044921875
840.5849609375
850.454833984375
1088.9769287109375
1431.1329345703125
829.070068359375
861.9697265625
983.6982421875
1010.0179443359375
834.0050048828125
863.6146850585938
878.4194946289062
799.46044921875
847.1648559570312
843.8749389648438
878.4194946289062
1010.0179443359375
829.070068359375
822.4901733398438
983.6982421875
1220.575439453125
796.1704711914062
810.9752807617188
667.8619995117188
799.46044921875
781.3656616210938
787.945556640625
773.1407470703125
1010.0179443359375
758.3359375
784.6556396484375
667.8619995117188
799.46044921875
764.9158325195312
758.3359375
773.1407470703125
1010.0179443359375
746.8211059570312
725.4363403320312
983.6982421875
1220.575439453125
712.2764892578125
717.21142578125
773.1407470703125
799.46044921875
694.1817016601562
694.1817016601562
773.1407470703125
799.46044921875
674.4419555664062
666.217041015625
878.4194946289062
799.46044921875
641.5423583984375
648.1222534179688
878.4194946289062
799.46044921875
618.5126342773438
634.96240234375
983.6982421875
1010.0179443359375
598.7728271484375
620.1575927734375
1194.2557373046875
1220.575439453125
585.6129760742188
620.1575927734375
983.6982421875
799.46044921875
597.1278686523438
602.0628051757812
1299.534423828125
1431.1329345703125
572.4531860351562
610.2877197265625
1088.9769287109375
799.46044921875
585.6129760742188
626.7374877929688
983.6982421875
799.46044921875
597.1278686523438
620.1575927734375
1088.9769287109375
1010.0179443359375
590.5479125976562
653.0571899414062
878.4194946289062
799.46044921875
620.1575927734375
662.9270629882812
1088.9769287109375
1220.575439453125
628.3825073242188
669.5070190429688
983.6982421875
1010.0179443359375
641.5423583984375
690.8917236328125
1088.9769287109375
1220.575439453125
662.9270629882812
700.7615966796875
1088.9769287109375
1220.575439453125
676.0869140625
725.4363403320312
878.4194946289062
1010.0179443359375
699.1166381835938
745.1760864257812
1194.2557373046875
1431.1329345703125
715.5664672851562
769.850830078125
773.1407470703125
588.9029541015625
745.1760864257812
781.3656616210938
878.4194946289062
1010.0179443359375
755.0459594726562
802.7504272460938
822.4901733398438
740.2411499023438
773.1407470703125
819.2001953125
822.4901733398438
740.2411499023438
794.5255126953125
829.070068359375
1138.326416015625
1371.91357421875
799.46044921875
853.7448120117188
717.21142578125
529.6836547851562
829.070068359375
860.32470703125
822.4901733398438
950.7986450195312
837.2949829101562
875.1295166015625
822.4901733398438
740.2411499023438
848.8098754882812
886.6444091796875
822.4901733398438
740.2411499023438
860.32470703125
899.8042602539062
1033.047607421875
1161.3560791015625
875.1295166015625
916.2540283203125
822.4901733398438
740.2411499023438
889.9343872070312
931.0588989257812
927.7689208984375
950.7986450195312
901.44921875
944.2186889648438
1033.047607421875
950.7986450195312
904.7391967773438
937.6387939453125
717.21142578125
529.6836547851562
901.44921875
934.3488159179688
822.4901733398438
950.7986450195312
894.8693237304688
934.3488159179688
927.7689208984375
950.7986450195312
899.8042602539062
939.2837524414062
822.4901733398438
740.2411499023438
906.3841552734375
947.5086669921875
822.4901733398438
740.2411499023438
914.6090698242188
935.9938354492188
927.7689208984375
950.7986450195312
908.0291748046875
937.6387939453125
927.7689208984375
950.7986450195312
903.09423828125
924.4789428710938
1033.047607421875
1161.3560791015625
893.2243041992188
924.4789428710938
1243.6051025390625
1582.4710693359375
881.70947265625
942.57373046875
822.4901733398438
950.7986450195312
904.7391967773438
929.4138793945312
822.4901733398438
1371.91357421875
901.44921875
914.6090698242188
1033.047607421875
1582.4710693359375
884.9994506835938
899.8042602539062
822.4901733398438
1161.3560791015625
871.839599609375
878.4194946289062
822.4901733398438
1371.91357421875
848.8098754882812
870.194580078125
927.7689208984375
1582.4710693359375
845.5198974609375
878.4194946289062
717.21142578125
1161.3560791015625
853.7448120117188
870.194580078125
717.21142578125
1161.3560791015625
845.5198974609375
865.2596435546875
822.4901733398438
1161.3560791015625
835.6500244140625
858.6797485351562
927.7689208984375
1371.91357421875
829.070068359375
863.6146850585938
717.21142578125
950.7986450195312
835.6500244140625
852.0997924804688
717.21142578125
950.7986450195312
827.4251098632812
848.8098754882812
927.7689208984375
1161.3560791015625
817.5552368164062
855.3897705078125
717.21142578125
319.1261901855469
825.7801513671875
850.454833984375
822.4901733398438
529.6836547851562
820.84521484375
845.5198974609375
822.4901733398438
529.6836547851562
815.9102783203125
847.1648559570312
611.9326782226562
319.1261901855469
820.84521484375
838.9400024414062
927.7689208984375
950.7986450195312
810.9752807617188
835.6500244140625
927.7689208984375
740.2411499023438
817.5552368164062
835.6500244140625
717.21142578125
529.6836547851562
815.9102783203125
837.2949829101562
822.4901733398438
950.7986450195312
814.2652587890625
842.2299194335938
927.7689208984375
1161.3560791015625
822.4901733398438
848.8098754882812
927.7689208984375
1161.3560791015625
825.7801513671875
860.32470703125
611.9326782226562
529.6836547851562
838.9400024414062
857.0347290039062
611.9326782226562
740.2411499023438
832.3600463867188
858.6797485351562
611.9326782226562
740.2411499023438
840.5849609375
850.454833984375
927.7689208984375
1161.3560791015625
824.1351318359375
848.8098754882812
717.21142578125
740.2411499023438
825.7801513671875
857.0347290039062
717.21142578125
740.2411499023438
834.0050048828125
860.32470703125
822.4901733398438
740.2411499023438
830.715087890625
860.32470703125
1033.047607421875
1161.3560791015625
838.9400024414062
870.194580078125
927.7689208984375
740.2411499023438
845.5198974609375
861.9697265625
927.7689208984375
740.2411499023438
835.6500244140625
858.6797485351562
822.4901733398438
634.96240234375
830.715087890625
848.8098754882812
822.4901733398438
740.2411499023438
827.4251098632812
847.1648559570312
1033.047607421875
1056.077392578125
817.5552368164062
857.0347290039062
822.4901733398438
740.2411499023438
827.4251098632812
853.7448120117188
1033.047607421875
1161.3560791015625
827.4251098632812
863.6146850585938
611.9326782226562
319.1261901855469
842.2299194335938
858.6797485351562
822.4901733398438
950.7986450195312
830.715087890625
861.9697265625
822.4901733398438
845.5198974609375
825.7801513671875
855.3897705078125
822.4901733398438
950.7986450195312
817.5552368164062
871.839599609375
822.4901733398438
950.7986450195312
837.2949829101562
875.1295166015625
927.7689208984375
1056.077392578125
832.3600463867188
891.579345703125
611.9326782226562
424.4049377441406
853.7448120117188
891.579345703125
717.21142578125
845.5198974609375
850.454833984375
893.2243041992188
611.9326782226562
634.96240234375
852.0997924804688
894.8693237304688
506.6539306640625
634.96240234375
855.3897705078125
898.1592407226562
822.4901733398438
1056.077392578125
850.454833984375
909.6741333007812
506.6539306640625
424.4049377441406
861.9697265625
893.2243041992188
611.9326782226562
845.5198974609375
847.1648559570312
909.6741333007812
611.9326782226562
634.96240234375
866.9046630859375
911.319091796875
506.6539306640625
634.96240234375
866.9046630859375
896.5142822265625
822.4901733398438
1266.6348876953125
853.7448120117188
903.09423828125
717.21142578125
1056.077392578125
865.2596435546875
904.7391967773438
822.4901733398438
1056.077392578125
866.9046630859375
896.5142822265625
822.4901733398438
1056.077392578125
860.32470703125
901.44921875
717.21142578125
845.5198974609375
871.839599609375
903.09423828125
822.4901733398438
845.5198974609375
871.839599609375
898.1592407226562
