3000
4
949.1536865234375
630.0274658203125
556.0033569335938
921.18896484375
942.57373046875
524.7487182617188
661.2821044921875
912.964111328125
934.3488159179688
735.3062133789062
766.5608520507812
911.319091796875
929.4138793945312
630.0274658203125
661.2821044921875
906.3841552734375
940.9287719726562
630.0274658203125
661.2821044921875
914.6090698242188
954.088623046875
419.4700012207031
661.2821044921875
927.7689208984375
945.8637084960938
524.7487182617188
766.5608520507812
912.964111328125
939.2837524414062
840.5849609375
977.1183471679688
904.7391967773438
935.9938354492188
735.3062133789062
766.5608520507812
908.0291748046875
939.2837524414062
630.0274658203125
661.2821044921875
909.6741333007812
944.2186889648438
735.3062133789062
766.5608520507812
911.319091796875
959.0235595703125
735.3062133789062
766.5608520507812
922.833984375
959.0235595703125
735.3062133789062
766.5608520507812
927.7689208984375
945.8637084960938
1156.421142578125
1292.95458984375
929.4138793945312
949.1536865234375
840.5849609375
766.5608520507812
940.9287719726562
954.088623046875
630.0274658203125
661.2821044921875
944.2186889648438
954.088623046875
1261.699951171875
1292.95458984375
937.6387939453125
957.3785400390625
840.5849609375
661.2821044921875
934.3488159179688
950.7986450195312
840.5849609375
661.2821044921875
929.4138793945312
940.9287719726562
840.5849609375
661.2821044921875
924.4789428710938
940.9287719726562
840.5849609375
661.2821044921875
926.1239624023438
944.2186889648438
840.5849609375
661.2821044921875
926.1239624023438
931.0588989257812
1051.1424560546875
871.839599609375
914.6090698242188
940.9287719726562
630.0274658203125
450.724609375
922.833984375
927.7689208984375
840.5849609375
871.839599609375
904.7391967773438
921.18896484375
1051.1424560546875
871.839599609375
891.579345703125
919.5440063476562
630.0274658203125
450.724609375
891.579345703125
906.3841552734375
1051.1424560546875
1082.3970947265625
888.2893676757812
916.2540283203125
840.5849609375
661.2821044921875
896.5142822265625
904.7391967773438
840.5849609375
1082.3970947265625
881.70947265625
903.09423828125
840.5849609375
871.839599609375
878.4194946289062
909.6741333007812
419.4700012207031
450.724609375
878.4194946289062
891.579345703125
1261.699951171875
1292.95458984375
866.9046630859375
891.579345703125
840.5849609375
871.839599609375
873.4845581054688
881.70947265625
1261.699951171875
1682.81494140625
857.0347290039062
893.2243041992188
1051.1424560546875
1051.1424560546875
865.2596435546875
891.579345703125
840.5849609375
1051.1424560546875
870.194580078125
883.3544311523438
1051.1424560546875
1261.699951171875
857.0347290039062
886.6444091796875
630.0274658203125
840.5849609375
860.32470703125
871.839599609375
840.5849609375
1261.699951171875
853.7448120117188
866.9046630859375
840.5849609375
1261.699951171875
847.1648559570312
866.9046630859375
840.5849609375
1261.699951171875
850.454833984375
863.6146850585938
1051.1424560546875
1261.699951171875
840.5849609375
866.9046630859375
630.0274658203125
840.5849609375
837.2949829101562
871.839599609375
630.0274658203125
840.5849609375
838.9400024414062
868.5496215820312
840.5849609375
1051.1424560546875
835.6500244140625
868.5496215820312
840.5849609375
840.5849609375
838.9400024414062
861.9697265625
840.5849609375
840.5849609375
837.2949829101562
860.32470703125
1261.699951171875
1261.699951171875
830.715087890625
871.839599609375
630.0274658203125
630.0274658203125
845.5198974609375
863.6146850585938
1051.1424560546875
1261.699951171875
837.2949829101562
873.4845581054688
1051.1424560546875
1261.699951171875
840.5849609375
875.1295166015625
630.0274658203125
840.5849609375
848.8098754882812
861.9697265625
840.5849609375
1051.1424560546875
843.8749389648438
852.0997924804688
1051.1424560546875
1261.699951171875
837.2949829101562
848.8098754882812
1261.699951171875
1472.2574462890625
832.3600463867188
850.454833984375
840.5849609375
840.5849609375
829.070068359375
858.6797485351562
840.5849609375
840.5849609375
829.070068359375
853.7448120117188
630.0274658203125
630.0274658203125
825.7801513671875
832.3600463867188
840.5849609375
1051.1424560546875
806.0403442382812
815.9102783203125
840.5849609375
1051.1424560546875
786.3005981445312
799.46044921875
1051.1424560546875
1051.1424560546875
763.2708740234375
801.1054077148438
419.4700012207031
419.4700012207031
769.850830078125
787.945556640625
840.5849609375
1051.1424560546875
761.6259155273438
779.720703125
840.5849609375
1051.1424560546875
748.466064453125
792.8805541992188
419.4700012207031
524.7487182617188
761.6259155273438
794.5255126953125
630.0274658203125
840.5849609375
764.9158325195312
792.8805541992188
630.0274658203125
945.8637084960938
766.5608520507812
791.2355346679688
630.0274658203125
735.3062133789062
768.205810546875
789.590576171875
630.0274658203125
735.3062133789062
763.2708740234375
784.6556396484375
630.0274658203125
735.3062133789062
761.6259155273438
792.8805541992188
419.4700012207031
524.7487182617188
774.7857666015625
789.590576171875
630.0274658203125
945.8637084960938
764.9158325195312
786.3005981445312
840.5849609375
1051.1424560546875
763.2708740234375
781.3656616210938
840.5849609375
945.8637084960938
759.9808959960938
759.9808959960938
1051.1424560546875
1051.1424560546875
743.5311279296875
768.205810546875
630.0274658203125
630.0274658203125
753.4010009765625
769.850830078125
630.0274658203125
735.3062133789062
750.1110229492188
771.4957885742188
840.5849609375
945.8637084960938
753.4010009765625
794.5255126953125
840.5849609375
840.5849609375
766.5608520507812
804.3953857421875
630.0274658203125
735.3062133789062
773.1407470703125
807.6853637695312
630.0274658203125
630.0274658203125
776.4307250976562
806.0403442382812
735.3062133789062
735.3062133789062
776.4307250976562
807.6853637695312
735.3062133789062
524.7487182617188
778.07568359375
806.0403442382812
735.3062133789062
419.4700012207031
781.3656616210938
815.9102783203125
630.0274658203125
314.1912536621094
787.945556640625
827.4251098632812
419.4700012207031
208.91250610351562
806.0403442382812
815.9102783203125
1051.1424560546875
1051.1424560546875
796.1704711914062
817.5552368164062
840.5849609375
630.0274658203125
797.8154907226562
824.1351318359375
840.5849609375
735.3062133789062
802.7504272460938
820.84521484375
1156.421142578125
840.5849609375
797.8154907226562
834.0050048828125
840.5849609375
630.0274658203125
806.0403442382812
837.2949829101562
1156.421142578125
945.8637084960938
810.9752807617188
853.7448120117188
419.4700012207031
208.91250610351562
832.3600463867188
847.1648559570312
945.8637084960938
1051.1424560546875
824.1351318359375
857.0347290039062
735.3062133789062
524.7487182617188
834.0050048828125
860.32470703125
774.7857666015625
901.44921875
827.4251098632812
853.7448120117188
1195.9007568359375
1322.564208984375
824.1351318359375
865.2596435546875
564.228271484375
690.8917236328125
840.5849609375
857.0347290039062
985.3432006835938
1112.0067138671875
829.070068359375
865.2596435546875
774.7857666015625
690.8917236328125
842.2299194335938
865.2596435546875
774.7857666015625
690.8917236328125
840.5849609375
857.0347290039062
985.3432006835938
1112.0067138671875
832.3600463867188
870.194580078125
985.3432006835938
1112.0067138671875
830.715087890625
875.1295166015625
985.3432006835938
1112.0067138671875
843.8749389648438
881.70947265625
1195.9007568359375
1322.564208984375
842.2299194335938
899.8042602539062
774.7857666015625
690.8917236328125
866.9046630859375
898.1592407226562
985.3432006835938
1112.0067138671875
868.5496215820312
896.5142822265625
1195.9007568359375
1112.0067138671875
861.9697265625
906.3841552734375
774.7857666015625
690.8917236328125
875.1295166015625
896.5142822265625
774.7857666015625
901.44921875
866.9046630859375
898.1592407226562
774.7857666015625
901.44921875
861.9697265625
889.9343872070312
1195.9007568359375
1112.0067138671875
855.3897705078125
888.2893676757812
1195.9007568359375
1322.564208984375
858.6797485351562
878.4194946289062
1406.458251953125
1533.1217041015625
852.0997924804688
889.9343872070312
774.7857666015625
901.44921875
861.9697265625
894.8693237304688
774.7857666015625
1322.564208984375
865.2596435546875
891.579345703125
1195.9007568359375
1533.1217041015625
863.6146850585938
894.8693237304688
774.7857666015625
1112.0067138671875
868.5496215820312
889.9343872070312
985.3432006835938
1322.564208984375
855.3897705078125
883.3544311523438
985.3432006835938
1322.564208984375
858.6797485351562
884.9994506835938
774.7857666015625
901.44921875
868.5496215820312
884.9994506835938
774.7857666015625
901.44921875
865.2596435546875
886.6444091796875
985.3432006835938
1112.0067138671875
868.5496215820312
889.9343872070312
985.3432006835938
1112.0067138671875
865.2596435546875
903.09423828125
985.3432006835938
1112.0067138671875
880.064453125
899.8042602539062
1195.9007568359375
1322.564208984375
875.1295166015625
906.3841552734375
564.228271484375
480.3342590332031
881.70947265625
899.8042602539062
774.7857666015625
901.44921875
871.839599609375
899.8042602539062
774.7857666015625
690.8917236328125
876.7745361328125
893.2243041992188
880.064453125
480.3342590332031
871.839599609375
894.8693237304688
564.228271484375
0.0
873.4845581054688
884.9994506835938
669.5070190429688
210.55747985839844
865.2596435546875
888.2893676757812
669.5070190429688
210.55747985839844
870.194580078125
886.6444091796875
458.94952392578125
210.55747985839844
870.194580078125
878.4194946289062
985.3432006835938
842.2299194335938
853.7448120117188
886.6444091796875
669.5070190429688
631.6724243164062
871.839599609375
878.4194946289062
880.064453125
842.2299194335938
870.194580078125
894.8693237304688
669.5070190429688
631.6724243164062
883.3544311523438
894.8693237304688
669.5070190429688
631.6724243164062
883.3544311523438
891.579345703125
880.064453125
842.2299194335938
868.5496215820312
896.5142822265625
880.064453125
842.2299194335938
873.4845581054688
908.0291748046875
669.5070190429688
631.6724243164062
881.70947265625
908.0291748046875
669.5070190429688
631.6724243164062
881.70947265625
909.6741333007812
353.6707763671875
421.1149597167969
883.3544311523438
909.6741333007812
564.228271484375
842.2299194335938
886.6444091796875
898.1592407226562
774.7857666015625
1052.7874755859375
875.1295166015625
901.44921875
774.7857666015625
1052.7874755859375
873.4845581054688
916.2540283203125
564.228271484375
842.2299194335938
888.2893676757812
906.3841552734375
564.228271484375
842.2299194335938
884.9994506835938
909.6741333007812
774.7857666015625
842.2299194335938
883.3544311523438
908.0291748046875
774.7857666015625
842.2299194335938
878.4194946289062
908.0291748046875
774.7857666015625
842.2299194335938
878.4194946289062
894.8693237304688
1195.9007568359375
1263.3448486328125
865.2596435546875
898.1592407226562
985.3432006835938
842.2299194335938
866.9046630859375
889.9343872070312
774.7857666015625
842.2299194335938
865.2596435546875
875.1295166015625
985.3432006835938
1052.7874755859375
848.8098754882812
866.9046630859375
985.3432006835938
1052.7874755859375
845.5198974609375
848.8098754882812
1617.015625
1682.81494140625
843.8749389648438
876.7745361328125
774.7857666015625
630.0274658203125
865.2596435546875
871.839599609375
985.3432006835938
1261.699951171875
852.0997924804688
883.3544311523438
564.228271484375
630.0274658203125
861.9697265625
878.4194946289062
564.228271484375
630.0274658203125
855.3897705078125
855.3897705078125
1195.9007568359375
1051.1424560546875
835.6500244140625
858.6797485351562
774.7857666015625
419.4700012207031
847.1648559570312
858.6797485351562
774.7857666015625
419.4700012207031
847.1648559570312
858.6797485351562
985.3432006835938
630.0274658203125
842.2299194335938
855.3897705078125
985.3432006835938
630.0274658203125
845.5198974609375
842.2299194335938
1195.9007568359375
840.5849609375
830.715087890625
843.8749389648438
774.7857666015625
419.4700012207031
827.4251098632812
827.4251098632812
1195.9007568359375
1051.1424560546875
810.9752807617188
835.6500244140625
1195.9007568359375
840.5849609375
817.5552368164062
848.8098754882812
774.7857666015625
630.0274658203125
829.070068359375
835.6500244140625
1195.9007568359375
1261.699951171875
814.2652587890625
832.3600463867188
985.3432006835938
840.5849609375
809.330322265625
830.715087890625
774.7857666015625
840.5849609375
809.330322265625
812.6203002929688
1406.458251953125
1472.2574462890625
787.945556640625
819.2001953125
669.5070190429688
840.5849609375
791.2355346679688
832.3600463867188
669.5070190429688
1051.1424560546875
796.1704711914062
815.9102783203125
985.3432006835938
1261.699951171875
801.1054077148438
801.1054077148438
669.5070190429688
840.5849609375
796.1704711914062
802.7504272460938
774.7857666015625
1051.1424560546875
794.5255126953125
789.590576171875
880.064453125
1051.1424560546875
781.3656616210938
797.8154907226562
774.7857666015625
840.5849609375
776.4307250976562
797.8154907226562
774.7857666015625
1051.1424560546875
771.4957885742188
776.4307250976562
1090.6219482421875
1051.1424560546875
758.3359375
783.0106201171875
458.94952392578125
419.4700012207031
761.6259155273438
773.1407470703125
669.5070190429688
840.5849609375
751.7560424804688
766.5608520507812
880.064453125
1051.1424560546875
748.466064453125
768.205810546875
774.7857666015625
840.5849609375
750.1110229492188
768.205810546875
669.5070190429688
840.5849609375
751.7560424804688
773.1407470703125
669.5070190429688
840.5849609375
753.4010009765625
764.9158325195312
669.5070190429688
840.5849609375
750.1110229492188
753.4010009765625
1090.6219482421875
1472.2574462890625
723.7913208007812
758.3359375
669.5070190429688
840.5849609375
732.0162353515625
738.59619140625
880.064453125
1261.699951171875
713.9214477539062
707.341552734375
880.064453125
1261.699951171875
684.3118286132812
692.5367431640625
669.5070190429688
1261.699951171875
679.3768920898438
669.5070190429688
880.064453125
1472.2574462890625
646.477294921875
643.1873168945312
458.94952392578125
840.5849609375
626.7374877929688
639.8973388671875
458.94952392578125
1051.1424560546875
621.8025512695312
606.9977416992188
880.064453125
1261.699951171875
583.968017578125
595.48291015625
880.064453125
1051.1424560546875
572.4531860351562
597.1278686523438
669.5070190429688
840.5849609375
577.3881225585938
564.228271484375
1090.6219482421875
1261.699951171875
547.7784423828125
569.1632080078125
669.5070190429688
840.5849609375
564.228271484375
559.2933349609375
880.064453125
1051.1424560546875
570.8081665039062
570.8081665039062
880.064453125
1051.1424560546875
572.4531860351562
574.09814453125
880.064453125
1051.1424560546875
572.4531860351562
593.837890625
669.5070190429688
630.0274658203125
590.5479125976562
590.5479125976562
880.064453125
1051.1424560546875
585.6129760742188
613.5776977539062
880.064453125
1051.1424560546875
613.5776977539062
636.607421875
669.5070190429688
1051.1424560546875
638.2523803710938
659.6371459960938
880.064453125
1261.699951171875
653.0571899414062
697.4716796875
458.94952392578125
840.5849609375
694.1817016601562
705.6965942382812
669.5070190429688
1051.1424560546875
708.9865112304688
735.3062133789062
880.064453125
1261.699951171875
736.951171875
746.8211059570312
458.94952392578125
840.5849609375
741.8861083984375
755.0459594726562
880.064453125
1261.699951171875
743.5311279296875
781.3656616210938
669.5070190429688
840.5849609375
781.3656616210938
801.1054077148438
669.5070190429688
840.5849609375
797.8154907226562
814.2652587890625
880.064453125
1051.1424560546875
817.5552368164062
835.6500244140625
669.5070190429688
840.5849609375
837.2949829101562
850.454833984375
669.5070190429688
840.5849609375
837.2949829101562
855.3897705078125
880.064453125
1051.1424560546875
842.2299194335938
875.1295166015625
963.95849609375
983.6982421875
865.2596435546875
894.8693237304688
753.4010009765625
562.583251953125
878.4194946289062
889.9343872070312
963.95849609375
773.1407470703125
883.3544311523438
903.09423828125
963.95849609375
562.583251953125
894.8693237304688
912.964111328125
542.843505859375
352.0257873535156
903.09423828125
908.0291748046875
963.95849609375
983.6982421875
901.44921875
912.964111328125
963.95849609375
983.6982421875
901.44921875
916.2540283203125
542.843505859375
562.583251953125
903.09423828125
912.964111328125
1174.5159912109375
1194.2557373046875
896.5142822265625
927.7689208984375
753.4010009765625
562.583251953125
901.44921875
927.7689208984375
753.4010009765625
562.583251953125
906.3841552734375
939.2837524414062
1174.5159912109375
983.6982421875
921.18896484375
947.5086669921875
753.4010009765625
352.0257873535156
924.4789428710938
940.9287719726562
753.4010009765625
562.583251953125
922.833984375
931.0588989257812
753.4010009765625
562.583251953125
912.964111328125
922.833984375
753.4010009765625
773.1407470703125
914.6090698242188
924.4789428710938
753.4010009765625
773.1407470703125
921.18896484375
924.4789428710938
963.95849609375
1088.9769287109375
901.44921875
931.0588989257812
753.4010009765625
562.583251953125
911.319091796875
929.4138793945312
542.843505859375
457.3045349121094
911.319091796875
911.319091796875
1174.5159912109375
1194.2557373046875
894.8693237304688
911.319091796875
753.4010009765625
562.583251953125
904.7391967773438
906.3841552734375
753.4010009765625
773.1407470703125
891.579345703125
899.8042602539062
963.95849609375
983.6982421875
881.70947265625
894.8693237304688
963.95849609375
878.4194946289062
893.2243041992188
889.9343872070312
753.4010009765625
667.8619995117188
883.3544311523438
886.6444091796875
1174.5159912109375
1299.534423828125
876.7745361328125
888.2893676757812
963.95849609375
878.4194946289062
871.839599609375
891.579345703125
753.4010009765625
773.1407470703125
873.4845581054688
889.9343872070312
753.4010009765625
773.1407470703125
868.5496215820312
876.7745361328125
753.4010009765625
878.4194946289062
860.32470703125
873.4845581054688
963.95849609375
983.6982421875
857.0347290039062
883.3544311523438
753.4010009765625
773.1407470703125
861.9697265625
875.1295166015625
1385.073486328125
1615.3707275390625
847.1648559570312
886.6444091796875
753.4010009765625
1194.2557373046875
861.9697265625
875.1295166015625
963.95849609375
1615.3707275390625
857.0347290039062
889.9343872070312
963.95849609375
1615.3707275390625
866.9046630859375
912.964111328125
121.72854614257812
773.1407470703125
899.8042602539062
894.8693237304688
121.72854614257812
773.1407470703125
866.9046630859375
878.4194946289062
963.95849609375
1615.3707275390625
848.8098754882812
889.9343872070312
753.4010009765625
1194.2557373046875
858.6797485351562
888.2893676757812
753.4010009765625
1194.2557373046875
852.0997924804688
896.5142822265625
1174.5159912109375
1194.2557373046875
852.0997924804688
911.319091796875
542.843505859375
352.0257873535156
860.32470703125
889.9343872070312
1385.073486328125
1194.2557373046875
837.2949829101562
904.7391967773438
963.95849609375
773.1407470703125
866.9046630859375
899.8042602539062
753.4010009765625
773.1407470703125
865.2596435546875
889.9343872070312
753.4010009765625
773.1407470703125
855.3897705078125
889.9343872070312
963.95849609375
1194.2557373046875
858.6797485351562
889.9343872070312
963.95849609375
1404.813232421875
848.8098754882812
903.09423828125
542.843505859375
983.6982421875
870.194580078125
894.8693237304688
753.4010009765625
1404.813232421875
861.9697265625
888.2893676757812
753.4010009765625
1194.2557373046875
853.7448120117188
893.2243041992188
542.843505859375
983.6982421875
852.0997924804688
880.064453125
753.4010009765625
1194.2557373046875
845.5198974609375
891.579345703125
542.843505859375
773.1407470703125
852.0997924804688
881.70947265625
753.4010009765625
1194.2557373046875
834.0050048828125
881.70947265625
1174.5159912109375
1404.813232421875
837.2949829101562
896.5142822265625
963.95849609375
983.6982421875
858.6797485351562
896.5142822265625
963.95849609375
773.1407470703125
853.7448120117188
903.09423828125
753.4010009765625
562.583251953125
868.5496215820312
896.5142822265625
963.95849609375
983.6982421875
863.6146850585938
891.579345703125
753.4010009765625
773.1407470703125
858.6797485351562
891.579345703125
753.4010009765625
773.1407470703125
865.2596435546875
886.6444091796875
753.4010009765625
773.1407470703125
861.9697265625
876.7745361328125
858.6797485351562
983.6982421875
853.7448120117188
875.1295166015625
963.95849609375
983.6982421875
852.0997924804688
871.839599609375
963.95849609375
983.6982421875
847.1648559570312
870.194580078125
1069.2371826171875
1194.2557373046875
842.2299194335938
863.6146850585938
1279.794677734375
1404.813232421875
830.715087890625
875.1295166015625
858.6797485351562
983.6982421875
842.2299194335938
876.7745361328125
1069.2371826171875
1194.2557373046875
845.5198974609375
875.1295166015625
963.95849609375
983.6982421875
847.1648559570312
870.194580078125
963.95849609375
983.6982421875
845.5198974609375
866.9046630859375
1279.794677734375
1194.2557373046875
842.2299194335938
878.4194946289062
542.843505859375
562.583251953125
850.454833984375
875.1295166015625
753.4010009765625
773.1407470703125
850.454833984375
857.0347290039062
963.95849609375
983.6982421875
834.0050048828125
857.0347290039062
753.4010009765625
773.1407470703125
835.6500244140625
853.7448120117188
858.6797485351562
983.6982421875
838.9400024414062
870.194580078125
858.6797485351562
773.1407470703125
845.5198974609375
870.194580078125
648.1222534179688
352.0257873535156
850.454833984375
857.0347290039062
1069.2371826171875
773.1407470703125
834.0050048828125
865.2596435546875
858.6797485351562
141.4683074951172
838.9400024414062
852.0997924804688
1069.2371826171875
562.583251953125
829.070068359375
858.6797485351562
1069.2371826171875
562.583251953125
829.070068359375
866.9046630859375
648.1222534179688
352.0257873535156
845.5198974609375
865.2596435546875
858.6797485351562
562.583251953125
834.0050048828125
875.1295166015625
648.1222534179688
352.0257873535156
842.2299194335938
858.6797485351562
858.6797485351562
773.1407470703125
830.715087890625
855.3897705078125
858.6797485351562
773.1407470703125
834.0050048828125
861.9697265625
648.1222534179688
562.583251953125
830.715087890625
857.0347290039062
1069.2371826171875
983.6982421875
825.7801513671875
865.2596435546875
648.1222534179688
352.0257873535156
825.7801513671875
857.0347290039062
648.1222534179688
562.583251953125
824.1351318359375
850.454833984375
858.6797485351562
773.1407470703125
829.070068359375
855.3897705078125
858.6797485351562
773.1407470703125
832.3600463867188
850.454833984375
648.1222534179688
562.583251953125
825.7801513671875
848.8098754882812
648.1222534179688
562.583251953125
820.84521484375
845.5198974609375
753.4010009765625
562.583251953125
817.5552368164062
853.7448120117188
648.1222534179688
352.0257873535156
820.84521484375
855.3897705078125
753.4010009765625
562.583251953125
824.1351318359375
855.3897705078125
648.1222534179688
352.0257873535156
824.1351318359375
863.6146850585938
437.56475830078125
352.0257873535156
838.9400024414062
850.454833984375
963.95849609375
983.6982421875
822.4901733398438
850.454833984375
963.95849609375
983.6982421875
822.4901733398438
860.32470703125
437.56475830078125
352.0257873535156
837.2949829101562
858.6797485351562
332.2860412597656
352.0257873535156
837.2949829101562
843.8749389648438
1279.794677734375
1194.2557373046875
822.4901733398438
855.3897705078125
753.4010009765625
562.583251953125
835.6500244140625
850.454833984375
1174.5159912109375
1194.2557373046875
824.1351318359375
860.32470703125
858.6797485351562
562.583251953125
838.9400024414062
868.5496215820312
437.56475830078125
352.0257873535156
863.6146850585938
858.6797485351562
437.56475830078125
562.583251953125
845.5198974609375
860.32470703125
437.56475830078125
773.1407470703125
845.5198974609375
868.5496215820312
437.56475830078125
562.583251953125
842.2299194335938
870.194580078125
227.00729370117188
352.0257873535156
843.8749389648438
866.9046630859375
437.56475830078125
562.583251953125
843.8749389648438
873.4845581054688
16.449804306030273
352.0257873535156
853.7448120117188
868.5496215820312
437.56475830078125
773.1407470703125
850.454833984375
870.194580078125
648.1222534179688
773.1407470703125
843.8749389648438
873.4845581054688
648.1222534179688
773.1407470703125
847.1648559570312
871.839599609375
437.56475830078125
352.0257873535156
843.8749389648438
873.4845581054688
437.56475830078125
562.583251953125
840.5849609375
876.7745361328125
437.56475830078125
562.583251953125
850.454833984375
868.5496215820312
858.6797485351562
983.6982421875
842.2299194335938
875.1295166015625
648.1222534179688
562.583251953125
850.454833984375
868.5496215820312
648.1222534179688
562.583251953125
847.1648559570312
873.4845581054688
437.56475830078125
352.0257873535156
848.8098754882812
860.32470703125
1003.43798828125
1158.066162109375
838.9400024414062
868.5496215820312
792.8805541992188
736.951171875
842.2299194335938
878.4194946289062
582.3230590820312
315.8362121582031
852.0997924804688
868.5496215820312
1003.43798828125
736.951171875
840.5849609375
868.5496215820312
792.8805541992188
315.8362121582031
847.1648559570312
865.2596435546875
792.8805541992188
526.3937377929688
842.2299194335938
866.9046630859375
792.8805541992188
526.3937377929688
840.5849609375
876.7745361328125
582.3230590820312
315.8362121582031
852.0997924804688
871.839599609375
1003.43798828125
947.5086669921875
842.2299194335938
871.839599609375
1003.43798828125
736.951171875
847.1648559570312
868.5496215820312
792.8805541992188
736.951171875
847.1648559570312
861.9697265625
1213.9954833984375
1158.066162109375
837.2949829101562
863.6146850585938
1003.43798828125
947.5086669921875
842.2299194335938
857.0347290039062
1213.9954833984375
1368.6236572265625
832.3600463867188
870.194580078125
792.8805541992188
736.951171875
845.5198974609375
861.9697265625
792.8805541992188
736.951171875
838.9400024414062
857.0347290039062
1003.43798828125
947.5086669921875
832.3600463867188
870.194580078125
477.0443115234375
526.3937377929688
847.1648559570312
865.2596435546875
1213.9954833984375
1368.6236572265625
838.9400024414062
878.4194946289062
898.1592407226562
736.951171875
853.7448120117188
871.839599609375
792.8805541992188
736.951171875
852.0997924804688
871.839599609375
898.1592407226562
736.951171875
847.1648559570312
878.4194946289062
477.0443115234375
315.8362121582031
860.32470703125
870.194580078125
1003.43798828125
947.5086669921875
848.8098754882812
875.1295166015625
898.1592407226562
736.951171875
848.8098754882812
880.064453125
792.8805541992188
736.951171875
857.0347290039062
889.9343872070312
792.8805541992188
736.951171875
858.6797485351562
888.2893676757812
792.8805541992188
736.951171875
860.32470703125
886.6444091796875
1108.716796875
947.5086669921875
855.3897705078125
880.064453125
1003.43798828125
736.951171875
858.6797485351562
889.9343872070312
792.8805541992188
526.3937377929688
875.1295166015625
893.2243041992188
687.601806640625
526.3937377929688
871.839599609375
873.4845581054688
898.1592407226562
947.5086669921875
852.0997924804688
883.3544311523438
1003.43798828125
1158.066162109375
852.0997924804688
883.3544311523438
687.601806640625
947.5086669921875
850.454833984375
883.3544311523438
792.8805541992188
947.5086669921875
852.0997924804688
881.70947265625
1003.43798828125
947.5086669921875
843.8749389648438
886.6444091796875
792.8805541992188
736.951171875
845.5198974609375
875.1295166015625
792.8805541992188
736.951171875
835.6500244140625
884.9994506835938
792.8805541992188
526.3937377929688
845.5198974609375
889.9343872070312
371.76556396484375
315.8362121582031
852.0997924804688
883.3544311523438
792.8805541992188
736.951171875
847.1648559570312
891.579345703125
792.8805541992188
736.951171875
853.7448120117188
871.839599609375
898.1592407226562
947.5086669921875
842.2299194335938
871.839599609375
792.8805541992188
736.951171875
852.0997924804688
868.5496215820312
1213.9954833984375
1158.066162109375
838.9400024414062
878.4194946289062
792.8805541992188
526.3937377929688
850.454833984375
878.4194946289062
1108.716796875
1158.066162109375
852.0997924804688
878.4194946289062
898.1592407226562
736.951171875
852.0997924804688
886.6444091796875
582.3230590820312
631.6724243164062
853.7448120117188
891.579345703125
582.3230590820312
631.6724243164062
857.0347290039062
881.70947265625
582.3230590820312
736.951171875
842.2299194335938
880.064453125
477.0443115234375
526.3937377929688
842.2299194335938
870.194580078125
477.0443115234375
526.3937377929688
843.8749389648438
865.2596435546875
371.76556396484375
421.1149597167969
838.9400024414062
865.2596435546875
266.48681640625
421.1149597167969
835.6500244140625
852.0997924804688
1003.43798828125
1263.3448486328125
817.5552368164062
855.3897705078125
1003.43798828125
1052.7874755859375
822.4901733398438
865.2596435546875
582.3230590820312
526.3937377929688
827.4251098632812
863.6146850585938
582.3230590820312
526.3937377929688
829.070068359375
858.6797485351562
582.3230590820312
526.3937377929688
825.7801513671875
850.454833984375
582.3230590820312
526.3937377929688
824.1351318359375
845.5198974609375
582.3230590820312
526.3937377929688
825.7801513671875
835.6500244140625
1108.716796875
1158.066162109375
810.9752807617188
838.9400024414062
898.1592407226562
736.951171875
815.9102783203125
832.3600463867188
950.7986450195312
947.5086669921875
812.6203002929688
830.715087890625
1213.9954833984375
1105.4267578125
807.6853637695312
834.0050048828125
477.0443115234375
368.4755859375
820.84521484375
829.070068359375
898.1592407226562
947.5086669921875
804.3953857421875
837.2949829101562
424.4049377441406
368.4755859375
807.6853637695312
835.6500244140625
529.6836547851562
631.6724243164062
799.46044921875
837.2949829101562
845.5198974609375
842.2299194335938
794.5255126953125
827.4251098632812
792.8805541992188
789.590576171875
797.8154907226562
832.3600463867188
845.5198974609375
789.590576171875
807.6853637695312
822.4901733398438
740.2411499023438
736.951171875
802.7504272460938
822.4901733398438
845.5198974609375
789.590576171875
799.46044921875
834.0050048828125
845.5198974609375
789.590576171875
807.6853637695312
832.3600463867188
740.2411499023438
736.951171875
806.0403442382812
832.3600463867188
740.2411499023438
684.3118286132812
810.9752807617188
830.715087890625
845.5198974609375
842.2299194335938
810.9752807617188
832.3600463867188
845.5198974609375
842.2299194335938
812.6203002929688
825.7801513671875
1056.077392578125
842.2299194335938
807.6853637695312
822.4901733398438
1477.1923828125
1052.7874755859375
802.7504272460938
834.0050048828125
1056.077392578125
631.6724243164062
810.9752807617188
824.1351318359375
1477.1923828125
1263.3448486328125
794.5255126953125
842.2299194335938
1266.6348876953125
631.6724243164062
815.9102783203125
852.0997924804688
1056.077392578125
631.6724243164062
827.4251098632812
837.2949829101562
1266.6348876953125
842.2299194335938
815.9102783203125
845.5198974609375
1056.077392578125
631.6724243164062
827.4251098632812
838.9400024414062
1056.077392578125
842.2299194335938
819.2001953125
835.6500244140625
1056.077392578125
842.2299194335938
812.6203002929688
834.0050048828125
1056.077392578125
842.2299194335938
810.9752807617188
840.5849609375
1056.077392578125
631.6724243164062
812.6203002929688
845.5198974609375
845.5198974609375
421.1149597167969
824.1351318359375
847.1648559570312
845.5198974609375
631.6724243164062
824.1351318359375
850.454833984375
1056.077392578125
842.2299194335938
822.4901733398438
848.8098754882812
845.5198974609375
631.6724243164062
824.1351318359375
847.1648559570312
845.5198974609375
1052.7874755859375
819.2001953125
858.6797485351562
634.96240234375
842.2299194335938
825.7801513671875
857.0347290039062
634.96240234375
842.2299194335938
827.4251098632812
848.8098754882812
1056.077392578125
1263.3448486328125
820.84521484375
852.0997924804688
845.5198974609375
842.2299194335938
825.7801513671875
853.7448120117188
845.5198974609375
1052.7874755859375
829.070068359375
857.0347290039062
845.5198974609375
1052.7874755859375
829.070068359375
852.0997924804688
1056.077392578125
1263.3448486328125
820.84521484375
853.7448120117188
845.5198974609375
1052.7874755859375
820.84521484375
838.9400024414062
1266.6348876953125
1473.90234375
806.0403442382812
853.7448120117188
845.5198974609375
842.2299194335938
822.4901733398438
855.3897705078125
845.5198974609375
842.2299194335938
825.7801513671875
847.1648559570312
845.5198974609375
1052.7874755859375
822.4901733398438
847.1648559570312
845.5198974609375
1052.7874755859375
819.2001953125
853.7448120117188
634.96240234375
631.6724243164062
830.715087890625
852.0997924804688
634.96240234375
631.6724243164062
830.715087890625
863.6146850585938
424.4049377441406
421.1149597167969
843.8749389648438
852.0997924804688
845.5198974609375
1052.7874755859375
832.3600463867188
848.8098754882812
950.7986450195312
1052.7874755859375
824.1351318359375
855.3897705078125
529.6836547851562
631.6724243164062
835.6500244140625
858.6797485351562
634.96240234375
947.5086669921875
840.5849609375
870.194580078125
634.96240234375
947.5086669921875
848.8098754882812
881.70947265625
529.6836547851562
736.951171875
860.32470703125
880.064453125
529.6836547851562
736.951171875
855.3897705078125
876.7745361328125
740.2411499023438
947.5086669921875
848.8098754882812
876.7745361328125
740.2411499023438
842.2299194335938
847.1648559570312
875.1295166015625
634.96240234375
736.951171875
848.8098754882812
876.7745361328125
740.2411499023438
842.2299194335938
848.8098754882812
868.5496215820312
424.4049377441406
421.1149597167969
845.5198974609375
865.2596435546875
740.2411499023438
947.5086669921875
842.2299194335938
873.4845581054688
1056.077392578125
1052.7874755859375
843.8749389648438
886.6444091796875
740.2411499023438
631.6724243164062
855.3897705078125
891.579345703125
820.84521484375
829.070068359375
861.9697265625
894.8693237304688
926.1239624023438
1039.6275634765625
863.6146850585938
881.70947265625
1031.4027099609375
1039.6275634765625
857.0347290039062
884.9994506835938
1031.4027099609375
934.3488159179688
855.3897705078125
888.2893676757812
610.2877197265625
513.23388671875
865.2596435546875
886.6444091796875
926.1239624023438
934.3488159179688
861.9697265625
889.9343872070312
715.5664672851562
618.5126342773438
868.5496215820312
883.3544311523438
715.5664672851562
829.070068359375
865.2596435546875
875.1295166015625
1347.2388916015625
1460.7425537109375
847.1648559570312
880.064453125
1136.681396484375
934.3488159179688
853.7448120117188
883.3544311523438
820.84521484375
723.7913208007812
858.6797485351562
886.6444091796875
820.84521484375
723.7913208007812
858.6797485351562
886.6444091796875
715.5664672851562
618.5126342773438
861.9697265625
881.70947265625
1136.681396484375
1144.9063720703125
853.7448120117188
888.2893676757812
1136.681396484375
1039.6275634765625
860.32470703125
893.2243041992188
715.5664672851562
513.23388671875
866.9046630859375
886.6444091796875
715.5664672851562
618.5126342773438
860.32470703125
891.579345703125
820.84521484375
1039.6275634765625
858.6797485351562
888.2893676757812
926.1239624023438
1039.6275634765625
863.6146850585938
891.579345703125
715.5664672851562
829.070068359375
875.1295166015625
894.8693237304688
715.5664672851562
829.070068359375
873.4845581054688
901.44921875
505.00897216796875
829.070068359375
883.3544311523438
893.2243041992188
926.1239624023438
1250.18505859375
871.839599609375
896.5142822265625
820.84521484375
1039.6275634765625
875.1295166015625
891.579345703125
820.84521484375
1039.6275634765625
876.7745361328125
881.70947265625
1031.4027099609375
1039.6275634765625
865.2596435546875
894.8693237304688
505.00897216796875
618.5126342773438
880.064453125
891.579345703125
820.84521484375
829.070068359375
870.194580078125
894.8693237304688
610.2877197265625
618.5126342773438
873.4845581054688
888.2893676757812
926.1239624023438
1039.6275634765625
865.2596435546875
886.6444091796875
926.1239624023438
1039.6275634765625
863.6146850585938
888.2893676757812
1031.4027099609375
1039.6275634765625
863.6146850585938
896.5142822265625
505.00897216796875
407.95513916015625
870.194580078125
883.3544311523438
715.5664672851562
618.5126342773438
855.3897705078125
878.4194946289062
926.1239624023438
407.95513916015625
850.454833984375
868.5496215820312
1136.681396484375
407.95513916015625
855.3897705078125
866.9046630859375
1557.79638671875
618.5126342773438
845.5198974609375
873.4845581054688
926.1239624023438
0.0
855.3897705078125
861.9697265625
1136.681396484375
421.1149597167969
842.2299194335938
873.4845581054688
926.1239624023438
210.55747985839844
853.7448120117188
866.9046630859375
926.1239624023438
421.1149597167969
843.8749389648438
861.9697265625
1136.681396484375
631.6724243164062
832.3600463867188
858.6797485351562
715.5664672851562
210.55747985839844
840.5849609375
847.1648559570312
926.1239624023438
631.6724243164062
829.070068359375
850.454833984375
926.1239624023438
421.1149597167969
835.6500244140625
847.1648559570312
715.5664672851562
421.1149597167969
835.6500244140625
847.1648559570312
926.1239624023438
842.2299194335938
824.1351318359375
840.5849609375
926.1239624023438
842.2299194335938
817.5552368164062
840.5849609375
715.5664672851562
631.6724243164062
817.5552368164062
840.5849609375
926.1239624023438
947.5086669921875
820.84521484375
829.070068359375
926.1239624023438
947.5086669921875
812.6203002929688
837.2949829101562
1031.4027099609375
947.5086669921875
819.2001953125
843.8749389648438
820.84521484375
736.951171875
827.4251098632812
840.5849609375
926.1239624023438
842.2299194335938
824.1351318359375
850.454833984375
505.00897216796875
421.1149597167969
834.0050048828125
835.6500244140625
926.1239624023438
1052.7874755859375
822.4901733398438
837.2949829101562
1241.960205078125
1158.066162109375
822.4901733398438
843.8749389648438
820.84521484375
631.6724243164062
824.1351318359375
847.1648559570312
715.5664672851562
631.6724243164062
829.070068359375
847.1648559570312
610.2877197265625
631.6724243164062
835.6500244140625
840.5849609375
820.84521484375
947.5086669921875
827.4251098632812
842.2299194335938
926.1239624023438
1052.7874755859375
817.5552368164062
840.5849609375
926.1239624023438
947.5086669921875
817.5552368164062
843.8749389648438
715.5664672851562
736.951171875
819.2001953125
837.2949829101562
715.5664672851562
842.2299194335938
815.9102783203125
830.715087890625
926.1239624023438
1263.3448486328125
810.9752807617188
835.6500244140625
715.5664672851562
842.2299194335938
815.9102783203125
837.2949829101562
715.5664672851562
1052.7874755859375
809.330322265625
840.5849609375
715.5664672851562
1052.7874755859375
810.9752807617188
840.5849609375
926.1239624023438
1263.3448486328125
812.6203002929688
848.8098754882812
926.1239624023438
1052.7874755859375
817.5552368164062
840.5849609375
926.1239624023438
1052.7874755859375
819.2001953125
848.8098754882812
715.5664672851562
842.2299194335938
832.3600463867188
835.6500244140625
926.1239624023438
1263.3448486328125
820.84521484375
830.715087890625
1136.681396484375
1263.3448486328125
812.6203002929688
827.4251098632812
715.5664672851562
842.2299194335938
812.6203002929688
815.9102783203125
1136.681396484375
1263.3448486328125
797.8154907226562
824.1351318359375
715.5664672851562
631.6724243164062
810.9752807617188
824.1351318359375
926.1239624023438
1052.7874755859375
807.6853637695312
834.0050048828125
926.1239624023438
842.2299194335938
810.9752807617188
832.3600463867188
926.1239624023438
1052.7874755859375
810.9752807617188
834.0050048828125
820.84521484375
736.951171875
814.2652587890625
832.3600463867188
873.4845581054688
631.6724243164062
815.9102783203125
835.6500244140625
926.1239624023438
631.6724243164062
820.84521484375
835.6500244140625
873.4845581054688
631.6724243164062
815.9102783203125
829.070068359375
926.1239624023438
736.951171875
809.330322265625
837.2949829101562
873.4845581054688
631.6724243164062
819.2001953125
840.5849609375
557.6483154296875
421.1149597167969
822.4901733398438
840.5849609375
768.205810546875
736.951171875
819.2001953125
840.5849609375
978.7633056640625
947.5086669921875
815.9102783203125
843.8749389648438
926.1239624023438
736.951171875
819.2001953125
850.454833984375
820.84521484375
631.6724243164062
824.1351318359375
853.7448120117188
873.4845581054688
842.2299194335938
827.4251098632812
855.3897705078125
978.7633056640625
842.2299194335938
825.7801513671875
858.6797485351562
926.1239624023438
842.2299194335938
827.4251098632812
861.9697265625
978.7633056640625
842.2299194335938
832.3600463867188
870.194580078125
715.5664672851562
631.6724243164062
840.5849609375
871.839599609375
505.00897216796875
421.1149597167969
847.1648559570312
873.4845581054688
505.00897216796875
421.1149597167969
847.1648559570312
861.9697265625
715.5664672851562
631.6724243164062
840.5849609375
847.1648559570312
1136.681396484375
1158.066162109375
822.4901733398438
855.3897705078125
926.1239624023438
631.6724243164062
832.3600463867188
860.32470703125
715.5664672851562
526.3937377929688
835.6500244140625
861.9697265625
926.1239624023438
736.951171875
834.0050048828125
868.5496215820312
926.1239624023438
736.951171875
840.5849609375
858.6797485351562
1136.681396484375
1052.7874755859375
827.4251098632812
865.2596435546875
1136.681396484375
736.951171875
832.3600463867188
871.839599609375
926.1239624023438
631.6724243164062
842.2299194335938
873.4845581054688
926.1239624023438
631.6724243164062
845.5198974609375
863.6146850585938
1136.681396484375
1158.066162109375
838.9400024414062
868.5496215820312
926.1239624023438
736.951171875
842.2299194335938
868.5496215820312
715.5664672851562
631.6724243164062
843.8749389648438
866.9046630859375
715.5664672851562
631.6724243164062
838.9400024414062
857.0347290039062
926.1239624023438
947.5086669921875
829.070068359375
863.6146850585938
820.84521484375
736.951171875
834.0050048828125
861.9697265625
715.5664672851562
736.951171875
838.9400024414062
871.839599609375
505.00897216796875
315.8362121582031
847.1648559570312
886.6444091796875
83.89399719238281
105.27873992919922
860.32470703125
871.839599609375
715.5664672851562
947.5086669921875
845.5198974609375
881.70947265625
505.00897216796875
421.1149597167969
853.7448120117188
880.064453125
399.730224609375
526.3937377929688
860.32470703125
871.839599609375
820.84521484375
947.5086669921875
852.0997924804688
871.839599609375
820.84521484375
947.5086669921875
850.454833984375
866.9046630859375
715.5664672851562
842.2299194335938
842.2299194335938
870.194580078125
715.5664672851562
736.951171875
848.8098754882812
878.4194946289062
505.00897216796875
526.3937377929688
853.7448120117188
881.70947265625
610.2877197265625
736.951171875
852.0997924804688
876.7745361328125
715.5664672851562
736.951171875
847.1648559570312
861.9697265625
715.5664672851562
736.951171875
835.6500244140625
860.32470703125
786.3005981445312
802.7504272460938
835.6500244140625
860.32470703125
996.8580932617188
592.1929321289062
838.9400024414062
863.6146850585938
1207.41552734375
592.1929321289062
843.8749389648438
868.5496215820312
1207.41552734375
592.1929321289062
845.5198974609375
875.1295166015625
786.3005981445312
171.0779571533203
852.0997924804688
865.2596435546875
786.3005981445312
381.63543701171875
845.5198974609375
876.7745361328125
575.7431030273438
171.0779571533203
860.32470703125
876.7745361328125
575.7431030273438
171.0779571533203
860.32470703125
865.2596435546875
1207.41552734375
1013.307861328125
847.1648559570312
875.1295166015625
996.8580932617188
381.63543701171875
848.8098754882812
876.7745361328125
786.3005981445312
381.63543701171875
850.454833984375
876.7745361328125
786.3005981445312
381.63543701171875
855.3897705078125
875.1295166015625
575.7431030273438
171.0779571533203
857.0347290039062
868.5496215820312
996.8580932617188
802.7504272460938
850.454833984375
861.9697265625
996.8580932617188
802.7504272460938
845.5198974609375
876.7745361328125
575.7431030273438
381.63543701171875
855.3897705078125
873.4845581054688
786.3005981445312
802.7504272460938
852.0997924804688
868.5496215820312
1207.41552734375
1013.307861328125
845.5198974609375
881.70947265625
996.8580932617188
1013.307861328125
857.0347290039062
878.4194946289062
996.8580932617188
1013.307861328125
857.0347290039062
883.3544311523438
996.8580932617188
1013.307861328125
865.2596435546875
878.4194946289062
1207.41552734375
1223.8653564453125
858.6797485351562
873.4845581054688
996.8580932617188
1013.307861328125
843.8749389648438
865.2596435546875
996.8580932617188
1013.307861328125
842.2299194335938
868.5496215820312
786.3005981445312
802.7504272460938
842.2299194335938
857.0347290039062
786.3005981445312
1013.307861328125
837.2949829101562
853.7448120117188
996.8580932617188
1223.8653564453125
832.3600463867188
853.7448120117188
786.3005981445312
802.7504272460938
834.0050048828125
848.8098754882812
996.8580932617188
1223.8653564453125
822.4901733398438
858.6797485351562
786.3005981445312
802.7504272460938
827.4251098632812
857.0347290039062
996.8580932617188
1013.307861328125
829.070068359375
860.32470703125
786.3005981445312
592.1929321289062
835.6500244140625
847.1648559570312
786.3005981445312
1013.307861328125
822.4901733398438
840.5849609375
786.3005981445312
802.7504272460938
824.1351318359375
843.8749389648438
575.7431030273438
592.1929321289062
819.2001953125
835.6500244140625
1102.1368408203125
1223.8653564453125
812.6203002929688
842.2299194335938
575.7431030273438
381.63543701171875
824.1351318359375
848.8098754882812
786.3005981445312
802.7504272460938
824.1351318359375
860.32470703125
786.3005981445312
592.1929321289062
832.3600463867188
861.9697265625
786.3005981445312
592.1929321289062
842.2299194335938
860.32470703125
1207.41552734375
1013.307861328125
845.5198974609375
855.3897705078125
786.3005981445312
381.63543701171875
845.5198974609375
853.7448120117188
996.8580932617188
802.7504272460938
835.6500244140625
848.8098754882812
996.8580932617188
802.7504272460938
825.7801513671875
850.454833984375
681.0218505859375
592.1929321289062
829.070068359375
852.0997924804688
681.0218505859375
592.1929321289062
838.9400024414062
857.0347290039062
681.0218505859375
592.1929321289062
843.8749389648438
857.0347290039062
1102.1368408203125
1013.307861328125
843.8749389648438
858.6797485351562
1102.1368408203125
1013.307861328125
842.2299194335938
852.0997924804688
996.8580932617188
1013.307861328125
837.2949829101562
860.32470703125
575.7431030273438
592.1929321289062
842.2299194335938
860.32470703125
470.4643859863281
592.1929321289062
842.2299194335938
853.7448120117188
891.579345703125
1013.307861328125
832.3600463867188
860.32470703125
786.3005981445312
802.7504272460938
837.2949829101562
858.6797485351562
786.3005981445312
802.7504272460938
840.5849609375
852.0997924804688
1102.1368408203125
1013.307861328125
832.3600463867188
858.6797485351562
681.0218505859375
592.1929321289062
840.5849609375
845.5198974609375
1207.41552734375
1223.8653564453125
830.715087890625
845.5198974609375
681.0218505859375
592.1929321289062
825.7801513671875
843.8749389648438
681.0218505859375
802.7504272460938
822.4901733398438
845.5198974609375
786.3005981445312
802.7504272460938
822.4901733398438
843.8749389648438
996.8580932617188
1013.307861328125
819.2001953125
850.454833984375
681.0218505859375
592.1929321289062
830.715087890625
842.2299194335938
681.0218505859375
592.1929321289062
827.4251098632812
845.5198974609375
575.7431030273438
592.1929321289062
832.3600463867188
842.2299194335938
786.3005981445312
802.7504272460938
825.7801513671875
845.5198974609375
786.3005981445312
802.7504272460938
827.4251098632812
848.8098754882812
575.7431030273438
592.1929321289062
829.070068359375
852.0997924804688
365.1856384277344
381.63543701171875
837.2949829101562
842.2299194335938
575.7431030273438
802.7504272460938
827.4251098632812
835.6500244140625
996.8580932617188
1223.8653564453125
819.2001953125
845.5198974609375
575.7431030273438
592.1929321289062
832.3600463867188
838.9400024414062
575.7431030273438
802.7504272460938
830.715087890625
837.2949829101562
575.7431030273438
802.7504272460938
827.4251098632812
840.5849609375
575.7431030273438
802.7504272460938
825.7801513671875
827.4251098632812
1417.9730224609375
1434.4228515625
806.0403442382812
850.454833984375
575.7431030273438
381.63543701171875
830.715087890625
848.8098754882812
575.7431030273438
592.1929321289062
834.0050048828125
843.8749389648438
786.3005981445312
802.7504272460938
824.1351318359375
837.2949829101562
786.3005981445312
802.7504272460938
817.5552368164062
855.3897705078125
786.3005981445312
592.1929321289062
825.7801513671875
855.3897705078125
681.0218505859375
697.4716796875
827.4251098632812
848.8098754882812
575.7431030273438
697.4716796875
825.7801513671875
843.8749389648438
786.3005981445312
908.0291748046875
812.6203002929688
843.8749389648438
681.0218505859375
697.4716796875
819.2001953125
847.1648559570312
681.0218505859375
697.4716796875
822.4901733398438
850.454833984375
575.7431030273438
592.1929321289062
829.070068359375
845.5198974609375
575.7431030273438
592.1929321289062
824.1351318359375
838.9400024414062
1102.1368408203125
1118.586669921875
814.2652587890625
850.454833984375
681.0218505859375
592.1929321289062
820.84521484375
832.3600463867188
891.579345703125
1013.307861328125
806.0403442382812
843.8749389648438
681.0218505859375
592.1929321289062
820.84521484375
842.2299194335938
681.0218505859375
697.4716796875
814.2652587890625
845.5198974609375
786.3005981445312
802.7504272460938
815.9102783203125
847.1648559570312
786.3005981445312
802.7504272460938
814.2652587890625
843.8749389648438
681.0218505859375
592.1929321289062
812.6203002929688
847.1648559570312
681.0218505859375
592.1929321289062
817.5552368164062
853.7448120117188
470.4643859863281
592.1929321289062
829.070068359375
855.3897705078125
575.7431030273438
908.0291748046875
827.4251098632812
843.8749389648438
681.0218505859375
1013.307861328125
820.84521484375
837.2949829101562
786.3005981445312
1013.307861328125
814.2652587890625
842.2299194335938
575.7431030273438
697.4716796875
814.2652587890625
843.8749389648438
575.7431030273438
697.4716796875
817.5552368164062
843.8749389648438
891.579345703125
1118.586669921875
814.2652587890625
847.1648559570312
891.579345703125
1013.307861328125
814.2652587890625
852.0997924804688
786.3005981445312
802.7504272460938
820.84521484375
848.8098754882812
891.579345703125
1118.586669921875
825.7801513671875
852.0997924804688
891.579345703125
908.0291748046875
832.3600463867188
858.6797485351562
891.579345703125
908.0291748046875
838.9400024414062
853.7448120117188
996.8580932617188
908.0291748046875
834.0050048828125
853.7448120117188
681.0218505859375
697.4716796875
832.3600463867188
848.8098754882812
891.579345703125
908.0291748046875
827.4251098632812
848.8098754882812
996.8580932617188
1013.307861328125
827.4251098632812
857.0347290039062
996.8580932617188
592.1929321289062
835.6500244140625
853.7448120117188
1102.1368408203125
592.1929321289062
834.0050048828125
853.7448120117188
1102.1368408203125
592.1929321289062
825.7801513671875
853.7448120117188
575.7431030273438
171.0779571533203
834.0050048828125
847.1648559570312
1102.1368408203125
1013.307861328125
825.7801513671875
855.3897705078125
786.3005981445312
381.63543701171875
832.3600463867188
850.454833984375
786.3005981445312
381.63543701171875
832.3600463867188
848.8098754882812
891.579345703125
592.1929321289062
824.1351318359375
847.1648559570312
891.579345703125
592.1929321289062
822.4901733398438
853.7448120117188
575.7431030273438
381.63543701171875
832.3600463867188
843.8749389648438
1102.1368408203125
1013.307861328125
822.4901733398438
857.0347290039062
891.579345703125
592.1929321289062
832.3600463867188
857.0347290039062
575.7431030273438
381.63543701171875
835.6500244140625
855.3897705078125
996.8580932617188
802.7504272460938
834.0050048828125
858.6797485351562
996.8580932617188
802.7504272460938
834.0050048828125
857.0347290039062
786.3005981445312
592.1929321289062
830.715087890625
852.0997924804688
704.0515747070312
656.34716796875
825.7801513671875
848.8098754882812
493.4941101074219
866.9046630859375
825.7801513671875
847.1648559570312
704.0515747070312
1077.462158203125
824.1351318359375
855.3897705078125
493.4941101074219
866.9046630859375
835.6500244140625
857.0347290039062
493.4941101074219
866.9046630859375
834.0050048828125
865.2596435546875
282.9366149902344
656.34716796875
843.8749389648438
860.32470703125
282.9366149902344
866.9046630859375
838.9400024414062
852.0997924804688
914.6090698242188
1498.5771484375
830.715087890625
857.0347290039062
704.0515747070312
1077.462158203125
835.6500244140625
860.32470703125
493.4941101074219
866.9046630859375
838.9400024414062
861.9697265625
493.4941101074219
1077.462158203125
834.0050048828125
870.194580078125
282.9366149902344
866.9046630859375
840.5849609375
863.6146850585938
493.4941101074219
1077.462158203125
835.6500244140625
852.0997924804688
704.0515747070312
1077.462158203125
827.4251098632812
855.3897705078125
493.4941101074219
656.34716796875
837.2949829101562
853.7448120117188
493.4941101074219
656.34716796875
835.6500244140625
855.3897705078125
704.0515747070312
866.9046630859375
834.0050048828125
852.0997924804688
1125.16650390625
1288.0196533203125
824.1351318359375
858.6797485351562
809.330322265625
761.6259155273438
832.3600463867188
861.9697265625
809.330322265625
761.6259155273438
837.2949829101562
855.3897705078125
809.330322265625
866.9046630859375
834.0050048828125
843.8749389648438
914.6090698242188
972.1834106445312
819.2001953125
847.1648559570312
809.330322265625
866.9046630859375
827.4251098632812
848.8098754882812
809.330322265625
972.1834106445312
829.070068359375
852.0997924804688
809.330322265625
972.1834106445312
830.715087890625
855.3897705078125
914.6090698242188
1077.462158203125
832.3600463867188
848.8098754882812
1019.8878173828125
1182.7408447265625
822.4901733398438
850.454833984375
704.0515747070312
551.0684204101562
827.4251098632812
853.7448120117188
493.4941101074219
551.0684204101562
838.9400024414062
845.5198974609375
914.6090698242188
1077.462158203125
829.070068359375
858.6797485351562
493.4941101074219
445.7896728515625
834.0050048828125
847.1648559570312
1019.8878173828125
1182.7408447265625
822.4901733398438
861.9697265625
493.4941101074219
340.51092529296875
830.715087890625
848.8098754882812
809.330322265625
1077.462158203125
820.84521484375
840.5849609375
1125.16650390625
1288.0196533203125
819.2001953125
850.454833984375
809.330322265625
972.1834106445312
825.7801513671875
843.8749389648438
809.330322265625
972.1834106445312
822.4901733398438
847.1648559570312
704.0515747070312
972.1834106445312
825.7801513671875
847.1648559570312
704.0515747070312
972.1834106445312
822.4901733398438
840.5849609375
704.0515747070312
972.1834106445312
820.84521484375
835.6500244140625
1125.16650390625
1393.29833984375
810.9752807617188
843.8749389648438
914.6090698242188
1182.7408447265625
819.2001953125
847.1648559570312
1125.16650390625
1393.29833984375
815.9102783203125
857.0347290039062
809.330322265625
866.9046630859375
825.7801513671875
850.454833984375
809.330322265625
866.9046630859375
827.4251098632812
837.2949829101562
1019.8878173828125
1182.7408447265625
822.4901733398438
843.8749389648438
914.6090698242188
866.9046630859375
827.4251098632812
837.2949829101562
914.6090698242188
972.1834106445312
822.4901733398438
840.5849609375
1019.8878173828125
972.1834106445312
825.7801513671875
845.5198974609375
388.2153625488281
761.6259155273438
829.070068359375
829.070068359375
809.330322265625
1393.29833984375
812.6203002929688
840.5849609375
598.7728271484375
972.1834106445312
829.070068359375
842.2299194335938
598.7728271484375
1182.7408447265625
820.84521484375
840.5849609375
809.330322265625
1182.7408447265625
820.84521484375
843.8749389648438
598.7728271484375
972.1834106445312
829.070068359375
843.8749389648438
598.7728271484375
972.1834106445312
822.4901733398438
843.8749389648438
598.7728271484375
761.6259155273438
827.4251098632812
852.0997924804688
598.7728271484375
761.6259155273438
829.070068359375
847.1648559570312
1019.8878173828125
1182.7408447265625
827.4251098632812
847.1648559570312
598.7728271484375
761.6259155273438
832.3600463867188
842.2299194335938
809.330322265625
1182.7408447265625
822.4901733398438
843.8749389648438
598.7728271484375
761.6259155273438
829.070068359375
842.2299194335938
598.7728271484375
761.6259155273438
827.4251098632812
843.8749389648438
809.330322265625
972.1834106445312
829.070068359375
835.6500244140625
809.330322265625
972.1834106445312
820.84521484375
842.2299194335938
914.6090698242188
761.6259155273438
827.4251098632812
848.8098754882812
914.6090698242188
761.6259155273438
827.4251098632812
855.3897705078125
1019.8878173828125
972.1834106445312
830.715087890625
855.3897705078125
914.6090698242188
761.6259155273438
834.0050048828125
858.6797485351562
914.6090698242188
761.6259155273438
834.0050048828125
857.0347290039062
1019.8878173828125
761.6259155273438
835.6500244140625
863.6146850585938
598.7728271484375
340.51092529296875
843.8749389648438
850.454833984375
1230.4453125
1182.7408447265625
830.715087890625
855.3897705078125
1019.8878173828125
761.6259155273438
834.0050048828125
852.0997924804688
809.330322265625
761.6259155273438
834.0050048828125
847.1648559570312
1125.16650390625
1182.7408447265625
825.7801513671875
858.6797485351562
809.330322265625
761.6259155273438
835.6500244140625
857.0347290039062
809.330322265625
866.9046630859375
834.0050048828125
861.9697265625
914.6090698242188
972.1834106445312
837.2949829101562
868.5496215820312
704.0515747070312
656.34716796875
842.2299194335938
865.2596435546875
704.0515747070312
656.34716796875
843.8749389648438
866.9046630859375
809.330322265625
866.9046630859375
845.5198974609375
865.2596435546875
704.0515747070312
866.9046630859375
843.8749389648438
857.0347290039062
704.0515747070312
866.9046630859375
835.6500244140625
858.6797485351562
704.0515747070312
866.9046630859375
835.6500244140625
853.7448120117188
704.0515747070312
866.9046630859375
827.4251098632812
866.9046630859375
388.2153625488281
551.0684204101562
840.5849609375
857.0347290039062
1019.8878173828125
1393.29833984375
834.0050048828125
857.0347290039062
1019.8878173828125
1288.0196533203125
838.9400024414062
870.194580078125
704.0515747070312
866.9046630859375
853.7448120117188
871.839599609375
493.4941101074219
551.0684204101562
860.32470703125
873.4845581054688
493.4941101074219
551.0684204101562
858.6797485351562
865.2596435546875
1019.8878173828125
1182.7408447265625
842.2299194335938
873.4845581054688
704.0515747070312
656.34716796875
858.6797485351562
866.9046630859375
704.0515747070312
761.6259155273438
853.7448120117188
860.32470703125
1125.16650390625
1288.0196533203125
845.5198974609375
870.194580078125
598.7728271484375
445.7896728515625
855.3897705078125
860.32470703125
1019.8878173828125
866.9046630859375
835.6500244140625
865.2596435546875
1019.8878173828125
866.9046630859375
842.2299194335938
866.9046630859375
598.7728271484375
235.23219299316406
852.0997924804688
848.8098754882812
1019.8878173828125
866.9046630859375
832.3600463867188
855.3897705078125
1019.8878173828125
656.34716796875
835.6500244140625
866.9046630859375
809.330322265625
445.7896728515625
848.8098754882812
865.2596435546875
1019.8878173828125
656.34716796875
848.8098754882812
865.2596435546875
809.330322265625
445.7896728515625
850.454833984375
860.32470703125
809.330322265625
656.34716796875
847.1648559570312
866.9046630859375
809.330322265625
656.34716796875
847.1648559570312
870.194580078125
598.7728271484375
445.7896728515625
852.0997924804688
861.9697265625
1019.8878173828125
866.9046630859375
842.2299194335938
871.839599609375
598.7728271484375
445.7896728515625
850.454833984375
863.6146850585938
809.330322265625
1077.462158203125
838.9400024414062
875.1295166015625
598.7728271484375
656.34716796875
847.1648559570312
883.3544311523438
388.2153625488281
445.7896728515625
858.6797485351562
875.1295166015625
704.0515747070312
866.9046630859375
852.0997924804688
876.7745361328125
388.2153625488281
340.51092529296875
855.3897705078125
875.1295166015625
388.2153625488281
551.0684204101562
857.0347290039062
878.4194946289062
493.4941101074219
656.34716796875
858.6797485351562
880.064453125
493.4941101074219
656.34716796875
857.0347290039062
883.3544311523438
704.0515747070312
866.9046630859375
861.9697265625
884.9994506835938
704.0515747070312
866.9046630859375
858.6797485351562
883.3544311523438
704.0515747070312
866.9046630859375
857.0347290039062
881.70947265625
704.0515747070312
866.9046630859375
855.3897705078125
886.6444091796875
704.0515747070312
866.9046630859375
857.0347290039062
876.7745361328125
914.6090698242188
972.1834106445312
847.1648559570312
880.064453125
493.4941101074219
340.51092529296875
853.7448120117188
875.1295166015625
598.7728271484375
656.34716796875
853.7448120117188
861.9697265625
809.330322265625
972.1834106445312
838.9400024414062
870.194580078125
704.0515747070312
656.34716796875
850.454833984375
873.4845581054688
704.0515747070312
656.34716796875
850.454833984375
866.9046630859375
829.070068359375
866.9046630859375
845.5198974609375
870.194580078125
1039.6275634765625
1077.462158203125
843.8749389648438
876.7745361328125
829.070068359375
866.9046630859375
852.0997924804688
868.5496215820312
1039.6275634765625
1288.0196533203125
850.454833984375
873.4845581054688
829.070068359375
866.9046630859375
850.454833984375
866.9046630859375
723.7913208007812
866.9046630859375
847.1648559570312
857.0347290039062
1355.4637451171875
1498.5771484375
832.3600463867188
880.064453125
723.7913208007812
656.34716796875
855.3897705078125
873.4845581054688
829.070068359375
866.9046630859375
855.3897705078125
866.9046630859375
1250.18505859375
1288.0196533203125
842.2299194335938
870.194580078125
829.070068359375
656.34716796875
845.5198974609375
863.6146850585938
1039.6275634765625
1077.462158203125
837.2949829101562
871.839599609375
1144.9063720703125
1077.462158203125
842.2299194335938
876.7745361328125
618.5126342773438
445.7896728515625
850.454833984375
870.194580078125
934.3488159179688
866.9046630859375
840.5849609375
861.9697265625
934.3488159179688
866.9046630859375
834.0050048828125
861.9697265625
934.3488159179688
866.9046630859375
837.2949829101562
866.9046630859375
934.3488159179688
656.34716796875
840.5849609375
865.2596435546875
1039.6275634765625
761.6259155273438
834.0050048828125
865.2596435546875
1039.6275634765625
761.6259155273438
834.0050048828125
868.5496215820312
934.3488159179688
656.34716796875
840.5849609375
861.9697265625
934.3488159179688
761.6259155273438
838.9400024414062
863.6146850585938
934.3488159179688
656.34716796875
838.9400024414062
868.5496215820312
618.5126342773438
445.7896728515625
848.8098754882812
852.0997924804688
1144.9063720703125
1182.7408447265625
830.715087890625
855.3897705078125
1144.9063720703125
1077.462158203125
834.0050048828125
863.6146850585938
1144.9063720703125
972.1834106445312
838.9400024414062
870.194580078125
723.7913208007812
445.7896728515625
847.1648559570312
866.9046630859375
829.070068359375
866.9046630859375
842.2299194335938
866.9046630859375
934.3488159179688
866.9046630859375
838.9400024414062
858.6797485351562
934.3488159179688
866.9046630859375
838.9400024414062
860.32470703125
1039.6275634765625
866.9046630859375
837.2949829101562
868.5496215820312
618.5126342773438
445.7896728515625
847.1648559570312
868.5496215820312
934.3488159179688
1077.462158203125
848.8098754882812
863.6146850585938
1144.9063720703125
1077.462158203125
845.5198974609375
868.5496215820312
934.3488159179688
866.9046630859375
845.5198974609375
863.6146850585938
1039.6275634765625
866.9046630859375
842.2299194335938
875.1295166015625
829.070068359375
656.34716796875
850.454833984375
868.5496215820312
829.070068359375
656.34716796875
838.9400024414062
850.454833984375
1250.18505859375
1077.462158203125
819.2001953125
857.0347290039062
723.7913208007812
235.23219299316406
832.3600463867188
847.1648559570312
1039.6275634765625
866.9046630859375
822.4901733398438
852.0997924804688
1039.6275634765625
866.9046630859375
824.1351318359375
847.1648559570312
934.3488159179688
866.9046630859375
820.84521484375
845.5198974609375
1144.9063720703125
866.9046630859375
815.9102783203125
863.6146850585938
513.23388671875
235.23219299316406
837.2949829101562
858.6797485351562
618.5126342773438
656.34716796875
834.0050048828125
848.8098754882812
829.070068359375
656.34716796875
825.7801513671875
855.3897705078125
513.23388671875
445.7896728515625
832.3600463867188
842.2299194335938
1355.4637451171875
1288.0196533203125
820.84521484375
850.454833984375
1355.4637451171875
866.9046630859375
829.070068359375
853.7448120117188
1144.9063720703125
866.9046630859375
835.6500244140625
843.8749389648438
1355.4637451171875
1288.0196533203125
825.7801513671875
853.7448120117188
1144.9063720703125
866.9046630859375
830.715087890625
855.3897705078125
1144.9063720703125
866.9046630859375
834.0050048828125
848.8098754882812
1144.9063720703125
866.9046630859375
830.715087890625
855.3897705078125
934.3488159179688
656.34716796875
840.5849609375
853.7448120117188
1144.9063720703125
1077.462158203125
835.6500244140625
860.32470703125
1144.9063720703125
866.9046630859375
840.5849609375
852.0997924804688
1144.9063720703125
1077.462158203125
830.715087890625
847.1648559570312
1144.9063720703125
1077.462158203125
822.4901733398438
852.0997924804688
723.7913208007812
656.34716796875
835.6500244140625
847.1648559570312
934.3488159179688
1077.462158203125
825.7801513671875
848.8098754882812
934.3488159179688
1077.462158203125
825.7801513671875
852.0997924804688
723.7913208007812
656.34716796875
830.715087890625
847.1648559570312
934.3488159179688
866.9046630859375
822.4901733398438
848.8098754882812
934.3488159179688
866.9046630859375
819.2001953125
855.3897705078125
302.6763916015625
235.23219299316406
830.715087890625
845.5198974609375
723.7913208007812
866.9046630859375
820.84521484375
852.0997924804688
723.7913208007812
656.34716796875
822.4901733398438
857.0347290039062
513.23388671875
445.7896728515625
834.0050048828125
855.3897705078125
513.23388671875
445.7896728515625
829.070068359375
847.1648559570312
934.3488159179688
866.9046630859375
820.84521484375
855.3897705078125
934.3488159179688
866.9046630859375
824.1351318359375
860.32470703125
723.7913208007812
445.7896728515625
832.3600463867188
852.0997924804688
723.7913208007812
445.7896728515625
822.4901733398438
850.454833984375
513.23388671875
235.23219299316406
820.84521484375
838.9400024414062
723.7913208007812
656.34716796875
810.9752807617188
835.6500244140625
934.3488159179688
866.9046630859375
801.1054077148438
840.5849609375
723.7913208007812
445.7896728515625
812.6203002929688
837.2949829101562
723.7913208007812
445.7896728515625
810.9752807617188
827.4251098632812
723.7913208007812
761.6259155273438
804.3953857421875
824.1351318359375
829.070068359375
761.6259155273438
801.1054077148438
829.070068359375
723.7913208007812
656.34716796875
802.7504272460938
829.070068359375
723.7913208007812
656.34716796875
804.3953857421875
830.715087890625
618.5126342773438
551.0684204101562
810.9752807617188
824.1351318359375
934.3488159179688
972.1834106445312
804.3953857421875
827.4251098632812
829.070068359375
656.34716796875
809.330322265625
825.7801513671875
618.5126342773438
445.7896728515625
812.6203002929688
819.2001953125
1039.6275634765625
972.1834106445312
799.46044921875
824.1351318359375
1039.6275634765625
866.9046630859375
806.0403442382812
825.7801513671875
934.3488159179688
656.34716796875
804.3953857421875
815.9102783203125
1039.6275634765625
972.1834106445312
792.8805541992188
827.4251098632812
934.3488159179688
656.34716796875
799.46044921875
830.715087890625
723.7913208007812
656.34716796875
804.3953857421875
829.070068359375
934.3488159179688
972.1834106445312
799.46044921875
830.715087890625
934.3488159179688
866.9046630859375
796.1704711914062
827.4251098632812
1144.9063720703125
1077.462158203125
794.5255126953125
827.4251098632812
1355.4637451171875
1077.462158203125
789.590576171875
827.4251098632812
1144.9063720703125
1077.462158203125
797.8154907226562
817.5552368164062
1355.4637451171875
1077.462158203125
791.2355346679688
829.070068359375
1144.9063720703125
656.34716796875
802.7504272460938
825.7801513671875
1355.4637451171875
1077.462158203125
799.46044921875
835.6500244140625
1144.9063720703125
656.34716796875
804.3953857421875
838.9400024414062
1144.9063720703125
656.34716796875
810.9752807617188
829.070068359375
1566.021240234375
1288.0196533203125
797.8154907226562
840.5849609375
1144.9063720703125
656.34716796875
810.9752807617188
842.2299194335938
1144.9063720703125
866.9046630859375
814.2652587890625
845.5198974609375
1355.4637451171875
1077.462158203125
817.5552368164062
850.454833984375
1144.9063720703125
1077.462158203125
820.84521484375
847.1648559570312
1355.4637451171875
1288.0196533203125
812.6203002929688
871.839599609375
723.7913208007812
445.7896728515625
837.2949829101562
866.9046630859375
723.7913208007812
866.9046630859375
835.6500244140625
870.194580078125
934.3488159179688
972.1834106445312
838.9400024414062
865.2596435546875
934.3488159179688
972.1834106445312
834.0050048828125
866.9046630859375
1039.6275634765625
972.1834106445312
829.070068359375
881.70947265625
618.5126342773438
551.0684204101562
845.5198974609375
876.7745361328125
986.9882202148438
972.1834106445312
843.8749389648438
883.3544311523438
671.1519775390625
551.0684204101562
855.3897705078125
875.1295166015625
776.4307250976562
866.9046630859375
850.454833984375
870.194580078125
829.070068359375
866.9046630859375
843.8749389648438
865.2596435546875
881.70947265625
866.9046630859375
835.6500244140625
865.2596435546875
829.070068359375
761.6259155273438
838.9400024414062
861.9697265625
776.4307250976562
761.6259155273438
835.6500244140625
863.6146850585938
881.70947265625
866.9046630859375
838.9400024414062
866.9046630859375
881.70947265625
866.9046630859375
845.5198974609375
873.4845581054688
829.070068359375
761.6259155273438
850.454833984375
871.839599609375
881.70947265625
866.9046630859375
848.8098754882812
865.2596435546875
986.9882202148438
972.1834106445312
842.2299194335938
868.5496215820312
751.7560424804688
771.4957885742188
848.8098754882812
870.194580078125
751.7560424804688
876.7745361328125
848.8098754882812
875.1295166015625
699.1166381835938
876.7745361328125
852.0997924804688
876.7745361328125
646.477294921875
876.7745361328125
853.7448120117188
873.4845581054688
699.1166381835938
876.7745361328125
852.0997924804688
878.4194946289062
646.477294921875
771.4957885742188
860.32470703125
873.4845581054688
751.7560424804688
876.7745361328125
857.0347290039062
875.1295166015625
909.6741333007812
982.0532836914062
853.7448120117188
875.1295166015625
909.6741333007812
982.0532836914062
857.0347290039062
880.064453125
857.0347290039062
876.7745361328125
860.32470703125
888.2893676757812
751.7560424804688
771.4957885742188
870.194580078125
886.6444091796875
804.3953857421875
876.7745361328125
871.839599609375
889.9343872070312
1120.2315673828125
1192.6107177734375
870.194580078125
899.8042602539062
699.1166381835938
560.9382934570312
880.064453125
901.44921875
699.1166381835938
666.217041015625
880.064453125
884.9994506835938
1014.952880859375
982.0532836914062
870.194580078125
889.9343872070312
751.7560424804688
560.9382934570312
875.1295166015625
889.9343872070312
541.1985473632812
771.4957885742188
873.4845581054688
891.579345703125
541.1985473632812
982.0532836914062
876.7745361328125
884.9994506835938
751.7560424804688
1192.6107177734375
870.194580078125
883.3544311523438
541.1985473632812
771.4957885742188
873.4845581054688
883.3544311523438
751.7560424804688
1192.6107177734375
880.064453125
901.44921875
541.1985473632812
560.9382934570312
898.1592407226562
893.2243041992188
541.1985473632812
771.4957885742188
884.9994506835938
875.1295166015625
1172.8709716796875
1613.7257080078125
860.32470703125
878.4194946289062
962.3134765625
982.0532836914062
860.32470703125
886.6444091796875
751.7560424804688
771.4957885742188
868.5496215820312
888.2893676757812
751.7560424804688
771.4957885742188
875.1295166015625
894.8693237304688
751.7560424804688
771.4957885742188
880.064453125
883.3544311523438
962.3134765625
982.0532836914062
865.2596435546875
886.6444091796875
1172.8709716796875
1192.6107177734375
866.9046630859375
899.8042602539062
751.7560424804688
560.9382934570312
880.064453125
894.8693237304688
751.7560424804688
771.4957885742188
875.1295166015625
891.579345703125
1067.59228515625
982.0532836914062
870.194580078125
893.2243041992188
857.0347290039062
771.4957885742188
871.839599609375
889.9343872070312
857.0347290039062
771.4957885742188
868.5496215820312
894.8693237304688
857.0347290039062
771.4957885742188
871.839599609375
896.5142822265625
646.477294921875
771.4957885742188
875.1295166015625
876.7745361328125
1067.59228515625
1192.6107177734375
848.8098754882812
881.70947265625
962.3134765625
982.0532836914062
857.0347290039062
883.3544311523438
646.477294921875
771.4957885742188
860.32470703125
878.4194946289062
1278.1497802734375
1403.168212890625
850.454833984375
894.8693237304688
857.0347290039062
771.4957885742188
868.5496215820312
893.2243041992188
857.0347290039062
982.0532836914062
865.2596435546875
883.3544311523438
1067.59228515625
1192.6107177734375
857.0347290039062
889.9343872070312
751.7560424804688
771.4957885742188
873.4845581054688
886.6444091796875
857.0347290039062
982.0532836914062
868.5496215820312
893.2243041992188
857.0347290039062
982.0532836914062
868.5496215820312
886.6444091796875
857.0347290039062
982.0532836914062
858.6797485351562
888.2893676757812
857.0347290039062
771.4957885742188
861.9697265625
891.579345703125
909.6741333007812
771.4957885742188
870.194580078125
891.579345703125
909.6741333007812
666.217041015625
870.194580078125
891.579345703125
909.6741333007812
560.9382934570312
871.839599609375
889.9343872070312
804.3953857421875
455.6595458984375
873.4845581054688
889.9343872070312
1014.952880859375
771.4957885742188
866.9046630859375
898.1592407226562
646.477294921875
245.10206604003906
876.7745361328125
903.09423828125
646.477294921875
350.38079833984375
881.70947265625
893.2243041992188
1172.8709716796875
982.0532836914062
868.5496215820312
894.8693237304688
804.3953857421875
350.38079833984375
878.4194946289062
893.2243041992188
804.3953857421875
455.6595458984375
878.4194946289062
901.44921875
804.3953857421875
455.6595458984375
884.9994506835938
888.2893676757812
1120.2315673828125
876.7745361328125
873.4845581054688
893.2243041992188
1120.2315673828125
876.7745361328125
873.4845581054688
891.579345703125
1014.952880859375
876.7745361328125
870.194580078125
886.6444091796875
909.6741333007812
771.4957885742188
865.2596435546875
881.70947265625
909.6741333007812
876.7745361328125
861.9697265625
883.3544311523438
804.3953857421875
560.9382934570312
861.9697265625
878.4194946289062
804.3953857421875
876.7745361328125
855.3897705078125
876.7745361328125
909.6741333007812
876.7745361328125
853.7448120117188
886.6444091796875
593.837890625
455.6595458984375
866.9046630859375
878.4194946289062
804.3953857421875
876.7745361328125
858.6797485351562
875.1295166015625
804.3953857421875
876.7745361328125
852.0997924804688
878.4194946289062
804.3953857421875
876.7745361328125
858.6797485351562
875.1295166015625
804.3953857421875
876.7745361328125
858.6797485351562
876.7745361328125
1120.2315673828125
982.0532836914062
853.7448120117188
883.3544311523438
488.5591735839844
350.38079833984375
861.9697265625
878.4194946289062
699.1166381835938
771.4957885742188
857.0347290039062
878.4194946289062
699.1166381835938
771.4957885742188
852.0997924804688
871.839599609375
909.6741333007812
1087.33203125
845.5198974609375
875.1295166015625
593.837890625
560.9382934570312
848.8098754882812
866.9046630859375
593.837890625
560.9382934570312
847.1648559570312
857.0347290039062
804.3953857421875
560.9382934570312
842.2299194335938
847.1648559570312
1225.5103759765625
982.0532836914062
830.715087890625
852.0997924804688
1225.5103759765625
982.0532836914062
834.0050048828125
853.7448120117188
1225.5103759765625
982.0532836914062
832.3600463867188
863.6146850585938
804.3953857421875
560.9382934570312
840.5849609375
860.32470703125
909.6741333007812
982.0532836914062
835.6500244140625
852.0997924804688
1120.2315673828125
982.0532836914062
822.4901733398438
860.32470703125
804.3953857421875
771.4957885742188
830.715087890625
861.9697265625
909.6741333007812
982.0532836914062
834.0050048828125
857.0347290039062
1014.952880859375
982.0532836914062
829.070068359375
861.9697265625
804.3953857421875
982.0532836914062
834.0050048828125
855.3897705078125
1225.5103759765625
1403.168212890625
822.4901733398438
863.6146850585938
699.1166381835938
560.9382934570312
834.0050048828125
866.9046630859375
699.1166381835938
771.4957885742188
838.9400024414062
863.6146850585938
1014.952880859375
982.0532836914062
834.0050048828125
858.6797485351562
1014.952880859375
982.0532836914062
830.715087890625
868.5496215820312
699.1166381835938
982.0532836914062
835.6500244140625
870.194580078125
699.1166381835938
1192.6107177734375
842.2299194335938
868.5496215820312
804.3953857421875
1192.6107177734375
843.8749389648438
875.1295166015625
1014.952880859375
1403.168212890625
842.2299194335938
878.4194946289062
804.3953857421875
982.0532836914062
850.454833984375
875.1295166015625
909.6741333007812
982.0532836914062
847.1648559570312
878.4194946289062
593.837890625
771.4957885742188
853.7448120117188
866.9046630859375
804.3953857421875
1192.6107177734375
847.1648559570312
855.3897705078125
1330.7890625
1613.7257080078125
829.070068359375
865.2596435546875
909.6741333007812
771.4957885742188
838.9400024414062
866.9046630859375
804.3953857421875
771.4957885742188
838.9400024414062
870.194580078125
699.1166381835938
771.4957885742188
840.5849609375
870.194580078125
804.3953857421875
982.0532836914062
840.5849609375
863.6146850585938
909.6741333007812
982.0532836914062
838.9400024414062
863.6146850585938
1014.952880859375
982.0532836914062
834.0050048828125
866.9046630859375
699.1166381835938
560.9382934570312
843.8749389648438
870.194580078125
593.837890625
350.38079833984375
848.8098754882812
868.5496215820312
804.3953857421875
560.9382934570312
842.2299194335938
871.839599609375
804.3953857421875
350.38079833984375
847.1648559570312
875.1295166015625
699.1166381835938
350.38079833984375
845.5198974609375
870.194580078125
699.1166381835938
350.38079833984375
843.8749389648438
878.4194946289062
383.2804260253906
139.82333374023438
855.3897705078125
871.839599609375
804.3953857421875
560.9382934570312
847.1648559570312
880.064453125
804.3953857421875
560.9382934570312
848.8098754882812
873.4845581054688
699.1166381835938
560.9382934570312
843.8749389648438
853.7448120117188
1225.5103759765625
1192.6107177734375
820.84521484375
853.7448120117188
804.3953857421875
560.9382934570312
825.7801513671875
850.454833984375
804.3953857421875
560.9382934570312
822.4901733398438
848.8098754882812
1014.952880859375
771.4957885742188
819.2001953125
858.6797485351562
699.1166381835938
350.38079833984375
825.7801513671875
850.454833984375
1014.952880859375
982.0532836914062
820.84521484375
850.454833984375
909.6741333007812
771.4957885742188
827.4251098632812
865.2596435546875
432.62982177734375
340.51092529296875
843.8749389648438
857.0347290039062
959.0235595703125
1182.7408447265625
837.2949829101562
866.9046630859375
748.466064453125
866.9046630859375
848.8098754882812
858.6797485351562
959.0235595703125
1288.0196533203125
840.5849609375
863.6146850585938
853.7448120117188
866.9046630859375
852.0997924804688
861.9697265625
748.466064453125
866.9046630859375
850.454833984375
861.9697265625
853.7448120117188
866.9046630859375
845.5198974609375
868.5496215820312
643.1873168945312
656.34716796875
848.8098754882812
858.6797485351562
748.466064453125
866.9046630859375
838.9400024414062
852.0997924804688
853.7448120117188
972.1834106445312
825.7801513671875
843.8749389648438
853.7448120117188
972.1834106445312
822.4901733398438
855.3897705078125
748.466064453125
761.6259155273438
830.715087890625
860.32470703125
748.466064453125
866.9046630859375
835.6500244140625
832.3600463867188
748.466064453125
761.6259155273438
812.6203002929688
819.2001953125
748.466064453125
656.34716796875
797.8154907226562
796.1704711914062
959.0235595703125
972.1834106445312
778.07568359375
764.9158325195312
1169.5810546875
1182.7408447265625
743.5311279296875
759.9808959960938
1064.30224609375
972.1834106445312
738.59619140625
743.5311279296875
643.1873168945312
551.0684204101562
723.7913208007812
723.7913208007812
537.9085693359375
551.0684204101562
713.9214477539062
710.6315307617188
537.9085693359375
551.0684204101562
700.7615966796875
694.1817016601562
853.7448120117188
761.6259155273438
682.6668701171875
676.0869140625
643.1873168945312
551.0684204101562
671.1519775390625
648.1222534179688
959.0235595703125
972.1834106445312
643.1873168945312
649.7672119140625
853.7448120117188
761.6259155273438
646.477294921875
631.6724243164062
748.466064453125
761.6259155273438
633.3174438476562
630.0274658203125
748.466064453125
761.6259155273438
631.6724243164062
630.0274658203125
537.9085693359375
551.0684204101562
634.96240234375
618.5126342773438
643.1873168945312
761.6259155273438
625.092529296875
608.6427001953125
959.0235595703125
1182.7408447265625
611.9326782226562
625.092529296875
853.7448120117188
972.1834106445312
625.092529296875
639.8973388671875
537.9085693359375
551.0684204101562
641.5423583984375
667.8619995117188
537.9085693359375
551.0684204101562
672.7969360351562
685.956787109375
643.1873168945312
340.51092529296875
690.8917236328125
682.6668701171875
1169.5810546875
551.0684204101562
684.3118286132812
712.2764892578125
1064.30224609375
129.9534454345703
710.6315307617188
722.1463623046875
853.7448120117188
129.9534454345703
725.4363403320312
741.8861083984375
1169.5810546875
551.0684204101562
741.8861083984375
766.5608520507812
748.466064453125
129.9534454345703
768.205810546875
774.7857666015625
959.0235595703125
551.0684204101562
774.7857666015625
801.1054077148438
853.7448120117188
340.51092529296875
796.1704711914062
802.7504272460938
853.7448120117188
551.0684204101562
799.46044921875
815.9102783203125
1169.5810546875
761.6259155273438
809.330322265625
835.6500244140625
959.0235595703125
551.0684204101562
822.4901733398438
857.0347290039062
853.7448120117188
551.0684204101562
842.2299194335938
863.6146850585938
537.9085693359375
340.51092529296875
852.0997924804688
863.6146850585938
748.466064453125
761.6259155273438
853.7448120117188
860.32470703125
959.0235595703125
972.1834106445312
850.454833984375
866.9046630859375
853.7448120117188
761.6259155273438
853.7448120117188
871.839599609375
643.1873168945312
761.6259155273438
865.2596435546875
866.9046630859375
748.466064453125
1182.7408447265625
863.6146850585938
863.6146850585938
748.466064453125
1182.7408447265625
861.9697265625
861.9697265625
1169.5810546875
1603.8558349609375
853.7448120117188
884.9994506835938
748.466064453125
761.6259155273438
875.1295166015625
875.1295166015625
748.466064453125
972.1834106445312
870.194580078125
880.064453125
537.9085693359375
761.6259155273438
873.4845581054688
873.4845581054688
748.466064453125
972.1834106445312
870.194580078125
883.3544311523438
853.7448120117188
972.1834106445312
873.4845581054688
886.6444091796875
748.466064453125
972.1834106445312
873.4845581054688
888.2893676757812
853.7448120117188
972.1834106445312
875.1295166015625
893.2243041992188
432.62982177734375
551.0684204101562
878.4194946289062
888.2893676757812
748.466064453125
972.1834106445312
871.839599609375
886.6444091796875
748.466064453125
972.1834106445312
870.194580078125
898.1592407226562
643.1873168945312
761.6259155273438
880.064453125
894.8693237304688
643.1873168945312
761.6259155273438
876.7745361328125
891.579345703125
853.7448120117188
1182.7408447265625
875.1295166015625
888.2893676757812
853.7448120117188
1393.29833984375
870.194580078125
898.1592407226562
748.466064453125
1393.29833984375
876.7745361328125
891.579345703125
853.7448120117188
1393.29833984375
868.5496215820312
891.579345703125
537.9085693359375
972.1834106445312
871.839599609375
886.6444091796875
537.9085693359375
1182.7408447265625
866.9046630859375
880.064453125
959.0235595703125
1603.8558349609375
857.0347290039062
894.8693237304688
537.9085693359375
972.1834106445312
870.194580078125
878.4194946289062
643.1873168945312
1182.7408447265625
853.7448120117188
873.4845581054688
1064.30224609375
1393.29833984375
847.1648559570312
883.3544311523438
643.1873168945312
761.6259155273438
858.6797485351562
880.064453125
959.0235595703125
1182.7408447265625
853.7448120117188
884.9994506835938
959.0235595703125
972.1834106445312
857.0347290039062
886.6444091796875
537.9085693359375
551.0684204101562
863.6146850585938
876.7745361328125
853.7448120117188
972.1834106445312
850.454833984375
870.194580078125
853.7448120117188
972.1834106445312
843.8749389648438
875.1295166015625
853.7448120117188
761.6259155273438
850.454833984375
868.5496215820312
959.0235595703125
972.1834106445312
838.9400024414062
875.1295166015625
1274.8597412109375
1182.7408447265625
843.8749389648438
901.44921875
537.9085693359375
129.9534454345703
875.1295166015625
884.9994506835938
853.7448120117188
972.1834106445312
853.7448120117188
878.4194946289062
959.0235595703125
972.1834106445312
843.8749389648438
876.7745361328125
643.1873168945312
761.6259155273438
845.5198974609375
868.5496215820312
748.466064453125
972.1834106445312
840.5849609375
865.2596435546875
853.7448120117188
972.1834106445312
840.5849609375
870.194580078125
643.1873168945312
761.6259155273438
845.5198974609375
860.32470703125
748.466064453125
972.1834106445312
838.9400024414062
857.0347290039062
1169.5810546875
1182.7408447265625
827.4251098632812
871.839599609375
537.9085693359375
551.0684204101562
847.1648559570312
863.6146850585938
853.7448120117188
972.1834106445312
838.9400024414062
866.9046630859375
853.7448120117188
972.1834106445312
840.5849609375
871.839599609375
748.466064453125
761.6259155273438
843.8749389648438
868.5496215820312
643.1873168945312
972.1834106445312
842.2299194335938
863.6146850585938
643.1873168945312
1182.7408447265625
834.0050048828125
865.2596435546875
643.1873168945312
1182.7408447265625
834.0050048828125
866.9046630859375
432.62982177734375
972.1834106445312
838.9400024414062
863.6146850585938
643.1873168945312
1182.7408447265625
834.0050048828125
866.9046630859375
432.62982177734375
761.6259155273438
837.2949829101562
855.3897705078125
432.62982177734375
761.6259155273438
829.070068359375
840.5849609375
959.0235595703125
1393.29833984375
815.9102783203125
838.9400024414062
853.7448120117188
1182.7408447265625
812.6203002929688
842.2299194335938
643.1873168945312
972.1834106445312
820.84521484375
845.5198974609375
643.1873168945312
972.1834106445312
825.7801513671875
835.6500244140625
643.1873168945312
972.1834106445312
814.2652587890625
838.9400024414062
748.466064453125
972.1834106445312
812.6203002929688
835.6500244140625
853.7448120117188
972.1834106445312
806.0403442382812
843.8749389648438
748.466064453125
761.6259155273438
812.6203002929688
853.7448120117188
537.9085693359375
551.0684204101562
827.4251098632812
845.5198974609375
432.62982177734375
551.0684204101562
822.4901733398438
840.5849609375
853.7448120117188
972.1834106445312
815.9102783203125
843.8749389648438
748.466064453125
551.0684204101562
820.84521484375
840.5849609375
748.466064453125
551.0684204101562
815.9102783203125
843.8749389648438
643.1873168945312
551.0684204101562
820.84521484375
840.5849609375
643.1873168945312
551.0684204101562
820.84521484375
830.715087890625
1064.30224609375
1182.7408447265625
810.9752807617188
845.5198974609375
537.9085693359375
551.0684204101562
825.7801513671875
842.2299194335938
748.466064453125
761.6259155273438
815.9102783203125
838.9400024414062
1169.5810546875
1182.7408447265625
814.2652587890625
847.1648559570312
959.0235595703125
972.1834106445312
824.1351318359375
848.8098754882812
959.0235595703125
972.1834106445312
825.7801513671875
861.9697265625
537.9085693359375
551.0684204101562
843.8749389648438
857.0347290039062
748.466064453125
972.1834106445312
834.0050048828125
852.0997924804688
748.466064453125
761.6259155273438
830.715087890625
837.2949829101562
1064.30224609375
1182.7408447265625
815.9102783203125
845.5198974609375
850.454833984375
700.7615966796875
819.2001953125
850.454833984375
429.3398742675781
595.48291015625
830.715087890625
842.2299194335938
745.1760864257812
1016.5978393554688
825.7801513671875
842.2299194335938
955.7335815429688
1121.8765869140625
822.4901733398438
842.2299194335938
639.8973388671875
700.7615966796875
827.4251098632812
834.0050048828125
639.8973388671875
806.0403442382812
817.5552368164062
830.715087890625
639.8973388671875
806.0403442382812
812.6203002929688
830.715087890625
324.0611267089844
490.2041320800781
812.6203002929688
824.1351318359375
850.454833984375
1121.8765869140625
801.1054077148438
829.070068359375
850.454833984375
1016.5978393554688
806.0403442382812
819.2001953125
955.7335815429688
1121.8765869140625
799.46044921875
814.2652587890625
745.1760864257812
806.0403442382812
792.8805541992188
815.9102783203125
639.8973388671875
806.0403442382812
791.2355346679688
819.2001953125
745.1760864257812
911.319091796875
791.2355346679688
814.2652587890625
850.454833984375
1016.5978393554688
791.2355346679688
815.9102783203125
745.1760864257812
911.319091796875
794.5255126953125
804.3953857421875
955.7335815429688
1227.1553955078125
781.3656616210938
812.6203002929688
745.1760864257812
595.48291015625
792.8805541992188
827.4251098632812
534.6185913085938
595.48291015625
807.6853637695312
819.2001953125
1061.0123291015625
1227.1553955078125
794.5255126953125
825.7801513671875
850.454833984375
700.7615966796875
804.3953857421875
825.7801513671875
850.454833984375
806.0403442382812
806.0403442382812
817.5552368164062
850.454833984375
806.0403442382812
799.46044921875
822.4901733398438
850.454833984375
806.0403442382812
801.1054077148438
819.2001953125
850.454833984375
806.0403442382812
791.2355346679688
819.2001953125
955.7335815429688
1016.5978393554688
786.3005981445312
817.5552368164062
1166.291015625
1227.1553955078125
784.6556396484375
824.1351318359375
639.8973388671875
490.2041320800781
794.5255126953125
825.7801513671875
745.1760864257812
911.319091796875
797.8154907226562
827.4251098632812
745.1760864257812
806.0403442382812
789.590576171875
830.715087890625
639.8973388671875
806.0403442382812
809.330322265625
827.4251098632812
1061.0123291015625
1332.43408203125
801.1054077148438
832.3600463867188
955.7335815429688
1016.5978393554688
807.6853637695312
824.1351318359375
745.1760864257812
806.0403442382812
799.46044921875
822.4901733398438
324.0611267089844
595.48291015625
796.1704711914062
809.330322265625
324.0611267089844
1016.5978393554688
791.2355346679688
801.1054077148438
113.50364685058594
1016.5978393554688
778.07568359375
794.5255126953125
0.0
595.48291015625
773.1407470703125
778.07568359375
210.55747985839844
806.0403442382812
755.0459594726562
768.205810546875
0.0
384.9254150390625
745.1760864257812
748.466064453125
0.0
595.48291015625
727.081298828125
723.7913208007812
421.1149597167969
1016.5978393554688
697.4716796875
713.9214477539062
210.55747985839844
595.48291015625
684.3118286132812
715.5664672851562
210.55747985839844
595.48291015625
690.8917236328125
695.82666015625
210.55747985839844
595.48291015625
679.3768920898438
679.3768920898438
210.55747985839844
595.48291015625
659.6371459960938
646.477294921875
421.1149597167969
1016.5978393554688
615.22265625
608.6427001953125
421.1149597167969
1016.5978393554688
577.3881225585938
602.0628051757812
210.55747985839844
595.48291015625
577.3881225585938
582.3230590820312
368.4755859375
595.48291015625
556.0033569335938
567.5181884765625
421.1149597167969
911.319091796875
546.1334838867188
562.583251953125
263.1968688964844
806.0403442382812
532.9736328125
575.7431030273438
315.8362121582031
806.0403442382812
541.1985473632812
577.3881225585938
315.8362121582031
806.0403442382812
539.5535278320312
593.837890625
157.91810607910156
490.2041320800781
562.583251953125
615.22265625
315.8362121582031
911.319091796875
579.0330810546875
633.3174438476562
368.4755859375
911.319091796875
600.4178466796875
648.1222534179688
473.75433349609375
1016.5978393554688
613.5776977539062
661.2821044921875
579.0330810546875
1016.5978393554688
631.6724243164062
656.34716796875
631.6724243164062
1016.5978393554688
618.5126342773438
669.5070190429688
631.6724243164062
1016.5978393554688
626.7374877929688
692.5367431640625
579.0330810546875
700.7615966796875
648.1222534179688
699.1166381835938
684.3118286132812
700.7615966796875
656.34716796875
712.2764892578125
1263.3448486328125
1121.8765869140625
669.5070190429688
732.0162353515625
579.0330810546875
174.367919921875
682.6668701171875
735.3062133789062
1105.4267578125
806.0403442382812
695.82666015625
745.1760864257812
1315.9842529296875
1016.5978393554688
708.9865112304688
759.9808959960938
1210.70556640625
595.48291015625
708.9865112304688
779.720703125
1421.2630615234375
595.48291015625
733.6612548828125
796.1704711914062
1210.70556640625
384.9254150390625
743.5311279296875
815.9102783203125
1210.70556640625
384.9254150390625
771.4957885742188
804.3953857421875
1421.2630615234375
806.0403442382812
771.4957885742188
792.8805541992188
1421.2630615234375
806.0403442382812
736.951171875
812.6203002929688
1421.2630615234375
595.48291015625
748.466064453125
835.6500244140625
1210.70556640625
384.9254150390625
771.4957885742188
850.454833984375
1210.70556640625
595.48291015625
792.8805541992188
861.9697265625
1421.2630615234375
806.0403442382812
807.6853637695312
875.1295166015625
1315.9842529296875
595.48291015625
815.9102783203125
883.3544311523438
1421.2630615234375
806.0403442382812
817.5552368164062
906.3841552734375
1421.2630615234375
806.0403442382812
861.9697265625
952.443603515625
1000.1480712890625
384.9254150390625
904.7391967773438
957.3785400390625
1000.1480712890625
1016.5978393554688
912.964111328125
960.6685180664062
1000.1480712890625
806.0403442382812
917.8990478515625
965.6034545898438
894.8693237304688
806.0403442382812
926.1239624023438
975.4733276367188
1421.2630615234375
1437.7127685546875
937.6387939453125
1005.0830078125
894.8693237304688
806.0403442382812
959.0235595703125
1036.337646484375
1000.1480712890625
1016.5978393554688
991.9231567382812
1034.692626953125
894.8693237304688
806.0403442382812
986.9882202148438
1029.7576904296875
894.8693237304688
806.0403442382812
978.7633056640625
1042.91748046875
1315.9842529296875
1227.1553955078125
983.6982421875
1056.077392578125
1000.1480712890625
806.0403442382812
1000.1480712890625
1052.7874755859375
1315.9842529296875
1016.5978393554688
998.5030517578125
1036.337646484375
894.8693237304688
384.9254150390625
986.9882202148438
1024.82275390625
894.8693237304688
384.9254150390625
977.1183471679688
1019.8878173828125
1210.70556640625
806.0403442382812
968.8934326171875
1023.1777954101562
1210.70556640625
595.48291015625
977.1183471679688
1024.82275390625
1000.1480712890625
595.48291015625
990.2781372070312
1019.8878173828125
1105.4267578125
806.0403442382812
985.3432006835938
1026.4677734375
1315.9842529296875
1016.5978393554688
990.2781372070312
1023.1777954101562
1000.1480712890625
595.48291015625
995.213134765625
1011.6629028320312
1105.4267578125
806.0403442382812
985.3432006835938
1006.7279663085938
1105.4267578125
806.0403442382812
986.9882202148438
993.568115234375
684.3118286132812
384.9254150390625
990.2781372070312
972.1834106445312
1315.9842529296875
1227.1553955078125
970.5383911132812
978.7633056640625
1526.541748046875
1227.1553955078125
975.4733276367188
990.2781372070312
1000.1480712890625
595.48291015625
973.828369140625
1013.307861328125
1000.1480712890625
806.0403442382812
993.568115234375
1039.6275634765625
894.8693237304688
595.48291015625
1019.8878173828125
1041.2725830078125
894.8693237304688
595.48291015625
1018.2428588867188
1018.2428588867188
1315.9842529296875
1016.5978393554688
988.6331787109375
1021.5327758789062
1000.1480712890625
595.48291015625
983.6982421875
1021.5327758789062
1000.1480712890625
595.48291015625
988.6331787109375
1014.952880859375
1000.1480712890625
595.48291015625
988.6331787109375
1010.0179443359375
1210.70556640625
806.0403442382812
977.1183471679688
983.6982421875
1105.4267578125
595.48291015625
950.7986450195312
975.4733276367188
1000.1480712890625
595.48291015625
949.1536865234375
968.8934326171875
1105.4267578125
806.0403442382812
947.5086669921875
929.4138793945312
1105.4267578125
806.0403442382812
903.09423828125
924.4789428710938
1000.1480712890625
806.0403442382812
901.44921875
914.6090698242188
1000.1480712890625
806.0403442382812
896.5142822265625
912.964111328125
684.3118286132812
595.48291015625
894.8693237304688
916.2540283203125
1105.4267578125
1227.1553955078125
904.7391967773438
908.0291748046875
1315.9842529296875
1227.1553955078125
909.6741333007812
886.6444091796875
1105.4267578125
1016.5978393554688
878.4194946289062
914.6090698242188
894.8693237304688
806.0403442382812
912.964111328125
909.6741333007812
789.590576171875
806.0403442382812
906.3841552734375
898.1592407226562
1105.4267578125
1016.5978393554688
893.2243041992188
906.3841552734375
894.8693237304688
806.0403442382812
893.2243041992188
893.2243041992188
1210.70556640625
1227.1553955078125
884.9994506835938
914.6090698242188
712.2764892578125
620.1575927734375
891.579345703125
922.833984375
712.2764892578125
620.1575927734375
873.4845581054688
875.1295166015625
1238.670166015625
1041.2725830078125
860.32470703125
881.70947265625
922.833984375
620.1575927734375
852.0997924804688
886.6444091796875
922.833984375
725.4363403320312
860.32470703125
889.9343872070312
1028.1126708984375
725.4363403320312
865.2596435546875
935.9938354492188
712.2764892578125
409.60009765625
899.8042602539062
940.9287719726562
1028.1126708984375
