500
4
866.9046630859375
807.6853637695312
954.088623046875
866.9046630859375
865.2596435546875
799.46044921875
848.8098754882812
855.3897705078125
865.2596435546875
801.1054077148438
848.8098754882812
861.9697265625
868.5496215820312
806.0403442382812
743.5311279296875
858.6797485351562
863.6146850585938
822.4901733398438
796.1704711914062
857.0347290039062
868.5496215820312
817.5552368164062
796.1704711914062
863.6146850585938
865.2596435546875
806.0403442382812
690.8917236328125
858.6797485351562
861.9697265625
807.6853637695312
848.8098754882812
863.6146850585938
865.2596435546875
789.590576171875
796.1704711914062
861.9697265625
858.6797485351562
774.7857666015625
796.1704711914062
847.1648559570312
865.2596435546875
794.5255126953125
901.44921875
848.8098754882812
866.9046630859375
802.7504272460938
690.8917236328125
853.7448120117188
868.5496215820312
814.2652587890625
848.8098754882812
850.454833984375
875.1295166015625
817.5552368164062
796.1704711914062
845.5198974609375
870.194580078125
802.7504272460938
796.1704711914062
850.454833984375
858.6797485351562
807.6853637695312
690.8917236328125
853.7448120117188
870.194580078125
814.2652587890625
848.8098754882812
860.32470703125
871.839599609375
804.3953857421875
901.44921875
852.0997924804688
871.839599609375
786.3005981445312
796.1704711914062
860.32470703125
876.7745361328125
792.8805541992188
901.44921875
858.6797485351562
881.70947265625
810.9752807617188
796.1704711914062
866.9046630859375
876.7745361328125
824.1351318359375
743.5311279296875
865.2596435546875
880.064453125
825.7801513671875
1006.7279663085938
863.6146850585938
880.064453125
812.6203002929688
796.1704711914062
865.2596435546875
875.1295166015625
807.6853637695312
848.8098754882812
865.2596435546875
886.6444091796875
820.84521484375
848.8098754882812
868.5496215820312
880.064453125
809.330322265625
848.8098754882812
858.6797485351562
875.1295166015625
807.6853637695312
848.8098754882812
858.6797485351562
866.9046630859375
801.1054077148438
743.5311279296875
855.3897705078125
860.32470703125
802.7504272460938
796.1704711914062
842.2299194335938
870.194580078125
824.1351318359375
796.1704711914062
848.8098754882812
870.194580078125
820.84521484375
690.8917236328125
850.454833984375
861.9697265625
824.1351318359375
822.4901733398438
848.8098754882812
860.32470703125
819.2001953125
796.1704711914062
852.0997924804688
861.9697265625
825.7801513671875
769.850830078125
845.5198974609375
857.0347290039062
814.2652587890625
769.850830078125
838.9400024414062
861.9697265625
809.330322265625
796.1704711914062
838.9400024414062
861.9697265625
827.4251098632812
822.4901733398438
842.2299194335938
861.9697265625
822.4901733398438
796.1704711914062
845.5198974609375
850.454833984375
812.6203002929688
822.4901733398438
827.4251098632812
847.1648559570312
824.1351318359375
769.850830078125
832.3600463867188
848.8098754882812
812.6203002929688
690.8917236328125
822.4901733398438
847.1648559570312
819.2001953125
848.8098754882812
825.7801513671875
847.1648559570312
822.4901733398438
796.1704711914062
825.7801513671875
848.8098754882812
809.330322265625
717.21142578125
822.4901733398438
852.0997924804688
817.5552368164062
769.850830078125
827.4251098632812
857.0347290039062
820.84521484375
796.1704711914062
830.715087890625
861.9697265625
817.5552368164062
743.5311279296875
837.2949829101562
853.7448120117188
810.9752807617188
743.5311279296875
829.070068359375
858.6797485351562
820.84521484375
848.8098754882812
835.6500244140625
860.32470703125
822.4901733398438
848.8098754882812
845.5198974609375
855.3897705078125
827.4251098632812
848.8098754882812
837.2949829101562
850.454833984375
814.2652587890625
848.8098754882812
830.715087890625
850.454833984375
809.330322265625
848.8098754882812
835.6500244140625
857.0347290039062
804.3953857421875
796.1704711914062
835.6500244140625
855.3897705078125
806.0403442382812
901.44921875
834.0050048828125
855.3897705078125
810.9752807617188
796.1704711914062
834.0050048828125
847.1648559570312
820.84521484375
901.44921875
827.4251098632812
858.6797485351562
843.8749389648438
901.44921875
832.3600463867188
855.3897705078125
830.715087890625
796.1704711914062
832.3600463867188
855.3897705078125
825.7801513671875
848.8098754882812
832.3600463867188
853.7448120117188
810.9752807617188
796.1704711914062
830.715087890625
853.7448120117188
796.1704711914062
796.1704711914062
834.0050048828125
850.454833984375
799.46044921875
796.1704711914062
830.715087890625
852.0997924804688
806.0403442382812
690.8917236328125
825.7801513671875
842.2299194335938
819.2001953125
585.6129760742188
819.2001953125
853.7448120117188
834.0050048828125
848.8098754882812
834.0050048828125
863.6146850585938
843.8749389648438
796.1704711914062
832.3600463867188
858.6797485351562
832.3600463867188
743.5311279296875
830.715087890625
853.7448120117188
820.84521484375
743.5311279296875
837.2949829101562
845.5198974609375
796.1704711914062
796.1704711914062
824.1351318359375
848.8098754882812
797.8154907226562
796.1704711914062
829.070068359375
861.9697265625
809.330322265625
796.1704711914062
842.2299194335938
858.6797485351562
804.3953857421875
796.1704711914062
830.715087890625
865.2596435546875
840.5849609375
638.2523803710938
840.5849609375
863.6146850585938
825.7801513671875
796.1704711914062
843.8749389648438
853.7448120117188
806.0403442382812
796.1704711914062
835.6500244140625
850.454833984375
807.6853637695312
690.8917236328125
842.2299194335938
848.8098754882812
807.6853637695312
796.1704711914062
842.2299194335938
855.3897705078125
807.6853637695312
690.8917236328125
827.4251098632812
865.2596435546875
825.7801513671875
848.8098754882812
835.6500244140625
863.6146850585938
819.2001953125
638.2523803710938
840.5849609375
861.9697265625
815.9102783203125
585.6129760742188
843.8749389648438
853.7448120117188
824.1351318359375
638.2523803710938
848.8098754882812
852.0997924804688
822.4901733398438
585.6129760742188
840.5849609375
858.6797485351562
830.715087890625
638.2523803710938
838.9400024414062
858.6797485351562
817.5552368164062
638.2523803710938
845.5198974609375
858.6797485351562
814.2652587890625
638.2523803710938
850.454833984375
857.0347290039062
822.4901733398438
743.5311279296875
845.5198974609375
866.9046630859375
815.9102783203125
638.2523803710938
843.8749389648438
858.6797485351562
829.070068359375
638.2523803710938
840.5849609375
857.0347290039062
837.2949829101562
638.2523803710938
827.4251098632812
860.32470703125
845.5198974609375
690.8917236328125
835.6500244140625
863.6146850585938
847.1648559570312
796.1704711914062
842.2299194335938
863.6146850585938
832.3600463867188
690.8917236328125
838.9400024414062
858.6797485351562
822.4901733398438
638.2523803710938
827.4251098632812
858.6797485351562
830.715087890625
848.8098754882812
830.715087890625
866.9046630859375
835.6500244140625
848.8098754882812
837.2949829101562
861.9697265625
822.4901733398438
743.5311279296875
838.9400024414062
852.0997924804688
820.84521484375
954.088623046875
834.0050048828125
857.0347290039062
822.4901733398438
848.8098754882812
834.0050048828125
860.32470703125
837.2949829101562
848.8098754882812
840.5849609375
863.6146850585938
840.5849609375
954.088623046875
843.8749389648438
840.5849609375
820.84521484375
743.5311279296875
832.3600463867188
843.8749389648438
815.9102783203125
848.8098754882812
819.2001953125
863.6146850585938
834.0050048828125
954.088623046875
829.070068359375
863.6146850585938
838.9400024414062
848.8098754882812
835.6500244140625
870.194580078125
847.1648559570312
848.8098754882812
835.6500244140625
863.6146850585938
822.4901733398438
743.5311279296875
838.9400024414062
861.9697265625
819.2001953125
743.5311279296875
825.7801513671875
858.6797485351562
812.6203002929688
743.5311279296875
815.9102783203125
861.9697265625
819.2001953125
848.8098754882812
825.7801513671875
865.2596435546875
822.4901733398438
796.1704711914062
829.070068359375
855.3897705078125
815.9102783203125
796.1704711914062
822.4901733398438
853.7448120117188
820.84521484375
901.44921875
825.7801513671875
842.2299194335938
806.0403442382812
901.44921875
825.7801513671875
848.8098754882812
822.4901733398438
1006.7279663085938
834.0050048828125
860.32470703125
834.0050048828125
1112.0067138671875
834.0050048828125
855.3897705078125
827.4251098632812
901.44921875
825.7801513671875
853.7448120117188
819.2001953125
901.44921875
829.070068359375
832.3600463867188
796.1704711914062
901.44921875
820.84521484375
840.5849609375
796.1704711914062
1006.7279663085938
822.4901733398438
845.5198974609375
806.0403442382812
901.44921875
827.4251098632812
850.454833984375
820.84521484375
1006.7279663085938
822.4901733398438
860.32470703125
824.1351318359375
901.44921875
835.6500244140625
852.0997924804688
819.2001953125
901.44921875
842.2299194335938
852.0997924804688
822.4901733398438
901.44921875
840.5849609375
855.3897705078125
814.2652587890625
796.1704711914062
837.2949829101562
852.0997924804688
812.6203002929688
901.44921875
835.6500244140625
853.7448120117188
807.6853637695312
743.5311279296875
834.0050048828125
853.7448120117188
809.330322265625
954.088623046875
824.1351318359375
860.32470703125
815.9102783203125
848.8098754882812
835.6500244140625
852.0997924804688
814.2652587890625
743.5311279296875
835.6500244140625
855.3897705078125
815.9102783203125
901.44921875
832.3600463867188
858.6797485351562
810.9752807617188
796.1704711914062
838.9400024414062
861.9697265625
809.330322265625
848.8098754882812
848.8098754882812
853.7448120117188
797.8154907226562
848.8098754882812
845.5198974609375
863.6146850585938
820.84521484375
848.8098754882812
837.2949829101562
858.6797485351562
825.7801513671875
796.1704711914062
825.7801513671875
842.2299194335938
820.84521484375
796.1704711914062
824.1351318359375
847.1648559570312
829.070068359375
848.8098754882812
825.7801513671875
845.5198974609375
827.4251098632812
743.5311279296875
832.3600463867188
848.8098754882812
825.7801513671875
743.5311279296875
832.3600463867188
858.6797485351562
819.2001953125
796.1704711914062
840.5849609375
853.7448120117188
825.7801513671875
690.8917236328125
834.0050048828125
858.6797485351562
830.715087890625
901.44921875
832.3600463867188
855.3897705078125
814.2652587890625
848.8098754882812
827.4251098632812
860.32470703125
814.2652587890625
848.8098754882812
832.3600463867188
863.6146850585938
806.0403442382812
848.8098754882812
829.070068359375
860.32470703125
807.6853637695312
743.5311279296875
825.7801513671875
861.9697265625
820.84521484375
743.5311279296875
827.4251098632812
857.0347290039062
834.0050048828125
848.8098754882812
834.0050048828125
857.0347290039062
824.1351318359375
901.44921875
845.5198974609375
848.8098754882812
817.5552368164062
796.1704711914062
829.070068359375
845.5198974609375
810.9752807617188
796.1704711914062
824.1351318359375
852.0997924804688
797.8154907226562
796.1704711914062
827.4251098632812
848.8098754882812
797.8154907226562
743.5311279296875
834.0050048828125
848.8098754882812
812.6203002929688
743.5311279296875
835.6500244140625
850.454833984375
825.7801513671875
848.8098754882812
830.715087890625
840.5849609375
819.2001953125
638.2523803710938
829.070068359375
840.5849609375
819.2001953125
848.8098754882812
832.3600463867188
852.0997924804688
815.9102783203125
848.8098754882812
834.0050048828125
845.5198974609375
814.2652587890625
901.44921875
827.4251098632812
855.3897705078125
824.1351318359375
901.44921875
838.9400024414062
853.7448120117188
817.5552368164062
901.44921875
829.070068359375
842.2299194335938
815.9102783203125
848.8098754882812
825.7801513671875
845.5198974609375
812.6203002929688
901.44921875
829.070068359375
848.8098754882812
806.0403442382812
848.8098754882812
825.7801513671875
852.0997924804688
827.4251098632812
901.44921875
832.3600463867188
853.7448120117188
825.7801513671875
901.44921875
827.4251098632812
853.7448120117188
814.2652587890625
796.1704711914062
830.715087890625
847.1648559570312
817.5552368164062
796.1704711914062
834.0050048828125
843.8749389648438
820.84521484375
690.8917236328125
832.3600463867188
845.5198974609375
817.5552368164062
796.1704711914062
834.0050048828125
845.5198974609375
810.9752807617188
796.1704711914062
830.715087890625
857.0347290039062
819.2001953125
796.1704711914062
834.0050048828125
857.0347290039062
824.1351318359375
690.8917236328125
843.8749389648438
860.32470703125
830.715087890625
848.8098754882812
838.9400024414062
852.0997924804688
817.5552368164062
796.1704711914062
825.7801513671875
838.9400024414062
812.6203002929688
585.6129760742188
837.2949829101562
838.9400024414062
829.070068359375
848.8098754882812
820.84521484375
838.9400024414062
824.1351318359375
796.1704711914062
827.4251098632812
848.8098754882812
819.2001953125
743.5311279296875
834.0050048828125
850.454833984375
822.4901733398438
901.44921875
829.070068359375
855.3897705078125
820.84521484375
690.8917236328125
832.3600463867188
843.8749389648438
814.2652587890625
690.8917236328125
830.715087890625
838.9400024414062
815.9102783203125
796.1704711914062
825.7801513671875
840.5849609375
807.6853637695312
796.1704711914062
820.84521484375
835.6500244140625
814.2652587890625
743.5311279296875
827.4251098632812
843.8749389648438
827.4251098632812
848.8098754882812
819.2001953125
847.1648559570312
829.070068359375
743.5311279296875
827.4251098632812
842.2299194335938
829.070068359375
796.1704711914062
819.2001953125
847.1648559570312
830.715087890625
848.8098754882812
822.4901733398438
852.0997924804688
812.6203002929688
848.8098754882812
820.84521484375
847.1648559570312
799.46044921875
1006.7279663085938
817.5552368164062
843.8749389648438
812.6203002929688
796.1704711914062
825.7801513671875
847.1648559570312
824.1351318359375
796.1704711914062
832.3600463867188
847.1648559570312
832.3600463867188
796.1704711914062
832.3600463867188
840.5849609375
820.84521484375
796.1704711914062
822.4901733398438
843.8749389648438
820.84521484375
690.8917236328125
812.6203002929688
857.0347290039062
819.2001953125
848.8098754882812
829.070068359375
855.3897705078125
810.9752807617188
690.8917236328125
832.3600463867188
843.8749389648438
817.5552368164062
743.5311279296875
817.5552368164062
840.5849609375
820.84521484375
743.5311279296875
817.5552368164062
847.1648559570312
838.9400024414062
690.8917236328125
825.7801513671875
865.2596435546875
842.2299194335938
690.8917236328125
840.5849609375
847.1648559570312
824.1351318359375
638.2523803710938
838.9400024414062
834.0050048828125
814.2652587890625
690.8917236328125
830.715087890625
837.2949829101562
815.9102783203125
743.5311279296875
815.9102783203125
829.070068359375
804.3953857421875
796.1704711914062
802.7504272460938
843.8749389648438
804.3953857421875
690.8917236328125
815.9102783203125
845.5198974609375
812.6203002929688
848.8098754882812
817.5552368164062
840.5849609375
829.070068359375
796.1704711914062
822.4901733398438
852.0997924804688
845.5198974609375
796.1704711914062
832.3600463867188
845.5198974609375
835.6500244140625
796.1704711914062
829.070068359375
857.0347290039062
824.1351318359375
796.1704711914062
832.3600463867188
858.6797485351562
829.070068359375
848.8098754882812
842.2299194335938
853.7448120117188
819.2001953125
743.5311279296875
837.2949829101562
845.5198974609375
807.6853637695312
743.5311279296875
832.3600463867188
847.1648559570312
809.330322265625
743.5311279296875
830.715087890625
847.1648559570312
797.8154907226562
690.8917236328125
830.715087890625
858.6797485351562
810.975280761
