3000
4
857.0347290039062
513.23388671875
564.228271484375
834.0050048828125
847.1648559570312
934.3488159179688
985.3432006835938
825.7801513671875
853.7448120117188
513.23388671875
353.6707763671875
835.6500244140625
857.0347290039062
513.23388671875
564.228271484375
838.9400024414062
850.454833984375
934.3488159179688
774.7857666015625
829.070068359375
847.1648559570312
302.6763916015625
353.6707763671875
830.715087890625
842.2299194335938
513.23388671875
774.7857666015625
824.1351318359375
847.1648559570312
513.23388671875
774.7857666015625
830.715087890625
842.2299194335938
934.3488159179688
1195.9007568359375
824.1351318359375
843.8749389648438
513.23388671875
774.7857666015625
829.070068359375
843.8749389648438
513.23388671875
774.7857666015625
827.4251098632812
848.8098754882812
302.6763916015625
564.228271484375
832.3600463867188
850.454833984375
513.23388671875
774.7857666015625
835.6500244140625
840.5849609375
934.3488159179688
1195.9007568359375
827.4251098632812
853.7448120117188
723.7913208007812
774.7857666015625
837.2949829101562
852.0997924804688
723.7913208007812
774.7857666015625
837.2949829101562
853.7448120117188
829.070068359375
774.7857666015625
834.0050048828125
853.7448120117188
1250.18505859375
1195.9007568359375
830.715087890625
853.7448120117188
1144.9063720703125
985.3432006835938
830.715087890625
858.6797485351562
829.070068359375
774.7857666015625
838.9400024414062
857.0347290039062
829.070068359375
774.7857666015625
835.6500244140625
852.0997924804688
934.3488159179688
985.3432006835938
825.7801513671875
855.3897705078125
1144.9063720703125
985.3432006835938
827.4251098632812
866.9046630859375
723.7913208007812
774.7857666015625
840.5849609375
858.6797485351562
1250.18505859375
1195.9007568359375
829.070068359375
866.9046630859375
723.7913208007812
564.228271484375
835.6500244140625
865.2596435546875
829.070068359375
774.7857666015625
837.2949829101562
860.32470703125
934.3488159179688
774.7857666015625
840.5849609375
870.194580078125
829.070068359375
774.7857666015625
853.7448120117188
873.4845581054688
1039.6275634765625
774.7857666015625
848.8098754882812
860.32470703125
618.5126342773438
564.228271484375
837.2949829101562
863.6146850585938
618.5126342773438
564.228271484375
840.5849609375
855.3897705078125
829.070068359375
774.7857666015625
832.3600463867188
857.0347290039062
829.070068359375
774.7857666015625
834.0050048828125
865.2596435546875
618.5126342773438
564.228271484375
842.2299194335938
861.9697265625
1039.6275634765625
985.3432006835938
837.2949829101562
863.6146850585938
618.5126342773438
564.228271484375
843.8749389648438
857.0347290039062
618.5126342773438
774.7857666015625
840.5849609375
866.9046630859375
829.070068359375
774.7857666015625
840.5849609375
871.839599609375
197.39764404296875
143.11329650878906
848.8098754882812
861.9697265625
1039.6275634765625
985.3432006835938
835.6500244140625
870.194580078125
829.070068359375
564.228271484375
840.5849609375
871.839599609375
829.070068359375
564.228271484375
843.8749389648438
868.5496215820312
1039.6275634765625
774.7857666015625
840.5849609375
866.9046630859375
618.5126342773438
564.228271484375
848.8098754882812
866.9046630859375
1250.18505859375
1195.9007568359375
842.2299194335938
875.1295166015625
618.5126342773438
353.6707763671875
847.1648559570312
868.5496215820312
407.95513916015625
353.6707763671875
848.8098754882812
866.9046630859375
829.070068359375
1195.9007568359375
843.8749389648438
866.9046630859375
197.39764404296875
564.228271484375
847.1648559570312
863.6146850585938
407.95513916015625
774.7857666015625
847.1648559570312
863.6146850585938
829.070068359375
1195.9007568359375
843.8749389648438
863.6146850585938
618.5126342773438
774.7857666015625
838.9400024414062
863.6146850585938
618.5126342773438
774.7857666015625
843.8749389648438
868.5496215820312
618.5126342773438
774.7857666015625
845.5198974609375
863.6146850585938
618.5126342773438
774.7857666015625
835.6500244140625
865.2596435546875
618.5126342773438
774.7857666015625
842.2299194335938
850.454833984375
829.070068359375
985.3432006835938
835.6500244140625
857.0347290039062
829.070068359375
774.7857666015625
838.9400024414062
866.9046630859375
407.95513916015625
564.228271484375
850.454833984375
861.9697265625
1039.6275634765625
1195.9007568359375
843.8749389648438
868.5496215820312
1039.6275634765625
985.3432006835938
840.5849609375
876.7745361328125
407.95513916015625
353.6707763671875
852.0997924804688
866.9046630859375
1039.6275634765625
1195.9007568359375
842.2299194335938
865.2596435546875
1250.18505859375
985.3432006835938
837.2949829101562
870.194580078125
1039.6275634765625
774.7857666015625
838.9400024414062
860.32470703125
1250.18505859375
774.7857666015625
834.0050048828125
855.3897705078125
618.5126342773438
353.6707763671875
830.715087890625
850.454833984375
618.5126342773438
564.228271484375
825.7801513671875
832.3600463867188
829.070068359375
774.7857666015625
812.6203002929688
829.070068359375
618.5126342773438
564.228271484375
804.3953857421875
820.84521484375
407.95513916015625
564.228271484375
796.1704711914062
810.9752807617188
407.95513916015625
564.228271484375
786.3005981445312
796.1704711914062
829.070068359375
1195.9007568359375
766.5608520507812
779.720703125
829.070068359375
985.3432006835938
750.1110229492188
764.9158325195312
829.070068359375
985.3432006835938
740.2411499023438
748.466064453125
1039.6275634765625
985.3432006835938
722.1463623046875
741.8861083984375
197.39764404296875
353.6707763671875
715.5664672851562
717.21142578125
618.5126342773438
774.7857666015625
697.4716796875
684.3118286132812
407.95513916015625
564.228271484375
674.4419555664062
677.7318725585938
513.23388671875
774.7857666015625
671.1519775390625
646.477294921875
618.5126342773438
774.7857666015625
638.2523803710938
631.6724243164062
1250.18505859375
1195.9007568359375
610.2877197265625
623.4475708007812
723.7913208007812
564.228271484375
597.1278686523438
588.9029541015625
1144.9063720703125
985.3432006835938
559.2933349609375
582.3230590820312
1039.6275634765625
774.7857666015625
547.7784423828125
582.3230590820312
513.23388671875
564.228271484375
539.5535278320312
582.3230590820312
829.070068359375
774.7857666015625
534.6185913085938
580.6780395507812
829.070068359375
774.7857666015625
526.3937377929688
590.5479125976562
829.070068359375
774.7857666015625
524.7487182617188
585.6129760742188
829.070068359375
774.7857666015625
516.5238037109375
583.968017578125
1039.6275634765625
774.7857666015625
508.2989196777344
611.9326782226562
302.6763916015625
353.6707763671875
534.6185913085938
618.5126342773438
618.5126342773438
564.228271484375
546.1334838867188
634.96240234375
513.23388671875
564.228271484375
554.3583984375
638.2523803710938
1250.18505859375
1195.9007568359375
557.6483154296875
661.2821044921875
829.070068359375
774.7857666015625
585.6129760742188
672.7969360351562
1250.18505859375
1406.458251953125
593.837890625
702.4066162109375
1460.7425537109375
1406.458251953125
625.092529296875
727.081298828125
1039.6275634765625
985.3432006835938
649.7672119140625
730.3712768554688
1671.300048828125
1406.458251953125
656.34716796875
758.3359375
1250.18505859375
985.3432006835938
690.8917236328125
771.4957885742188
1250.18505859375
985.3432006835938
718.8563842773438
779.720703125
1671.300048828125
1406.458251953125
727.081298828125
804.3953857421875
1039.6275634765625
774.7857666015625
748.466064453125
792.8805541992188
1039.6275634765625
985.3432006835938
741.8861083984375
810.9752807617188
1039.6275634765625
985.3432006835938
755.0459594726562
822.4901733398438
1250.18505859375
1195.9007568359375
764.9158325195312
834.0050048828125
1250.18505859375
1195.9007568359375
781.3656616210938
837.2949829101562
829.070068359375
774.7857666015625
787.945556640625
843.8749389648438
829.070068359375
985.3432006835938
799.46044921875
843.8749389648438
1250.18505859375
1406.458251953125
797.8154907226562
855.3897705078125
1566.021240234375
1617.015625
806.0403442382812
871.839599609375
723.7913208007812
985.3432006835938
824.1351318359375
871.839599609375
829.070068359375
1195.9007568359375
827.4251098632812
881.70947265625
618.5126342773438
985.3432006835938
842.2299194335938
884.9994506835938
723.7913208007812
1195.9007568359375
843.8749389648438
889.9343872070312
934.3488159179688
1195.9007568359375
850.454833984375
893.2243041992188
1039.6275634765625
1195.9007568359375
852.0997924804688
903.09423828125
723.7913208007812
985.3432006835938
861.9697265625
893.2243041992188
1250.18505859375
1406.458251953125
858.6797485351562
898.1592407226562
723.7913208007812
774.7857666015625
863.6146850585938
898.1592407226562
618.5126342773438
774.7857666015625
868.5496215820312
889.9343872070312
1144.9063720703125
1195.9007568359375
861.9697265625
898.1592407226562
934.3488159179688
985.3432006835938
868.5496215820312
898.1592407226562
723.7913208007812
985.3432006835938
873.4845581054688
896.5142822265625
829.070068359375
985.3432006835938
870.194580078125
896.5142822265625
934.3488159179688
985.3432006835938
865.2596435546875
901.44921875
909.6741333007812
878.4194946289062
866.9046630859375
893.2243041992188
1330.7890625
1299.534423828125
857.0347290039062
893.2243041992188
909.6741333007812
1088.9769287109375
860.32470703125
893.2243041992188
699.1166381835938
1088.9769287109375
868.5496215820312
876.7745361328125
1330.7890625
1510.0919189453125
847.1648559570312
881.70947265625
699.1166381835938
878.4194946289062
850.454833984375
873.4845581054688
909.6741333007812
1088.9769287109375
848.8098754882812
870.194580078125
699.1166381835938
878.4194946289062
843.8749389648438
870.194580078125
1120.2315673828125
1299.534423828125
842.2299194335938
871.839599609375
909.6741333007812
1088.9769287109375
850.454833984375
868.5496215820312
1120.2315673828125
1299.534423828125
840.5849609375
870.194580078125
699.1166381835938
878.4194946289062
845.5198974609375
868.5496215820312
699.1166381835938
878.4194946289062
850.454833984375
861.9697265625
909.6741333007812
1088.9769287109375
838.9400024414062
855.3897705078125
909.6741333007812
1088.9769287109375
835.6500244140625
861.9697265625
488.5591735839844
667.8619995117188
843.8749389648438
860.32470703125
699.1166381835938
878.4194946289062
843.8749389648438
861.9697265625
699.1166381835938
1088.9769287109375
842.2299194335938
857.0347290039062
699.1166381835938
1088.9769287109375
838.9400024414062
858.6797485351562
488.5591735839844
878.4194946289062
843.8749389648438
853.7448120117188
488.5591735839844
878.4194946289062
838.9400024414062
855.3897705078125
67.4441909790039
457.3045349121094
840.5849609375
853.7448120117188
699.1166381835938
1088.9769287109375
832.3600463867188
858.6797485351562
699.1166381835938
878.4194946289062
837.2949829101562
863.6146850585938
67.4441909790039
457.3045349121094
842.2299194335938
858.6797485351562
909.6741333007812
1299.534423828125
837.2949829101562
861.9697265625
699.1166381835938
878.4194946289062
838.9400024414062
868.5496215820312
488.5591735839844
878.4194946289062
843.8749389648438
875.1295166015625
909.6741333007812
1088.9769287109375
850.454833984375
875.1295166015625
699.1166381835938
667.8619995117188
852.0997924804688
873.4845581054688
488.5591735839844
667.8619995117188
850.454833984375
873.4845581054688
699.1166381835938
667.8619995117188
848.8098754882812
871.839599609375
488.5591735839844
457.3045349121094
847.1648559570312
883.3544311523438
278.0016784667969
457.3045349121094
858.6797485351562
871.839599609375
1330.7890625
1510.0919189453125
845.5198974609375
881.70947265625
909.6741333007812
878.4194946289062
860.32470703125
889.9343872070312
909.6741333007812
878.4194946289062
865.2596435546875
893.2243041992188
909.6741333007812
878.4194946289062
873.4845581054688
903.09423828125
699.1166381835938
878.4194946289062
886.6444091796875
901.44921875
909.6741333007812
878.4194946289062
884.9994506835938
896.5142822265625
699.1166381835938
878.4194946289062
876.7745361328125
894.8693237304688
1330.7890625
1299.534423828125
866.9046630859375
899.8042602539062
699.1166381835938
667.8619995117188
871.839599609375
884.9994506835938
1330.7890625
1299.534423828125
855.3897705078125
893.2243041992188
1120.2315673828125
878.4194946289062
863.6146850585938
884.9994506835938
1120.2315673828125
1088.9769287109375
853.7448120117188
883.3544311523438
1330.7890625
1088.9769287109375
855.3897705078125
899.8042602539062
488.5591735839844
457.3045349121094
873.4845581054688
888.2893676757812
1330.7890625
1299.534423828125
861.9697265625
893.2243041992188
488.5591735839844
457.3045349121094
866.9046630859375
878.4194946289062
909.6741333007812
1088.9769287109375
850.454833984375
884.9994506835938
699.1166381835938
667.8619995117188
861.9697265625
889.9343872070312
278.0016784667969
667.8619995117188
868.5496215820312
886.6444091796875
699.1166381835938
1088.9769287109375
861.9697265625
893.2243041992188
278.0016784667969
667.8619995117188
866.9046630859375
888.2893676757812
699.1166381835938
1088.9769287109375
861.9697265625
881.70947265625
699.1166381835938
878.4194946289062
858.6797485351562
883.3544311523438
699.1166381835938
878.4194946289062
857.0347290039062
881.70947265625
1120.2315673828125
1088.9769287109375
857.0347290039062
891.579345703125
488.5591735839844
457.3045349121094
863.6146850585938
888.2893676757812
699.1166381835938
667.8619995117188
863.6146850585938
888.2893676757812
699.1166381835938
667.8619995117188
863.6146850585938
886.6444091796875
699.1166381835938
667.8619995117188
860.32470703125
894.8693237304688
699.1166381835938
667.8619995117188
870.194580078125
893.2243041992188
699.1166381835938
667.8619995117188
870.194580078125
883.3544311523438
699.1166381835938
773.1407470703125
858.6797485351562
875.1295166015625
1330.7890625
1194.2557373046875
848.8098754882812
876.7745361328125
1330.7890625
1088.9769287109375
855.3897705078125
884.9994506835938
1541.3465576171875
1194.2557373046875
861.9697265625
894.8693237304688
488.5591735839844
352.0257873535156
878.4194946289062
894.8693237304688
1330.7890625
1299.534423828125
875.1295166015625
899.8042602539062
1120.2315673828125
878.4194946289062
876.7745361328125
903.09423828125
909.6741333007812
878.4194946289062
878.4194946289062
893.2243041992188
1120.2315673828125
1088.9769287109375
868.5496215820312
893.2243041992188
1120.2315673828125
983.6982421875
865.2596435546875
894.8693237304688
1120.2315673828125
983.6982421875
875.1295166015625
888.2893676757812
1682.81494140625
1510.0919189453125
871.839599609375
896.5142822265625
840.5849609375
562.583251953125
878.4194946289062
899.8042602539062
840.5849609375
878.4194946289062
883.3544311523438
908.0291748046875
1051.1424560546875
983.6982421875
889.9343872070312
921.18896484375
1051.1424560546875
983.6982421875
891.579345703125
927.7689208984375
840.5849609375
773.1407470703125
891.579345703125
916.2540283203125
735.3062133789062
773.1407470703125
884.9994506835938
917.8990478515625
840.5849609375
773.1407470703125
889.9343872070312
912.964111328125
1051.1424560546875
773.1407470703125
893.2243041992188
919.5440063476562
945.8637084960938
562.583251953125
903.09423828125
927.7689208984375
945.8637084960938
562.583251953125
906.3841552734375
935.9938354492188
524.7487182617188
352.0257873535156
914.6090698242188
929.4138793945312
840.5849609375
773.1407470703125
914.6090698242188
919.5440063476562
1366.9786376953125
983.6982421875
901.44921875
926.1239624023438
1051.1424560546875
773.1407470703125
904.7391967773438
929.4138793945312
735.3062133789062
562.583251953125
908.0291748046875
934.3488159179688
630.0274658203125
562.583251953125
914.6090698242188
932.703857421875
735.3062133789062
562.583251953125
914.6090698242188
917.8990478515625
1051.1424560546875
773.1407470703125
904.7391967773438
912.964111328125
1051.1424560546875
773.1407470703125
898.1592407226562
914.6090698242188
735.3062133789062
562.583251953125
901.44921875
908.0291748046875
945.8637084960938
352.0257873535156
898.1592407226562
914.6090698242188
1156.421142578125
562.583251953125
898.1592407226562
919.5440063476562
945.8637084960938
352.0257873535156
899.8042602539062
909.6741333007812
945.8637084960938
352.0257873535156
891.579345703125
916.2540283203125
945.8637084960938
141.4683074951172
896.5142822265625
916.2540283203125
735.3062133789062
141.4683074951172
901.44921875
906.3841552734375
1366.9786376953125
773.1407470703125
894.8693237304688
912.964111328125
1366.9786376953125
773.1407470703125
896.5142822265625
908.0291748046875
524.7487182617188
141.4683074951172
898.1592407226562
909.6741333007812
945.8637084960938
562.583251953125
896.5142822265625
914.6090698242188
945.8637084960938
562.583251953125
899.8042602539062
909.6741333007812
1156.421142578125
773.1407470703125
894.8693237304688
914.6090698242188
735.3062133789062
352.0257873535156
901.44921875
906.3841552734375
945.8637084960938
773.1407470703125
896.5142822265625
908.0291748046875
1156.421142578125
773.1407470703125
896.5142822265625
916.2540283203125
735.3062133789062
562.583251953125
906.3841552734375
916.2540283203125
1577.5361328125
1404.813232421875
899.8042602539062
919.5440063476562
735.3062133789062
562.583251953125
901.44921875
916.2540283203125
735.3062133789062
667.8619995117188
894.8693237304688
927.7689208984375
735.3062133789062
667.8619995117188
906.3841552734375
914.6090698242188
840.5849609375
667.8619995117188
898.1592407226562
908.0291748046875
840.5849609375
773.1407470703125
896.5142822265625
906.3841552734375
1156.421142578125
983.6982421875
891.579345703125
904.7391967773438
1051.1424560546875
878.4194946289062
886.6444091796875
906.3841552734375
840.5849609375
773.1407470703125
889.9343872070312
901.44921875
1156.421142578125
983.6982421875
888.2893676757812
901.44921875
1156.421142578125
983.6982421875
886.6444091796875
893.2243041992188
1051.1424560546875
878.4194946289062
880.064453125
886.6444091796875
1051.1424560546875
983.6982421875
870.194580078125
881.70947265625
1156.421142578125
1088.9769287109375
858.6797485351562
875.1295166015625
735.3062133789062
667.8619995117188
857.0347290039062
871.839599609375
1261.699951171875
1299.534423828125
850.454833984375
850.454833984375
1082.3970947265625
774.7857666015625
830.715087890625
830.715087890625
450.724609375
564.228271484375
807.6853637695312
804.3953857421875
1292.95458984375
1406.458251953125
776.4307250976562
779.720703125
661.2821044921875
564.228271484375
751.7560424804688
768.205810546875
661.2821044921875
774.7857666015625
745.1760864257812
743.5311279296875
661.2821044921875
774.7857666015625
725.4363403320312
718.8563842773438
450.724609375
564.228271484375
699.1166381835938
687.601806640625
661.2821044921875
985.3432006835938
669.5070190429688
667.8619995117188
871.839599609375
985.3432006835938
648.1222534179688
664.5720825195312
871.839599609375
985.3432006835938
646.477294921875
654.7021484375
1082.3970947265625
985.3432006835938
636.607421875
676.0869140625
450.724609375
353.6707763671875
657.9921264648438
653.0571899414062
661.2821044921875
564.228271484375
639.8973388671875
644.832275390625
871.839599609375
774.7857666015625
633.3174438476562
657.9921264648438
661.2821044921875
564.228271484375
648.1222534179688
653.0571899414062
661.2821044921875
564.228271484375
641.5423583984375
654.7021484375
661.2821044921875
564.228271484375
641.5423583984375
657.9921264648438
661.2821044921875
985.3432006835938
643.1873168945312
682.6668701171875
661.2821044921875
985.3432006835938
666.217041015625
700.7615966796875
871.839599609375
985.3432006835938
682.6668701171875
708.9865112304688
450.724609375
564.228271484375
690.8917236328125
728.726318359375
29.60964584350586
353.6707763671875
710.6315307617188
730.3712768554688
661.2821044921875
985.3432006835938
713.9214477539062
753.4010009765625
450.724609375
564.228271484375
745.1760864257812
768.205810546875
450.724609375
564.228271484375
758.3359375
774.7857666015625
450.724609375
564.228271484375
763.2708740234375
796.1704711914062
871.839599609375
985.3432006835938
778.07568359375
825.7801513671875
661.2821044921875
564.228271484375
806.0403442382812
847.1648559570312
661.2821044921875
564.228271484375
830.715087890625
883.3544311523438
450.724609375
353.6707763671875
861.9697265625
893.2243041992188
661.2821044921875
774.7857666015625
871.839599609375
909.6741333007812
1082.3970947265625
985.3432006835938
888.2893676757812
931.0588989257812
1082.3970947265625
985.3432006835938
908.0291748046875
939.2837524414062
661.2821044921875
353.6707763671875
919.5440063476562
949.1536865234375
661.2821044921875
353.6707763671875
926.1239624023438
965.6034545898438
1082.3970947265625
774.7857666015625
942.57373046875
975.4733276367188
1082.3970947265625
774.7857666015625
950.7986450195312
988.6331787109375
871.839599609375
564.228271484375
960.6685180664062
990.2781372070312
871.839599609375
564.228271484375
963.95849609375
993.568115234375
661.2821044921875
353.6707763671875
963.95849609375
983.6982421875
1082.3970947265625
774.7857666015625
960.6685180664062
995.213134765625
1292.95458984375
985.3432006835938
975.4733276367188
1016.5978393554688
240.16712951660156
0.0
996.8580932617188
998.5030517578125
450.724609375
631.6724243164062
980.4082641601562
988.6331787109375
661.2821044921875
631.6724243164062
968.8934326171875
996.8580932617188
661.2821044921875
631.6724243164062
977.1183471679688
1006.7279663085938
1292.95458984375
1263.3448486328125
983.6982421875
1019.8878173828125
871.839599609375
842.2299194335938
998.5030517578125
1026.4677734375
661.2821044921875
631.6724243164062
1011.6629028320312
1024.82275390625
871.839599609375
842.2299194335938
1008.3729248046875
1023.1777954101562
1082.3970947265625
1052.7874755859375
1008.3729248046875
1014.952880859375
871.839599609375
1052.7874755859375
1000.1480712890625
1005.0830078125
1503.5120849609375
1682.81494140625
988.6331787109375
1003.43798828125
1082.3970947265625
1051.1424560546875
990.2781372070312
1005.0830078125
871.839599609375
1051.1424560546875
991.9231567382812
1003.43798828125
1292.95458984375
1472.2574462890625
986.9882202148438
1023.1777954101562
450.724609375
630.0274658203125
1003.43798828125
1010.0179443359375
871.839599609375
1051.1424560546875
1000.1480712890625
1003.43798828125
1082.3970947265625
1051.1424560546875
996.8580932617188
1003.43798828125
1082.3970947265625
1051.1424560546875
988.6331787109375
985.3432006835938
871.839599609375
840.5849609375
977.1183471679688
977.1183471679688
1292.95458984375
1472.2574462890625
967.2484130859375
995.213134765625
871.839599609375
840.5849609375
983.6982421875
996.8580932617188
1082.3970947265625
1261.699951171875
985.3432006835938
1000.1480712890625
1503.5120849609375
1261.699951171875
993.568115234375
1013.307861328125
240.16712951660156
630.0274658203125
1011.6629028320312
1003.43798828125
450.724609375
1261.699951171875
998.5030517578125
988.6331787109375
450.724609375
1261.699951171875
983.6982421875
980.4082641601562
661.2821044921875
1472.2574462890625
975.4733276367188
1001.7930297851562
661.2821044921875
1261.699951171875
985.3432006835938
1010.0179443359375
450.724609375
1051.1424560546875
1000.1480712890625
1014.952880859375
661.2821044921875
1051.1424560546875
993.568115234375
1024.82275390625
450.724609375
1051.1424560546875
998.5030517578125
1023.1777954101562
871.839599609375
1472.2574462890625
998.5030517578125
1023.1777954101562
661.2821044921875
1051.1424560546875
1008.3729248046875
1037.9825439453125
661.2821044921875
1051.1424560546875
1014.952880859375
1023.1777954101562
1292.95458984375
1472.2574462890625
1003.43798828125
1023.1777954101562
871.839599609375
840.5849609375
1006.7279663085938
1028.1126708984375
871.839599609375
1051.1424560546875
1010.0179443359375
1018.2428588867188
1292.95458984375
1261.699951171875
995.213134765625
1016.5978393554688
871.839599609375
630.0274658203125
996.8580932617188
1011.6629028320312
1292.95458984375
1051.1424560546875
986.9882202148438
1000.1480712890625
1292.95458984375
945.8637084960938
978.7633056640625
1005.0830078125
661.2821044921875
314.1912536621094
982.0532836914062
995.213134765625
1082.3970947265625
945.8637084960938
973.828369140625
1001.7930297851562
1082.3970947265625
840.5849609375
975.4733276367188
1001.7930297851562
871.839599609375
630.0274658203125
977.1183471679688
991.9231567382812
871.839599609375
735.3062133789062
973.828369140625
982.0532836914062
1082.3970947265625
1051.1424560546875
962.3134765625
988.6331787109375
1082.3970947265625
945.8637084960938
968.8934326171875
993.568115234375
871.839599609375
735.3062133789062
978.7633056640625
983.6982421875
871.839599609375
630.0274658203125
968.8934326171875
983.6982421875
661.2821044921875
524.7487182617188
965.6034545898438
972.1834106445312
871.839599609375
945.8637084960938
954.088623046875
963.95849609375
1292.95458984375
1156.421142578125
935.9938354492188
975.4733276367188
871.839599609375
630.0274658203125
952.443603515625
982.0532836914062
661.2821044921875
630.0274658203125
959.0235595703125
977.1183471679688
766.5608520507812
524.7487182617188
959.0235595703125
972.1834106445312
1292.95458984375
1051.1424560546875
949.1536865234375
972.1834106445312
1187.67578125
735.3062133789062
944.2186889648438
960.6685180664062
1082.3970947265625
735.3062133789062
939.2837524414062
968.8934326171875
1082.3970947265625
735.3062133789062
952.443603515625
970.5383911132812
871.839599609375
630.0274658203125
957.3785400390625
954.088623046875
1608.790771484375
1261.699951171875
937.6387939453125
957.3785400390625
1187.67578125
840.5849609375
945.8637084960938
949.1536865234375
1503.5120849609375
1156.421142578125
935.9938354492188
959.0235595703125
871.839599609375
524.7487182617188
944.2186889648438
959.0235595703125
977.1183471679688
735.3062133789062
942.57373046875
955.7335815429688
977.1183471679688
735.3062133789062
932.703857421875
950.7986450195312
1082.3970947265625
840.5849609375
929.4138793945312
954.088623046875
977.1183471679688
735.3062133789062
934.3488159179688
954.088623046875
871.839599609375
735.3062133789062
934.3488159179688
945.8637084960938
1187.67578125
1051.1424560546875
927.7689208984375
949.1536865234375
1082.3970947265625
630.0274658203125
927.7689208984375
944.2186889648438
1187.67578125
419.4700012207031
927.7689208984375
935.9938354492188
1187.67578125
419.4700012207031
922.833984375
942.57373046875
1292.95458984375
630.0274658203125
922.833984375
940.9287719726562
1187.67578125
419.4700012207031
926.1239624023438
934.3488159179688
1187.67578125
419.4700012207031
922.833984375
939.2837524414062
1187.67578125
419.4700012207031
926.1239624023438
934.3488159179688
871.839599609375
419.4700012207031
919.5440063476562
927.7689208984375
1608.790771484375
1051.1424560546875
921.18896484375
931.0588989257812
1082.3970947265625
419.4700012207031
914.6090698242188
921.18896484375
1292.95458984375
840.5849609375
904.7391967773438
929.4138793945312
1187.67578125
630.0274658203125
906.3841552734375
929.4138793945312
1187.67578125
840.5849609375
898.1592407226562
934.3488159179688
1292.95458984375
840.5849609375
906.3841552734375
939.2837524414062
661.2821044921875
419.4700012207031
912.964111328125
931.0588989257812
1292.95458984375
1051.1424560546875
903.09423828125
942.57373046875
631.6724243164062
384.9254150390625
916.2540283203125
935.9938354492188
736.951171875
384.9254150390625
914.6090698242188
939.2837524414062
736.951171875
384.9254150390625
922.833984375
942.57373046875
789.590576171875
595.48291015625
922.833984375
937.6387939453125
1315.9842529296875
806.0403442382812
919.5440063476562
939.2837524414062
947.5086669921875
384.9254150390625
921.18896484375
932.703857421875
842.2299194335938
384.9254150390625
919.5440063476562
927.7689208984375
1263.3448486328125
595.48291015625
912.964111328125
929.4138793945312
1263.3448486328125
595.48291015625
906.3841552734375
942.57373046875
1158.066162109375
595.48291015625
909.6741333007812
940.9287719726562
1263.3448486328125
595.48291015625
906.3841552734375
944.2186889648438
684.3118286132812
174.367919921875
924.4789428710938
935.9938354492188
1263.3448486328125
806.0403442382812
917.8990478515625
937.6387939453125
1210.70556640625
595.48291015625
916.2540283203125
942.57373046875
631.6724243164062
384.9254150390625
922.833984375
934.3488159179688
842.2299194335938
595.48291015625
909.6741333007812
935.9938354492188
842.2299194335938
595.48291015625
917.8990478515625
931.0588989257812
1052.7874755859375
1016.5978393554688
911.319091796875
909.6741333007812
1052.7874755859375
1016.5978393554688
891.579345703125
921.18896484375
842.2299194335938
806.0403442382812
903.09423828125
922.833984375
1263.3448486328125
1227.1553955078125
909.6741333007812
922.833984375
842.2299194335938
595.48291015625
909.6741333007812
922.833984375
842.2299194335938
806.0403442382812
912.964111328125
921.18896484375
842.2299194335938
595.48291015625
912.964111328125
911.319091796875
842.2299194335938
595.48291015625
908.0291748046875
912.964111328125
1263.3448486328125
1016.5978393554688
904.7391967773438
919.5440063476562
842.2299194335938
595.48291015625
906.3841552734375
894.8693237304688
1052.7874755859375
1016.5978393554688
886.6444091796875
904.7391967773438
1052.7874755859375
806.0403442382812
894.8693237304688
909.6741333007812
842.2299194335938
806.0403442382812
893.2243041992188
916.2540283203125
842.2299194335938
806.0403442382812
904.7391967773438
912.964111328125
842.2299194335938
806.0403442382812
909.6741333007812
911.319091796875
1263.3448486328125
1227.1553955078125
909.6741333007812
917.8990478515625
1052.7874755859375
806.0403442382812
917.8990478515625
901.44921875
1263.3448486328125
1227.1553955078125
889.9343872070312
903.09423828125
1052.7874755859375
806.0403442382812
893.2243041992188
899.8042602539062
631.6724243164062
595.48291015625
891.579345703125
893.2243041992188
1263.3448486328125
1227.1553955078125
883.3544311523438
898.1592407226562
631.6724243164062
595.48291015625
891.579345703125
889.9343872070312
842.2299194335938
1016.5978393554688
886.6444091796875
891.579345703125
1052.7874755859375
1016.5978393554688
881.70947265625
898.1592407226562
842.2299194335938
806.0403442382812
888.2893676757812
903.09423828125
1263.3448486328125
1016.5978393554688
888.2893676757812
899.8042602539062
631.6724243164062
384.9254150390625
886.6444091796875
894.8693237304688
842.2299194335938
806.0403442382812
883.3544311523438
899.8042602539062
842.2299194335938
806.0403442382812
889.9343872070312
896.5142822265625
842.2299194335938
806.0403442382812
886.6444091796875
894.8693237304688
631.6724243164062
595.48291015625
886.6444091796875
886.6444091796875
842.2299194335938
806.0403442382812
881.70947265625
888.2893676757812
421.1149597167969
806.0403442382812
880.064453125
884.9994506835938
842.2299194335938
1648.270263671875
871.839599609375
886.6444091796875
842.2299194335938
1437.7127685546875
870.194580078125
889.9343872070312
631.6724243164062
1227.1553955078125
883.3544311523438
896.5142822265625
631.6724243164062
1227.1553955078125
894.8693237304688
894.8693237304688
631.6724243164062
1227.1553955078125
891.579345703125
888.2893676757812
1263.3448486328125
1648.270263671875
883.3544311523438
876.7745361328125
1052.7874755859375
1437.7127685546875
866.9046630859375
876.7745361328125
1052.7874755859375
1437.7127685546875
861.9697265625
875.1295166015625
842.2299194335938
1227.1553955078125
866.9046630859375
873.4845581054688
1263.3448486328125
1648.270263671875
861.9697265625
881.70947265625
842.2299194335938
1016.5978393554688
866.9046630859375
886.6444091796875
842.2299194335938
1016.5978393554688
873.4845581054688
881.70947265625
1263.3448486328125
1227.1553955078125
865.2596435546875
888.2893676757812
631.6724243164062
806.0403442382812
866.9046630859375
878.4194946289062
1473.90234375
1437.7127685546875
858.6797485351562
878.4194946289062
1052.7874755859375
700.7615966796875
863.6146850585938
881.70947265625
1263.3448486328125
911.319091796875
863.6146850585938
886.6444091796875
1263.3448486328125
595.48291015625
881.70947265625
871.839599609375
1473.90234375
1016.5978393554688
863.6146850585938
871.839599609375
1473.90234375
1121.8765869140625
866.9046630859375
868.5496215820312
1473.90234375
1121.8765869140625
868.5496215820312
870.194580078125
1263.3448486328125
806.0403442382812
861.9697265625
868.5496215820312
1052.7874755859375
806.0403442382812
860.32470703125
871.839599609375
1263.3448486328125
1016.5978393554688
858.6797485351562
875.1295166015625
1263.3448486328125
1016.5978393554688
855.3897705078125
865.2596435546875
1473.90234375
1121.8765869140625
845.5198974609375
865.2596435546875
1052.7874755859375
595.48291015625
848.8098754882812
868.5496215820312
1052.7874755859375
595.48291015625
848.8098754882812
871.839599609375
1263.3448486328125
911.319091796875
848.8098754882812
868.5496215820312
1263.3448486328125
911.319091796875
847.1648559570312
876.7745361328125
1052.7874755859375
806.0403442382812
853.7448120117188
871.839599609375
1052.7874755859375
1016.5978393554688
848.8098754882812
873.4845581054688
421.1149597167969
595.48291015625
853.7448120117188
873.4845581054688
842.2299194335938
1227.1553955078125
843.8749389648438
875.1295166015625
631.6724243164062
806.0403442382812
852.0997924804688
866.9046630859375
631.6724243164062
806.0403442382812
857.0347290039062
880.064453125
631.6724243164062
806.0403442382812
861.9697265625
886.6444091796875
842.2299194335938
1016.5978393554688
868.5496215820312
888.2893676757812
842.2299194335938
1016.5978393554688
865.2596435546875
891.579345703125
421.1149597167969
595.48291015625
873.4845581054688
888.2893676757812
1052.7874755859375
1437.7127685546875
871.839599609375
891.579345703125
631.6724243164062
806.0403442382812
881.70947265625
891.579345703125
631.6724243164062
806.0403442382812
873.4845581054688
881.70947265625
1052.7874755859375
1227.1553955078125
855.3897705078125
886.6444091796875
842.2299194335938
806.0403442382812
866.9046630859375
886.6444091796875
842.2299194335938
806.0403442382812
861.9697265625
883.3544311523438
1052.7874755859375
1016.5978393554688
858.6797485351562
884.9994506835938
1052.7874755859375
806.0403442382812
863.6146850585938
884.9994506835938
421.1149597167969
174.367919921875
865.2596435546875
878.4194946289062
631.6724243164062
595.48291015625
858.6797485351562
880.064453125
1263.3448486328125
806.0403442382812
853.7448120117188
893.2243041992188
210.55747985839844
0.0
873.4845581054688
875.1295166015625
1263.3448486328125
1263.3448486328125
850.454833984375
886.6444091796875
1052.7874755859375
631.6724243164062
863.6146850585938
893.2243041992188
631.6724243164062
631.6724243164062
863.6146850585938
888.2893676757812
1263.3448486328125
1263.3448486328125
857.0347290039062
884.9994506835938
1263.3448486328125
1263.3448486328125
850.454833984375
886.6444091796875
1052.7874755859375
1052.7874755859375
855.3897705078125
884.9994506835938
1052.7874755859375
1052.7874755859375
857.0347290039062
883.3544311523438
842.2299194335938
1052.7874755859375
855.3897705078125
878.4194946289062
1052.7874755859375
1263.3448486328125
855.3897705078125
876.7745361328125
1052.7874755859375
1263.3448486328125
858.6797485351562
880.064453125
1263.3448486328125
1263.3448486328125
857.0347290039062
886.6444091796875
842.2299194335938
842.2299194335938
863.6146850585938
876.7745361328125
842.2299194335938
842.2299194335938
855.3897705078125
866.9046630859375
1052.7874755859375
1052.7874755859375
842.2299194335938
860.32470703125
1052.7874755859375
1052.7874755859375
837.2949829101562
868.5496215820312
1052.7874755859375
947.5086669921875
850.454833984375
871.839599609375
1052.7874755859375
947.5086669921875
850.454833984375
873.4845581054688
842.2299194335938
842.2299194335938
853.7448120117188
868.5496215820312
1052.7874755859375
1263.3448486328125
847.1648559570312
868.5496215820312
1052.7874755859375
1368.6236572265625
840.5849609375
870.194580078125
842.2299194335938
1158.066162109375
842.2299194335938
866.9046630859375
1052.7874755859375
1368.6236572265625
835.6500244140625
863.6146850585938
631.6724243164062
842.2299194335938
835.6500244140625
853.7448120117188
1052.7874755859375
1368.6236572265625
824.1351318359375
850.454833984375
631.6724243164062
736.951171875
832.3600463867188
837.2949829101562
631.6724243164062
736.951171875
812.6203002929688
820.84521484375
1052.7874755859375
1158.066162109375
797.8154907226562
804.3953857421875
419.4700012207031
195.75265502929688
779.720703125
776.4307250976562
1051.1424560546875
827.4251098632812
755.0459594726562
766.5608520507812
1261.699951171875
722.1463623046875
745.1760864257812
753.4010009765625
630.0274658203125
195.75265502929688
730.3712768554688
728.726318359375
1051.1424560546875
722.1463623046875
704.0515747070312
730.3712768554688
735.3062133789062
406.3101501464844
699.1166381835938
705.6965942382812
1051.1424560546875
722.1463623046875
682.6668701171875
697.4716796875
1156.421142578125
827.4251098632812
671.1519775390625
697.4716796875
1156.421142578125
827.4251098632812
664.5720825195312
695.82666015625
1051.1424560546875
511.5888977050781
661.2821044921875
705.6965942382812
840.5849609375
511.5888977050781
669.5070190429688
712.2764892578125
840.5849609375
511.5888977050781
676.0869140625
712.2764892578125
630.0274658203125
406.3101501464844
676.0869140625
725.4363403320312
945.8637084960938
827.4251098632812
687.601806640625
740.2411499023438
945.8637084960938
827.4251098632812
702.4066162109375
761.6259155273438
1051.1424560546875
827.4251098632812
722.1463623046875
764.9158325195312
840.5849609375
616.8676147460938
735.3062133789062
759.9808959960938
1051.1424560546875
827.4251098632812
732.0162353515625
787.945556640625
1261.699951171875
1037.9825439453125
758.3359375
794.5255126953125
1261.699951171875
932.703857421875
769.850830078125
822.4901733398438
1156.421142578125
932.703857421875
792.8805541992188
834.0050048828125
1156.421142578125
1037.9825439453125
801.1054077148438
842.2299194335938
1156.421142578125
1037.9825439453125
804.3953857421875
868.5496215820312
1156.421142578125
1037.9825439453125
832.3600463867188
863.6146850585938
1156.421142578125
1037.9825439453125
834.0050048828125
878.4194946289062
1366.9786376953125
1143.2613525390625
838.9400024414062
893.2243041992188
945.8637084960938
827.4251098632812
866.9046630859375
898.1592407226562
1156.421142578125
1037.9825439453125
873.4845581054688
919.5440063476562
1051.1424560546875
827.4251098632812
886.6444091796875
909.6741333007812
1051.1424560546875
827.4251098632812
883.3544311523438
919.5440063476562
1156.421142578125
932.703857421875
880.064453125
927.7689208984375
1051.1424560546875
932.703857421875
893.2243041992188
942.57373046875
1051.1424560546875
932.703857421875
909.6741333007812
942.57373046875
735.3062133789062
511.5888977050781
909.6741333007812
929.4138793945312
1051.1424560546875
932.703857421875
898.1592407226562
939.2837524414062
840.5849609375
722.1463623046875
906.3841552734375
947.5086669921875
419.4700012207031
511.5888977050781
921.18896484375
942.57373046875
524.7487182617188
722.1463623046875
917.8990478515625
950.7986450195312
419.4700012207031
722.1463623046875
922.833984375
934.3488159179688
945.8637084960938
1143.2613525390625
911.319091796875
940.9287719726562
840.5849609375
932.703857421875
914.6090698242188
944.2186889648438
735.3062133789062
932.703857421875
921.18896484375
945.8637084960938
524.7487182617188
722.1463623046875
922.833984375
955.7335815429688
419.4700012207031
722.1463623046875
931.0588989257812
944.2186889648438
840.5849609375
1143.2613525390625
917.8990478515625
935.9938354492188
1051.1424560546875
1143.2613525390625
904.7391967773438
932.703857421875
735.3062133789062
722.1463623046875
909.6741333007812
934.3488159179688
735.3062133789062
722.1463623046875
908.0291748046875
935.9938354492188
735.3062133789062
722.1463623046875
909.6741333007812
935.9938354492188
945.8637084960938
1143.2613525390625
906.3841552734375
942.57373046875
735.3062133789062
722.1463623046875
908.0291748046875
932.703857421875
735.3062133789062
722.1463623046875
906.3841552734375
932.703857421875
945.8637084960938
932.703857421875
904.7391967773438
931.0588989257812
945.8637084960938
932.703857421875
898.1592407226562
927.7689208984375
945.8637084960938
932.703857421875
903.09423828125
919.5440063476562
945.8637084960938
932.703857421875
896.5142822265625
922.833984375
524.7487182617188
511.5888977050781
904.7391967773438
911.319091796875
945.8637084960938
1143.2613525390625
889.9343872070312
904.7391967773438
1156.421142578125
1143.2613525390625
875.1295166015625
916.2540283203125
735.3062133789062
722.1463623046875
896.5142822265625
908.0291748046875
1156.421142578125
1143.2613525390625
889.9343872070312
912.964111328125
735.3062133789062
511.5888977050781
898.1592407226562
909.6741333007812
735.3062133789062
511.5888977050781
894.8693237304688
903.09423828125
945.8637084960938
722.1463623046875
883.3544311523438
904.7391967773438
945.8637084960938
722.1463623046875
891.579345703125
899.8042602539062
735.3062133789062
616.8676147460938
888.2893676757812
894.8693237304688
840.5849609375
722.1463623046875
883.3544311523438
891.579345703125
840.5849609375
827.4251098632812
878.4194946289062
888.2893676757812
840.5849609375
827.4251098632812
870.194580078125
886.6444091796875
735.3062133789062
722.1463623046875
871.839599609375
886.6444091796875
735.3062133789062
722.1463623046875
871.839599609375
889.9343872070312
419.4700012207031
511.5888977050781
873.4845581054688
880.064453125
1051.1424560546875
1248.5400390625
863.6146850585938
889.9343872070312
840.5849609375
932.703857421875
868.5496215820312
886.6444091796875
945.8637084960938
1143.2613525390625
861.9697265625
891.579345703125
840.5849609375
827.4251098632812
868.5496215820312
889.9343872070312
630.0274658203125
827.4251098632812
870.194580078125
886.6444091796875
840.5849609375
932.703857421875
866.9046630859375
878.4194946289062
840.5849609375
932.703857421875
861.9697265625
876.7745361328125
1051.1424560546875
1037.9825439453125
855.3897705078125
878.4194946289062
1051.1424560546875
1037.9825439453125
858.6797485351562
884.9994506835938
1261.699951171875
827.4251098632812
858.6797485351562
893.2243041992188
840.5849609375
0.0
868.5496215820312
883.3544311523438
1261.699951171875
421.1149597167969
865.2596435546875
876.7745361328125
1472.2574462890625
421.1149597167969
860.32470703125
876.7745361328125
1051.1424560546875
210.55747985839844
865.2596435546875
871.839599609375
1261.699951171875
421.1149597167969
857.0347290039062
865.2596435546875
1261.699951171875
421.1149597167969
847.1648559570312
873.4845581054688
1051.1424560546875
210.55747985839844
853.7448120117188
868.5496215820312
1261.699951171875
631.6724243164062
848.8098754882812
876.7745361328125
1261.699951171875
631.6724243164062
858.6797485351562
886.6444091796875
630.0274658203125
210.55747985839844
870.194580078125
866.9046630859375
1051.1424560546875
842.2299194335938
850.454833984375
863.6146850585938
1051.1424560546875
842.2299194335938
850.454833984375
863.6146850585938
630.0274658203125
631.6724243164062
848.8098754882812
866.9046630859375
840.5849609375
842.2299194335938
852.0997924804688
871.839599609375
840.5849609375
842.2299194335938
853.7448120117188
873.4845581054688
1156.421142578125
631.6724243164062
850.454833984375
873.4845581054688
1156.421142578125
631.6724243164062
857.0347290039062
875.1295166015625
1366.9786376953125
631.6724243164062
855.3897705078125
880.064453125
735.3062133789062
0.0
860.32470703125
870.194580078125
1366.9786376953125
842.2299194335938
845.5198974609375
870.194580078125
1051.1424560546875
421.1149597167969
843.8749389648438
861.9697265625
1051.1424560546875
631.6724243164062
838.9400024414062
863.6146850585938
735.3062133789062
421.1149597167969
845.5198974609375
857.0347290039062
945.8637084960938
842.2299194335938
840.5849609375
847.1648559570312
1051.1424560546875
842.2299194335938
832.3600463867188
852.0997924804688
1156.421142578125
842.2299194335938
830.715087890625
855.3897705078125
1156.421142578125
842.2299194335938
829.070068359375
863.6146850585938
630.0274658203125
421.1149597167969
840.5849609375
857.0347290039062
840.5849609375
842.2299194335938
835.6500244140625
848.8098754882812
1051.1424560546875
842.2299194335938
830.715087890625
845.5198974609375
840.5849609375
631.6724243164062
830.715087890625
842.2299194335938
735.3062133789062
736.951171875
827.4251098632812
843.8749389648438
735.3062133789062
842.2299194335938
829.070068359375
842.2299194335938
840.5849609375
947.5086669921875
824.1351318359375
850.454833984375
630.0274658203125
736.951171875
834.0050048828125
848.8098754882812
735.3062133789062
947.5086669921875
830.715087890625
857.0347290039062
419.4700012207031
526.3937377929688
834.0050048828125
848.8098754882812
419.4700012207031
736.951171875
830.715087890625
837.2949829101562
1261.699951171875
1579.18115234375
819.2001953125
848.8098754882812
1051.1424560546875
1052.7874755859375
827.4251098632812
855.3897705078125
630.0274658203125
631.6724243164062
834.0050048828125
850.454833984375
630.0274658203125
736.951171875
830.715087890625
842.2299194335938
630.0274658203125
736.951171875
825.7801513671875
842.2299194335938
840.5849609375
947.5086669921875
825.7801513671875
847.1648559570312
1051.1424560546875
1052.7874755859375
825.7801513671875
857.0347290039062
735.3062133789062
526.3937377929688
837.2949829101562
850.454833984375
524.7487182617188
526.3937377929688
834.0050048828125
847.1648559570312
486.9141845703125
445.7896728515625
837.2949829101562
837.2949829101562
697.4716796875
1077.462158203125
827.4251098632812
840.5849609375
697.4716796875
1288.0196533203125
822.4901733398438
848.8098754882812
276.356689453125
1288.0196533203125
832.3600463867188
842.2299194335938
276.356689453125
1288.0196533203125
827.4251098632812
858.6797485351562
65.7992172241211
1077.462158203125
840.5849609375
843.8749389648438
697.4716796875
1682.81494140625
825.7801513671875
850.454833984375
276.356689453125
1261.699951171875
829.070068359375
842.2299194335938
697.4716796875
1682.81494140625
822.4901733398438
848.8098754882812
276.356689453125
1051.1424560546875
825.7801513671875
850.454833984375
276.356689453125
1051.1424560546875
832.3600463867188
850.454833984375
486.9141845703125
1261.699951171875
837.2949829101562
852.0997924804688
697.4716796875
1261.699951171875
832.3600463867188
855.3897705078125
697.4716796875
1051.1424560546875
840.5849609375
852.0997924804688
908.0291748046875
1261.699951171875
835.6500244140625
865.2596435546875
486.9141845703125
630.0274658203125
847.1648559570312
865.2596435546875
486.9141845703125
630.0274658203125
847.1648559570312
863.6146850585938
1118.586669921875
1261.699951171875
840.5849609375
866.9046630859375
1118.586669921875
1261.699951171875
840.5849609375
865.2596435546875
1682.81494140625
1472.2574462890625
835.6500244140625
875.1295166015625
1051.1424560546875
840.5849609375
848.8098754882812
868.5496215820312
1261.699951171875
1261.699951171875
842.2299194335938
866.9046630859375
1051.1424560546875
1051.1424560546875
838.9400024414062
865.2596435546875
1051.1424560546875
1261.699951171875
835.6500244140625
865.2596435546875
1261.699951171875
1472.2574462890625
835.6500244140625
875.1295166015625
630.0274658203125
840.5849609375
843.8749389648438
871.839599609375
630.0274658203125
840.5849609375
842.2299194335938
876.7745361328125
630.0274658203125
840.5849609375
845.5198974609375
866.9046630859375
840.5849609375
1051.1424560546875
842.2299194335938
866.9046630859375
1051.1424560546875
1051.1424560546875
845.5198974609375
875.1295166015625
840.5849609375
840.5849609375
855.3897705078125
868.5496215820312
840.5849609375
840.5849609375
848.8098754882812
866.9046630859375
1051.1424560546875
1051.1424560546875
845.5198974609375
875.1295166015625
1051.1424560546875
630.0274658203125
853.7448120117188
863.6146850585938
1682.81494140625
1051.1424560546875
845.5198974609375
876.7745361328125
1261.699951171875
419.4700012207031
857.0347290039062
883.3544311523438
1261.699951171875
419.4700012207031
860.32470703125
888.2893676757812
1261.699951171875
419.4700012207031
866.9046630859375
876.7745361328125
1261.699951171875
630.0274658203125
858.6797485351562
870.194580078125
1682.81494140625
1051.1424560546875
850.454833984375
875.1295166015625
1261.699951171875
840.5849609375
860.32470703125
857.0347290039062
1682.81494140625
1261.699951171875
843.8749389648438
873.4845581054688
840.5849609375
419.4700012207031
858.6797485351562
868.5496215820312
1051.1424560546875
840.5849609375
855.3897705078125
863.6146850585938
1051.1424560546875
840.5849609375
848.8098754882812
865.2596435546875
1261.699951171875
1051.1424560546875
840.5849609375
873.4845581054688
840.5849609375
630.0274658203125
848.8098754882812
866.9046630859375
840.5849609375
840.5849609375
845.5198974609375
865.2596435546875
1051.1424560546875
1051.1424560546875
837.2949829101562
873.4845581054688
735.3062133789062
524.7487182617188
852.0997924804688
866.9046630859375
840.5849609375
630.0274658203125
847.1648559570312
852.0997924804688
840.5849609375
630.0274658203125
837.2949829101562
847.1648559570312
840.5849609375
735.3062133789062
830.715087890625
853.7448120117188
840.5849609375
630.0274658203125
835.6500244140625
853.7448120117188
840.5849609375
630.0274658203125
837.2949829101562
871.839599609375
735.3062133789062
524.7487182617188
848.8098754882812
871.839599609375
630.0274658203125
524.7487182617188
850.454833984375
855.3897705078125
1366.9786376953125
1261.699951171875
834.0050048828125
870.194580078125
1051.1424560546875
840.5849609375
843.8749389648438
865.2596435546875
735.3062133789062
524.7487182617188
842.2299194335938
866.9046630859375
524.7487182617188
419.4700012207031
850.454833984375
866.9046630859375
840.5849609375
840.5849609375
845.5198974609375
860.32470703125
840.5849609375
840.5849609375
837.2949829101562
865.2596435546875
1051.1424560546875
1051.1424560546875
832.3600463867188
876.7745361328125
630.0274658203125
524.7487182617188
842.2299194335938
884.9994506835938
419.4700012207031
314.1912536621094
850.454833984375
876.7745361328125
630.0274658203125
314.1912536621094
840.5849609375
873.4845581054688
630.0274658203125
103.63375854492188
842.2299194335938
880.064453125
630.0274658203125
103.63375854492188
847.1648559570312
870.194580078125
630.0274658203125
103.63375854492188
840.5849609375
881.70947265625
419.4700012207031
103.63375854492188
850.454833984375
873.4845581054688
840.5849609375
524.7487182617188
842.2299194335938
878.4194946289062
840.5849609375
314.1912536621094
848.8098754882812
889.9343872070312
419.4700012207031
103.63375854492188
858.6797485351562
878.4194946289062
1051.1424560546875
735.3062133789062
842.2299194335938
868.5496215820312
1051.1424560546875
735.3062133789062
830.715087890625
863.6146850585938
630.0274658203125
314.1912536621094
834.0050048828125
860.32470703125
1051.1424560546875
735.3062133789062
835.6500244140625
861.9697265625
1051.1424560546875
524.7487182617188
837.2949829101562
866.9046630859375
840.5849609375
524.7487182617188
838.9400024414062
858.6797485351562
1051.1424560546875
945.8637084960938
830.715087890625
861.9697265625
1261.699951171875
735.3062133789062
832.3600463867188
865.2596435546875
1051.1424560546875
314.1912536621094
842.2299194335938
853.7448120117188
1261.699951171875
735.3062133789062
832.3600463867188
865.2596435546875
1261.699951171875
524.7487182617188
838.9400024414062
871.839599609375
1051.1424560546875
524.7487182617188
853.7448120117188
861.9697265625
1472.2574462890625
1156.421142578125
837.2949829101562
863.6146850585938
1472.2574462890625
1156.421142578125
837.2949829101562
857.0347290039062
1261.699951171875
945.8637084960938
837.2949829101562
863.6146850585938
1261.699951171875
945.8637084960938
838.9400024414062
878.4194946289062
630.0274658203125
524.7487182617188
857.0347290039062
861.9697265625
1261.699951171875
1156.421142578125
838.9400024414062
866.9046630859375
1051.1424560546875
735.3062133789062
842.2299194335938
857.0347290039062
1051.1424560546875
945.8637084960938
830.715087890625
863.6146850585938
1051.1424560546875
945.8637084960938
837.2949829101562
866.9046630859375
630.0274658203125
735.3062133789062
838.9400024414062
853.7448120117188
1051.1424560546875
1156.421142578125
830.715087890625
861.9697265625
840.5849609375
524.7487182617188
838.9400024414062
861.9697265625
840.5849609375
735.3062133789062
834.0050048828125
863.6146850585938
840.5849609375
735.3062133789062
835.6500244140625
857.0347290039062
840.5849609375
735.3062133789062
834.0050048828125
858.6797485351562
840.5849609375
735.3062133789062
842.2299194335938
853.7448120117188
840.5849609375
735.3062133789062
834.0050048828125
855.3897705078125
419.4700012207031
314.1912536621094
840.5849609375
853.7448120117188
840.5849609375
945.8637084960938
835.6500244140625
847.1648559570312
1051.1424560546875
1156.421142578125
829.070068359375
858.6797485351562
630.0274658203125
524.7487182617188
838.9400024414062
860.32470703125
1051.1424560546875
1156.421142578125
838.9400024414062
873.4845581054688
840.5849609375
735.3062133789062
847.1648559570312
876.7745361328125
840.5849609375
735.3062133789062
852.0997924804688
875.1295166015625
840.5849609375
735.3062133789062
853.7448120117188
865.2596435546875
1051.1424560546875
945.8637084960938
843.8749389648438
865.2596435546875
840.5849609375
735.3062133789062
843.8749389648438
861.9697265625
840.5849609375
735.3062133789062
845.5198974609375
863.6146850585938
840.5849609375
735.3062133789062
850.454833984375
866.9046630859375
735.3062133789062
735.3062133789062
855.3897705078125
853.7448120117188
1472.2574462890625
1577.5361328125
845.5198974609375
858.6797485351562
1472.2574462890625
1366.9786376953125
845.5198974609375
878.4194946289062
524.7487182617188
524.7487182617188
870.194580078125
858.6797485351562
1156.421142578125
1261.699951171875
852.0997924804688
857.0347290039062
1261.699951171875
1261.699951171875
845.5198974609375
863.6146850585938
945.8637084960938
840.5849609375
853.7448120117188
863.6146850585938
945.8637084960938
840.5849609375
847.1648559570312
880.064453125
630.0274658203125
630.0274658203125
855.3897705078125
876.7745361328125
630.0274658203125
630.0274658203125
857.0347290039062
866.9046630859375
945.8637084960938
945.8637084960938
843.8749389648438
875.1295166015625
840.5849609375
840.5849609375
847.1648559570312
870.194580078125
840.5849609375
840.5849609375
843.8749389648438
863.6146850585938
1051.1424560546875
1051.1424560546875
834.0050048828125
871.839599609375
1110.3616943359375
991.9231567382812
842.2299194335938
868.5496215820312
689.2467651367188
781.3656616210938
848.8098754882812
868.5496215820312
268.1318054199219
570.8081665039062
847.1648559570312
876.7745361328125
268.1318054199219
570.8081665039062
855.3897705078125
857.0347290039062
689.2467651367188
991.9231567382812
842.2299194335938
857.0347290039062
899.8042602539062
991.9231567382812
838.9400024414062
871.839599609375
689.2467651367188
570.8081665039062
853.7448120117188
868.5496215820312
689.2467651367188
570.8081665039062
848.8098754882812
868.5496215820312
689.2467651367188
570.8081665039062
848.8098754882812
863.6146850585938
1110.3616943359375
991.9231567382812
843.8749389648438
863.6146850585938
899.8042602539062
781.3656616210938
842.2299194335938
878.4194946289062
899.8042602539062
781.3656616210938
852.0997924804688
883.3544311523438
689.2467651367188
781.3656616210938
855.3897705078125
878.4194946289062
689.2467651367188
781.3656616210938
855.3897705078125
861.9697265625
1110.3616943359375
1202.4805908203125
843.8749389648438
861.9697265625
1110.3616943359375
991.9231567382812
845.5198974609375
871.839599609375
689.2467651367188
570.8081665039062
858.6797485351562
873.4845581054688
899.8042602539062
570.8081665039062
858.6797485351562
873.4845581054688
1320.919189453125
570.8081665039062
852.0997924804688
876.7745361328125
1110.3616943359375
360.2507019042969
853.7448120117188
873.4845581054688
1110.3616943359375
360.2507019042969
852.0997924804688
870.194580078125
1110.3616943359375
360.2507019042969
852.0997924804688
868.5496215820312
899.8042602539062
360.2507019042969
853.7448120117188
861.9697265625
1320.919189453125
781.3656616210938
847.1648559570312
868.5496215820312
1110.3616943359375
360.2507019042969
852.0997924804688
868.5496215820312
899.8042602539062
360.2507019042969
852.0997924804688
863.6146850585938
1110.3616943359375
781.3656616210938
847.1648559570312
861.9697265625
1320.919189453125
991.9231567382812
838.9400024414062
870.194580078125
1110.3616943359375
781.3656616210938
845.5198974609375
865.2596435546875
1320.919189453125
1202.4805908203125
840.5849609375
870.194580078125
899.8042602539062
570.8081665039062
848.8098754882812
875.1295166015625
899.8042602539062
991.9231567382812
848.8098754882812
868.5496215820312
1110.3616943359375
991.9231567382812
843.8749389648438
868.5496215820312
478.68927001953125
360.2507019042969
847.1648559570312
865.2596435546875
1005.0830078125
781.3656616210938
842.2299194335938
865.2596435546875
583.968017578125
149.69320678710938
853.7448120117188
868.5496215820312
689.2467651367188
360.2507019042969
855.3897705078125
871.839599609375
689.2467651367188
360.2507019042969
853.7448120117188
861.9697265625
689.2467651367188
360.2507019042969
843.8749389648438
853.7448120117188
1110.3616943359375
781.3656616210938
832.3600463867188
857.0347290039062
899.8042602539062
570.8081665039062
838.9400024414062
850.454833984375
794.5255126953125
570.8081665039062
832.3600463867188
850.454833984375
1110.3616943359375
781.3656616210938
830.715087890625
852.0997924804688
1110.3616943359375
781.3656616210938
834.0050048828125
858.6797485351562
1110.3616943359375
781.3656616210938
835.6500244140625
865.2596435546875
1110.3616943359375
781.3656616210938
843.8749389648438
863.6146850585938
689.2467651367188
570.8081665039062
845.5198974609375
848.8098754882812
1215.6405029296875
1202.4805908203125
827.4251098632812
848.8098754882812
1005.0830078125
781.3656616210938
825.7801513671875
850.454833984375
268.1318054199219
570.8081665039062
832.3600463867188
845.5198974609375
899.8042602539062
1202.4805908203125
829.070068359375
845.5198974609375
899.8042602539062
991.9231567382812
829.070068359375
848.8098754882812
1005.0830078125
1202.4805908203125
829.070068359375
855.3897705078125
1005.0830078125
991.9231567382812
830.715087890625
855.3897705078125
583.968017578125
781.3656616210938
830.715087890625
857.0347290039062
583.968017578125
781.3656616210938
832.3600463867188
857.0347290039062
583.968017578125
781.3656616210938
834.0050048828125
853.7448120117188
1005.0830078125
991.9231567382812
827.4251098632812
853.7448120117188
1005.0830078125
991.9231567382812
829.070068359375
863.6146850585938
794.5255126953125
781.3656616210938
834.0050048828125
863.6146850585938
794.5255126953125
781.3656616210938
835.6500244140625
870.194580078125
478.68927001953125
570.8081665039062
843.8749389648438
860.32470703125
689.2467651367188
781.3656616210938
837.2949829101562
861.9697265625
1320.919189453125
1202.4805908203125
837.2949829101562
852.0997924804688
689.2467651367188
570.8081665039062
834.0050048828125
855.3897705078125
689.2467651367188
570.8081665039062
842.2299194335938
855.3897705078125
1005.0830078125
781.3656616210938
843.8749389648438
842.2299194335938
1215.6405029296875
886.6444091796875
829.070068359375
857.0347290039062
1005.0830078125
676.0869140625
835.6500244140625
858.6797485351562
1005.0830078125
781.3656616210938
838.9400024414062
861.9697265625
583.968017578125
360.2507019042969
843.8749389648438
861.9697265625
1005.0830078125
886.6444091796875
838.9400024414062
853.7448120117188
1110.3616943359375
991.9231567382812
825.7801513671875
857.0347290039062
1005.0830078125
886.6444091796875
822.4901733398438
861.9697265625
1005.0830078125
886.6444091796875
829.070068359375
868.5496215820312
899.8042602539062
886.6444091796875
834.0050048828125
875.1295166015625
1215.6405029296875
1097.201904296875
838.9400024414062
880.064453125
478.68927001953125
360.2507019042969
850.454833984375
865.2596435546875
689.2467651367188
781.3656616210938
845.5198974609375
858.6797485351562
794.5255126953125
781.3656616210938
838.9400024414062
857.0347290039062
794.5255126953125
886.6444091796875
830.715087890625
852.0997924804688
1215.6405029296875
1307.7593994140625
822.4901733398438
870.194580078125
794.5255126953125
676.0869140625
837.2949829101562
868.5496215820312
794.5255126953125
676.0869140625
845.5198974609375
857.0347290039062
794.5255126953125
886.6444091796875
837.2949829101562
850.454833984375
1005.0830078125
1097.201904296875
829.070068359375
847.1648559570312
583.968017578125
676.0869140625
832.3600463867188
840.5849609375
583.968017578125
886.6444091796875
824.1351318359375
840.5849609375
373.4105529785156
676.0869140625
827.4251098632812
825.7801513671875
794.5255126953125
1097.201904296875
807.6853637695312
827.4251098632812
794.5255126953125
886.6444091796875
802.7504272460938
837.2949829101562
583.968017578125
886.6444091796875
810.9752807617188
835.6500244140625
1005.0830078125
1097.201904296875
810.9752807617188
840.5849609375
583.968017578125
676.0869140625
817.5552368164062
837.2949829101562
794.5255126953125
886.6444091796875
814.2652587890625
837.2949829101562
1005.0830078125
886.6444091796875
815.9102783203125
845.5198974609375
583.968017578125
465.5294494628906
820.84521484375
847.1648559570312
1005.0830078125
465.5294494628906
820.84521484375
847.1648559570312
1215.6405029296875
465.5294494628906
819.2001953125
840.5849609375
1005.0830078125
465.5294494628906
817.5552368164062
834.0050048828125
1426.197998046875
886.6444091796875
810.9752807617188
838.9400024414062
1215.6405029296875
465.5294494628906
817.5552368164062
840.5849609375
1215.6405029296875
465.5294494628906
817.5552368164062
842.2299194335938
1005.0830078125
465.5294494628906
817.5552368164062
832.3600463867188
1426.197998046875
886.6444091796875
807.6853637695312
838.9400024414062
1005.0830078125
465.5294494628906
815.9102783203125
834.0050048828125
1005.0830078125
465.5294494628906
810.9752807617188
834.0050048828125
1426.197998046875
886.6444091796875
809.330322265625
842.2299194335938
794.5255126953125
465.5294494628906
817.5552368164062
832.3600463867188
1005.0830078125
886.6444091796875
807.6853637695312
834.0050048828125
1005.0830078125
886.6444091796875
807.6853637695312
843.8749389648438
373.4105529785156
465.5294494628906
824.1351318359375
840.5849609375
794.5255126953125
886.6444091796875
819.2001953125
847.1648559570312
373.4105529785156
465.5294494628906
829.070068359375
850.454833984375
162.85305786132812
465.5294494628906
827.4251098632812
840.5849609375
794.5255126953125
1097.201904296875
815.9102783203125
843.8749389648438
794.5255126953125
676.0869140625
815.9102783203125
852.0997924804688
583.968017578125
676.0869140625
824.1351318359375
847.1648559570312
1005.0830078125
1097.201904296875
819.2001953125
857.0347290039062
794.5255126953125
676.0869140625
829.070068359375
861.9697265625
1005.0830078125
1097.201904296875
835.6500244140625
847.1648559570312
1215.6405029296875
1097.201904296875
824.1351318359375
853.7448120117188
583.968017578125
465.5294494628906
829.070068359375
852.0997924804688
794.5255126953125
886.6444091796875
827.4251098632812
850.454833984375
794.5255126953125
886.6444091796875
824.1351318359375
853.7448120117188
1005.0830078125
1307.7593994140625
822.4901733398438
860.32470703125
794.5255126953125
886.6444091796875
832.3600463867188
863.6146850585938
794.5255126953125
886.6444091796875
835.6500244140625
863.6146850585938
1005.0830078125
1097.201904296875
832.3600463867188
861.9697265625
708.9865112304688
590.5479125976562
835.6500244140625
857.0347290039062
498.4290466308594
801.1054077148438
834.0050048828125
848.8098754882812
498.4290466308594
906.3841552734375
825.7801513671875
857.0347290039062
498.4290466308594
906.3841552734375
830.715087890625
863.6146850585938
287.8715515136719
695.82666015625
842.2299194335938
866.9046630859375
498.4290466308594
1011.6629028320312
838.9400024414062
871.839599609375
287.8715515136719
590.5479125976562
845.5198974609375
860.32470703125
77.31407928466797
590.5479125976562
840.5849609375
848.8098754882812
919.5440063476562
1432.77783203125
825.7801513671875
858.6797485351562
708.9865112304688
906.3841552734375
834.0050048828125
855.3897705078125
919.5440063476562
1222.2203369140625
830.715087890625
860.32470703125
708.9865112304688
695.82666015625
835.6500244140625
858.6797485351562
708.9865112304688
695.82666015625
834.0050048828125
860.32470703125
919.5440063476562
801.1054077148438
837.2949829101562
863.6146850585938
919.5440063476562
906.3841552734375
834.0050048828125
868.5496215820312
708.9865112304688
695.82666015625
842.2299194335938
865.2596435546875
708.9865112304688
695.82666015625
842.2299194335938
875.1295166015625
708.9865112304688
274.71173095703125
852.0997924804688
871.839599609375
708.9865112304688
274.71173095703125
852.0997924804688
863.6146850585938
1130.1014404296875
906.3841552734375
842.2299194335938
857.0347290039062
1551.2164306640625
1116.941650390625
838.9400024414062
868.5496215820312
708.9865112304688
274.71173095703125
852.0997924804688
875.1295166015625
708.9865112304688
485.2691955566406
857.0347290039062
868.5496215820312
708.9865112304688
485.2691955566406
850.454833984375
866.9046630859375
708.9865112304688
485.2691955566406
848.8098754882812
865.2596435546875
919.5440063476562
695.82666015625
843.8749389648438
871.839599609375
919.5440063476562
485.2691955566406
848.8098754882812
868.5496215820312
498.4290466308594
274.71173095703125
852.0997924804688
860.32470703125
919.5440063476562
906.3841552734375
842.2299194335938
866.9046630859375
919.5440063476562
695.82666015625
842.2299194335938
871.839599609375
708.9865112304688
695.82666015625
848.8098754882812
871.839599609375
1130.1014404296875
1116.941650390625
845.5198974609375
875.1295166015625
287.8715515136719
274.71173095703125
853.7448120117188
871.839599609375
919.5440063476562
1011.6629028320312
850.454833984375
881.70947265625
814.2652587890625
485.2691955566406
858.6797485351562
884.9994506835938
498.4290466308594
379.9904479980469
861.9697265625
871.839599609375
1235.3802490234375
1116.941650390625
848.8098754882812
866.9046630859375
814.2652587890625
485.2691955566406
847.1648559570312
865.2596435546875
814.2652587890625
590.5479125976562
847.1648559570312
871.839599609375
814.2652587890625
590.5479125976562
850.454833984375
876.7745361328125
603.707763671875
485.2691955566406
858.6797485351562
870.194580078125
1024.82275390625
1011.6629028320312
850.454833984375
873.4845581054688
1024.82275390625
906.3841552734375
852.0997924804688
873.4845581054688
1130.1014404296875
1011.6629028320312
848.8098754882812
871.839599609375
919.5440063476562
695.82666015625
850.454833984375
876.7745361328125
708.9865112304688
590.5479125976562
855.3897705078125
866.9046630859375
814.2652587890625
695.82666015625
847.1648559570312
868.5496215820312
919.5440063476562
906.3841552734375
847.1648559570312
871.839599609375
814.2652587890625
695.82666015625
848.8098754882812
878.4194946289062
603.707763671875
695.82666015625
853.7448120117188
884.9994506835938
393.1502990722656
485.2691955566406
860.32470703125
881.70947265625
393.1502990722656
485.2691955566406
865.2596435546875
883.3544311523438
603.707763671875
695.82666015625
863.6146850585938
870.194580078125
814.2652587890625
695.82666015625
852.0997924804688
868.5496215820312
603.707763671875
485.2691955566406
850.454833984375
871.839599609375
603.707763671875
485.2691955566406
850.454833984375
861.9697265625
1235.3802490234375
1116.941650390625
840.5849609375
865.2596435546875
1235.3802490234375
1116.941650390625
845.5198974609375
875.1295166015625
708.9865112304688
695.82666015625
855.3897705078125
876.7745361328125
708.9865112304688
695.82666015625
857.0347290039062
881.70947265625
498.4290466308594
485.2691955566406
861.9697265625
876.7745361328125
603.707763671875
695.82666015625
860.32470703125
860.32470703125
1235.3802490234375
1116.941650390625
847.1648559570312
866.9046630859375
603.707763671875
485.2691955566406
850.454833984375
861.9697265625
603.707763671875
485.2691955566406
848.8098754882812
863.6146850585938
708.9865112304688
695.82666015625
847.1648559570312
863.6146850585938
919.5440063476562
906.3841552734375
840.5849609375
861.9697265625
1024.82275390625
906.3841552734375
835.6500244140625
866.9046630859375
919.5440063476562
695.82666015625
842.2299194335938
866.9046630859375
708.9865112304688
590.5479125976562
845.5198974609375
865.2596435546875
1024.82275390625
1011.6629028320312
843.8749389648438
855.3897705078125
1024.82275390625
801.1054077148438
830.715087890625
847.1648559570312
814.2652587890625
801.1054077148438
827.4251098632812
840.5849609375
1445.937744140625
1327.4991455078125
822.4901733398438
847.1648559570312
708.9865112304688
485.2691955566406
829.070068359375
850.454833984375
919.5440063476562
906.3841552734375
832.3600463867188
855.3897705078125
1024.82275390625
1011.6629028320312
830.715087890625
848.8098754882812
1024.82275390625
906.3841552734375
829.070068359375
855.3897705078125
814.2652587890625
801.1054077148438
832.3600463867188
858.6797485351562
919.5440063476562
906.3841552734375
832.3600463867188
855.3897705078125
1024.82275390625
906.3841552734375
829.070068359375
857.0347290039062
814.2652587890625
695.82666015625
830.715087890625
850.454833984375
814.2652587890625
801.1054077148438
829.070068359375
848.8098754882812
919.5440063476562
906.3841552734375
824.1351318359375
853.7448120117188
919.5440063476562
906.3841552734375
824.1351318359375
855.3897705078125
814.2652587890625
801.1054077148438
834.0050048828125
852.0997924804688
1024.82275390625
1011.6629028320312
827.4251098632812
858.6797485351562
603.707763671875
590.5479125976562
834.0050048828125
860.32470703125
498.4290466308594
590.5479125976562
834.0050048828125
852.0997924804688
1235.3802490234375
1327.4991455078125
824.1351318359375
852.0997924804688
814.2652587890625
695.82666015625
829.070068359375
852.0997924804688
708.9865112304688
695.82666015625
830.715087890625
853.7448120117188
1130.1014404296875
1116.941650390625
824.1351318359375
840.5849609375
1235.3802490234375
1222.2203369140625
814.2652587890625
847.1648559570312
1235.3802490234375
1222.2203369140625
822.4901733398438
860.32470703125
393.1502990722656
379.9904479980469
837.2949829101562
850.454833984375
814.2652587890625
1011.6629028320312
830.715087890625
863.6146850585938
814.2652587890625
801.1054077148438
837.2949829101562
855.3897705078125
708.9865112304688
801.1054077148438
832.3600463867188
842.2299194335938
1551.2164306640625
1643.3353271484375
817.5552368164062
861.9697265625
708.9865112304688
590.5479125976562
834.0050048828125
853.7448120117188
814.2652587890625
801.1054077148438
830.715087890625
860.32470703125
814.2652587890625
801.1054077148438
835.6500244140625
860.32470703125
603.707763671875
590.5479125976562
840.5849609375
845.5198974609375
919.5440063476562
801.1054077148438
832.3600463867188
847.1648559570312
814.2652587890625
801.1054077148438
825.7801513671875
837.2949829101562
1340.658935546875
1011.6629028320312
814.2652587890625
855.3897705078125
603.707763671875
379.9904479980469
827.4251098632812
853.7448120117188
708.9865112304688
590.5479125976562
825.7801513671875
825.7801513671875
919.5440063476562
801.1054077148438
801.1054077148438
824.1351318359375
919.5440063476562
801.1054077148438
801.1054077148438
822.4901733398438
708.9865112304688
590.5479125976562
806.0403442382812
825.7801513671875
814.2652587890625
801.1054077148438
806.0403442382812
822.4901733398438
814.2652587890625
801.1054077148438
801.1054077148438
822.4901733398438
393.1502990722656
590.5479125976562
804.3953857421875
814.2652587890625
814.2652587890625
1011.6629028320312
796.1704711914062
822.4901733398438
603.707763671875
590.5479125976562
802.7504272460938
825.7801513671875
182.5928192138672
379.9904479980469
810.9752807617188
814.2652587890625
814.2652587890625
1011.6629028320312
796.1704711914062
824.1351318359375
603.707763671875
590.5479125976562
802.7504272460938
825.7801513671875
603.707763671875
590.5479125976562
806.0403442382812
824.1351318359375
603.707763671875
590.5479125976562
806.0403442382812
815.9102783203125
1024.82275390625
1011.6629028320312
794.5255126953125
827.4251098632812
814.2652587890625
801.1054077148438
802.7504272460938
824.1351318359375
1024.82275390625
1011.6629028320312
801.1054077148438
822.4901733398438
814.2652587890625
590.5479125976562
801.1054077148438
829.070068359375
603.707763671875
590.5479125976562
809.330322265625
820.84521484375
1024.82275390625
1011.6629028320312
802.7504272460938
819.2001953125
1024.82275390625
1011.6629028320312
804.3953857421875
832.3600463867188
685.956787109375
628.3825073242188
815.9102783203125
832.3600463867188
685.956787109375
733.6612548828125
814.2652587890625
832.3600463867188
685.956787109375
838.9400024414062
812.6203002929688
837.2949829101562
791.2355346679688
838.9400024414062
817.5552368164062
835.6500244140625
685.956787109375
838.9400024414062
815.9102783203125
848.8098754882812
791.2355346679688
838.9400024414062
824.1351318359375
858.6797485351562
370.1205749511719
417.82501220703125
837.2949829101562
850.454833984375
791.2355346679688
1049.4974365234375
829.070068359375
843.8749389648438
1317.6292724609375
1365.333740234375
820.84521484375
857.0347290039062
791.2355346679688
628.3825073242188
832.3600463867188
863.6146850585938
685.956787109375
628.3825073242188
840.5849609375
875.1295166015625
580.6780395507812
523.103759765625
845.5198974609375
871.839599609375
685.956787109375
733.6612548828125
842.2299194335938
863.6146850585938
1107.07177734375
1154.7762451171875
835.6500244140625
875.1295166015625
896.5142822265625
733.6612548828125
838.9400024414062
876.7745361328125
685.956787109375
628.3825073242188
845.5198974609375
875.1295166015625
791.2355346679688
838.9400024414062
845.5198974609375
881.70947265625
1001.7930297851562
838.9400024414062
850.454833984375
886.6444091796875
1001.7930297851562
628.3825073242188
857.0347290039062
881.70947265625
1001.7930297851562
628.3825073242188
857.0347290039062
876.7745361328125
1001.7930297851562
628.3825073242188
853.7448120117188
868.5496215820312
1212.3504638671875
838.9400024414062
838.9400024414062
876.7745361328125
1001.7930297851562
628.3825073242188
847.1648559570312
873.4845581054688
1001.7930297851562
628.3825073242188
845.5198974609375
880.064453125
791.2355346679688
417.82501220703125
852.0997924804688
871.839599609375
1001.7930297851562
838.9400024414062
845.5198974609375
873.4845581054688
1212.3504638671875
838.9400024414062
847.1648559570312
880.064453125
580.6780395507812
207.26751708984375
858.6797485351562
880.064453125
1001.7930297851562
838.9400024414062
852.0997924804688
883.3544311523438
1001.7930297851562
838.9400024414062
857.0347290039062
881.70947265625
791.2355346679688
628.3825073242188
857.0347290039062
876.7745361328125
1001.7930297851562
1049.4974365234375
852.0997924804688
873.4845581054688
1001.7930297851562
838.9400024414062
850.454833984375
878.4194946289062
580.6780395507812
1049.4974365234375
855.3897705078125
883.3544311523438
791.2355346679688
1260.054931640625
855.3897705078125
880.064453125
791.2355346679688
1260.054931640625
853.7448120117188
883.3544311523438
580.6780395507812
838.9400024414062
858.6797485351562
886.6444091796875
580.6780395507812
838.9400024414062
861.9697265625
875.1295166015625
1422.907958984375
1470.6124267578125
848.8098754882812
891.579345703125
580.6780395507812
417.82501220703125
868.5496215820312
870.194580078125
1212.3504638671875
1260.054931640625
847.1648559570312
871.839599609375
1212.3504638671875
1049.4974365234375
845.5198974609375
875.1295166015625
791.2355346679688
838.9400024414062
848.8098754882812
858.6797485351562
1422.907958984375
1470.6124267578125
829.070068359375
866.9046630859375
791.2355346679688
838.9400024414062
840.5849609375
861.9697265625
1001.7930297851562
1049.4974365234375
838.9400024414062
865.2596435546875
1001.7930297851562
1049.4974365234375
843.8749389648438
866.9046630859375
1001.7930297851562
1049.4974365234375
845.5198974609375
860.32470703125
1001.7930297851562
1049.4974365234375
840.5849609375
857.0347290039062
1001.7930297851562
944.2186889648438
842.2299194335938
861.9697265625
370.1205749511719
312.5462646484375
850.454833984375
853.7448120117188
1001.7930297851562
1154.7762451171875
847.1648559570312
863.6146850585938
1001.7930297851562
838.9400024414062
848.8098754882812
870.194580078125
791.2355346679688
733.6612548828125
857.0347290039062
873.4845581054688
791.2355346679688
733.6612548828125
860.32470703125
861.9697265625
1001.7930297851562
944.2186889648438
850.454833984375
858.6797485351562
1001.7930297851562
944.2186889648438
850.454833984375
852.0997924804688
1001.7930297851562
944.2186889648438
838.9400024414062
857.0347290039062
1107.07177734375
944.2186889648438
837.2949829101562
866.9046630859375
580.6780395507812
417.82501220703125
847.1648559570312
857.0347290039062
685.956787109375
523.103759765625
837.2949829101562
861.9697265625
580.6780395507812
523.103759765625
842.2299194335938
863.6146850585938
791.2355346679688
733.6612548828125
842.2299194335938
858.6797485351562
896.5142822265625
838.9400024414062
837.2949829101562
857.0347290039062
896.5142822265625
838.9400024414062
837.2949829101562
861.9697265625
896.5142822265625
733.6612548828125
840.5849609375
860.32470703125
896.5142822265625
838.9400024414062
840.5849609375
868.5496215820312
1107.07177734375
944.2186889648438
845.5198974609375
868.5496215820312
1107.07177734375
838.9400024414062
845.5198974609375
858.6797485351562
1317.6292724609375
1154.7762451171875
835.6500244140625
858.6797485351562
1107.07177734375
733.6612548828125
837.2949829101562
852.0997924804688
896.5142822265625
733.6612548828125
834.0050048828125
858.6797485351562
896.5142822265625
733.6612548828125
845.5198974609375
861.9697265625
791.2355346679688
628.3825073242188
850.454833984375
863.6146850585938
1317.6292724609375
1154.7762451171875
850.454833984375
871.839599609375
1212.3504638671875
944.2186889648438
855.3897705078125
868.5496215820312
1422.907958984375
1049.4974365234375
848.8098754882812
883.3544311523438
791.2355346679688
417.82501220703125
863.6146850585938
876.7745361328125
896.5142822265625
628.3825073242188
857.0347290039062
870.194580078125
1001.7930297851562
838.9400024414062
855.3897705078125
868.5496215820312
1001.7930297851562
838.9400024414062
848.8098754882812
868.5496215820312
580.6780395507812
733.6612548828125
850.454833984375
870.194580078125
685.956787109375
838.9400024414062
852.0997924804688
868.5496215820312
791.2355346679688
838.9400024414062
848.8098754882812
866.9046630859375
685.956787109375
838.9400024414062
850.454833984375
866.9046630859375
791.2355346679688
944.2186889648438
855.3897705078125
875.1295166015625
580.6780395507812
733.6612548828125
858.6797485351562
870.194580078125
580.6780395507812
838.9400024414062
858.6797485351562
858.6797485351562
1001.7930297851562
1154.7762451171875
847.1648559570312
863.6146850585938
580.6780395507812
523.103759765625
852.0997924804688
861.9697265625
580.6780395507812
523.103759765625
855.3897705078125
863.6146850585938
1107.07177734375
1049.4974365234375
845.5198974609375
861.9697265625
1107.07177734375
944.2186889648438
848.8098754882812
863.6146850585938
1107.07177734375
944.2186889648438
850.454833984375
871.839599609375
896.5142822265625
733.6612548828125
860.32470703125
880.064453125
475.3993225097656
523.103759765625
871.839599609375
870.194580078125
1001.7930297851562
1049.4974365234375
852.0997924804688
871.839599609375
791.2355346679688
838.9400024414062
852.0997924804688
865.2596435546875
1001.7930297851562
1049.4974365234375
847.1648559570312
876.7745361328125
264.8418273925781
417.82501220703125
858.6797485351562
868.5496215820312
475.3993225097656
838.9400024414062
847.1648559570312
880.064453125
370.1205749511719
628.3825073242188
853.7448120117188
886.6444091796875
264.8418273925781
628.3825073242188
857.0347290039062
888.2893676757812
791.2355346679688
1049.4974365234375
857.0347290039062
901.44921875
580.6780395507812
838.9400024414062
871.839599609375
896.5142822265625
791.2355346679688
1049.4974365234375
870.194580078125
908.0291748046875
580.6780395507812
838.9400024414062
875.1295166015625
917.8990478515625
475.3993225097656
838.9400024414062
883.3544311523438
912.964111328125
475.3993225097656
838.9400024414062
881.70947265625
898.1592407226562
896.5142822265625
1260.054931640625
866.9046630859375
901.44921875
896.5142822265625
1049.4974365234375
873.4845581054688
896.5142822265625
896.5142822265625
1049.4974365234375
866.9046630859375
901.44921875
896.5142822265625
838.9400024414062
863.6146850585938
903.09423828125
370.1205749511719
312.5462646484375
870.194580078125
889.9343872070312
791.2355346679688
838.9400024414062
858.6797485351562
889.9343872070312
791.2355346679688
733.6612548828125
858.6797485351562
888.2893676757812
896.5142822265625
838.9400024414062
853.7448120117188
889.9343872070312
791.2355346679688
628.3825073242188
858.6797485351562
886.6444091796875
791.2355346679688
628.3825073242188
855.3897705078125
881.70947265625
791.2355346679688
523.103759765625
855.3897705078125
876.7745361328125
685.956787109375
523.103759765625
855.3897705078125
871.839599609375
1107.07177734375
1049.4974365234375
847.1648559570312
876.7745361328125
896.5142822265625
733.6612548828125
852.0997924804688
880.064453125
896.5142822265625
944.2186889648438
855.3897705078125
876.7745361328125
1212.3504638671875
1049.4974365234375
848.8098754882812
883.3544311523438
580.6780395507812
417.82501220703125
853.7448120117188
884.9994506835938
791.2355346679688
733.6612548828125
853.7448120117188
886.6444091796875
896.5142822265625
838.9400024414062
857.0347290039062
888.2893676757812
896.5142822265625
733.6612548828125
857.0347290039062
889.9343872070312
850.454833984375
838.9400024414062
858.6797485351562
889.9343872070312
639.8973388671875
838.9400024414062
857.0347290039062
884.9994506835938
639.8973388671875
1049.4974365234375
847.1648559570312
880.064453125
1061.0123291015625
1470.6124267578125
840.5849609375
881.70947265625
639.8973388671875
838.9400024414062
847.1648559570312
868.5496215820312
639.8973388671875
1049.4974365234375
838.9400024414062
873.4845581054688
429.3398742675781
838.9400024414062
840.5849609375
860.32470703125
850.454833984375
1260.054931640625
829.070068359375
852.0997924804688
1271.56982421875
1681.169921875
819.2001953125
861.9697265625
639.8973388671875
838.9400024414062
829.070068359375
860.32470703125
639.8973388671875
838.9400024414062
830.715087890625
861.9697265625
639.8973388671875
838.9400024414062
837.2949829101562
857.0347290039062
639.8973388671875
838.9400024414062
834.0050048828125
853.7448120117188
1061.0123291015625
1260.054931640625
829.070068359375
860.32470703125
639.8973388671875
628.3825073242188
835.6500244140625
865.2596435546875
639.8973388671875
628.3825073242188
840.5849609375
863.6146850585938
850.454833984375
838.9400024414062
837.2949829101562
852.0997924804688
1166.291015625
1049.4974365234375
827.4251098632812
853.7448120117188
850.454833984375
733.6612548828125
835.6500244140625
847.1648559570312
850.454833984375
733.6612548828125
824.1351318359375
845.5198974609375
850.454833984375
838.9400024414062
827.4251098632812
847.1648559570312
955.7335815429688
838.9400024414062
822.4901733398438
855.3897705078125
850.454833984375
733.6612548828125
830.715087890625
853.7448120117188
850.454833984375
733.6612548828125
829.070068359375
861.9697265625
429.3398742675781
312.5462646484375
843.8749389648438
850.454833984375
1061.0123291015625
1154.7762451171875
827.4251098632812
847.1648559570312
1166.291015625
1154.7762451171875
824.1351318359375
848.8098754882812
745.1760864257812
628.3825073242188
829.070068359375
852.0997924804688
745.1760864257812
628.3825073242188
832.3600463867188
853.7448120117188
534.6185913085938
523.103759765625
837.2949829101562
850.454833984375
850.454833984375
944.2186889648438
832.3600463867188
857.0347290039062
1166.291015625
1154.7762451171875
834.0050048828125
857.0347290039062
745.1760864257812
628.3825073242188
837.2949829101562
855.3897705078125
850.454833984375
838.9400024414062
840.5849609375
861.9697265625
955.7335815429688
1049.4974365234375
845.5198974609375
847.1648559570312
1271.56982421875
1470.6124267578125
834.0050048828125
847.1648559570312
1061.0123291015625
1260.054931640625
829.070068359375
850.454833984375
1061.0123291015625
1260.054931640625
830.715087890625
848.8098754882812
850.454833984375
1049.4974365234375
827.4251098632812
852.0997924804688
850.454833984375
1260.054931640625
830.715087890625
843.8749389648438
1271.56982421875
1470.6124267578125
825.7801513671875
853.7448120117188
639.8973388671875
838.9400024414062
834.0050048828125
848.8098754882812
955.7335815429688
1260.054931640625
827.4251098632812
853.7448120117188
1166.291015625
1260.054931640625
827.4251098632812
852.0997924804688
850.454833984375
838.9400024414062
824.1351318359375
845.5198974609375
955.7335815429688
1049.4974365234375
819.2001953125
847.1648559570312
1061.0123291015625
1049.4974365234375
820.84521484375
857.0347290039062
745.1760864257812
628.3825073242188
829.070068359375
860.32470703125
850.454833984375
838.9400024414062
834.0050048828125
858.6797485351562
955.7335815429688
1049.4974365234375
838.9400024414062
863.6146850585938
850.454833984375
1049.4974365234375
842.2299194335938
863.6146850585938
745.1760864257812
1049.4974365234375
842.2299194335938
870.194580078125
955.7335815429688
1049.4974365234375
850.454833984375
878.4194946289062
324.0611267089844
417.82501220703125
853.7448120117188
866.9046630859375
745.1760864257812
1049.4974365234375
842.2299194335938
863.6146850585938
1166.291015625
1260.054931640625
840.5849609375
861.9697265625
955.7335815429688
1049.4974365234375
834.0050048828125
865.2596435546875
850.454833984375
1049.4974365234375
843.8749389648438
861.9697265625
955.7335815429688
1260.054931640625
838.9400024414062
871.839599609375
850.454833984375
1049.4974365234375
847.1648559570312
865.2596435546875
850.454833984375
1049.4974365234375
847.1648559570312
858.6797485351562
1376.8485107421875
1260.054931640625
835.6500244140625
868.5496215820312
639.8973388671875
628.3825073242188
848.8098754882812
860.32470703125
955.7335815429688
1049.4974365234375
838.9400024414062
868.5496215820312
1061.0123291015625
1049.4974365234375
840.5849609375
871.839599609375
850.454833984375
838.9400024414062
848.8098754882812
866.9046630859375
850.454833984375
1260.054931640625
840.5849609375
855.3897705078125
850.454833984375
1470.6124267578125
835.6500244140625
855.3897705078125
850.454833984375
1470.6124267578125
837.2949829101562
857.0347290039062
639.8973388671875
1260.054931640625
838.9400024414062
853.7448120117188
850.454833984375
1470.6124267578125
837.2949829101562
853.7448120117188
639.8973388671875
1260.054931640625
834.0050048828125
847.1648559570312
639.8973388671875
1260.054931640625
832.3600463867188
843.8749389648438
1271.56982421875
1681.169921875
825.7801513671875
853.7448120117188
639.8973388671875
838.9400024414062
835.6500244140625
857.0347290039062
639.8973388671875
838.9400024414062
840.5849609375
852.0997924804688
639.8973388671875
838.9400024414062
840.5849609375
847.1648559570312
850.454833984375
1049.4974365234375
832.3600463867188
858.6797485351562
850.454833984375
1049.4974365234375
840.5849609375
858.6797485351562
639.8973388671875
628.3825073242188
845.5198974609375
847.1648559570312
850.454833984375
1049.4974365234375
832.3600463867188
847.1648559570312
1061.0123291015625
1049.4974365234375
830.715087890625
848.8098754882812
1061.0123291015625
1049.4974365234375
829.070068359375
853.7448120117188
1061.0123291015625
1049.4974365234375
830.715087890625
858.6797485351562
639.8973388671875
628.3825073242188
840.5849609375
855.3897705078125
850.454833984375
838.9400024414062
837.2949829101562
857.0347290039062
850.454833984375
838.9400024414062
837.2949829101562
853.7448120117188
1061.0123291015625
1049.4974365234375
834.0050048828125
845.5198974609375
1271.56982421875
1470.6124267578125
830.715087890625
843.8749389648438
1271.56982421875
1260.054931640625
829.070068359375
847.1648559570312
1061.0123291015625
1049.4974365234375
834.0050048828125
850.454833984375
1061.0123291015625
1260.054931640625
837.2949829101562
855.3897705078125
850.454833984375
838.9400024414062
842.2299194335938
848.8098754882812
1271.56982421875
1260.054931640625
830.715087890625
850.454833984375
1482.1273193359375
1260.054931640625
829.070068359375
861.9697265625
850.454833984375
628.3825073242188
838.9400024414062
855.3897705078125
850.454833984375
838.9400024414062
834.0050048828125
853.7448120117188
1061.0123291015625
838.9400024414062
832.3600463867188
866.9046630859375
429.3398742675781
207.26751708984375
843.8749389648438
853.7448120117188
1271.56982421875
1260.054931640625
824.1351318359375
861.9697265625
1061.0123291015625
628.3825073242188
837.2949829101562
852.0997924804688
850.454833984375
628.3825073242188
834.0050048828125
843.8749389648438
1482.1273193359375
1049.4974365234375
817.5552368164062
850.454833984375
429.3398742675781
0.0
832.3600463867188
837.2949829101562
1061.0123291015625
1052.7874755859375
819.2001953125
847.1648559570312
1061.0123291015625
631.6724243164062
824.1351318359375
847.1648559570312
850.454833984375
631.6724243164062
829.070068359375
848.8098754882812
850.454833984375
842.2299194335938
832.3600463867188
845.5198974609375
850.454833984375
842.2299194335938
824.1351318359375
848.8098754882812
639.8973388671875
631.6724243164062
829.070068359375
850.454833984375
850.454833984375
1052.7874755859375
824.1351318359375
858.6797485351562
639.8973388671875
631.6724243164062
830.715087890625
850.454833984375
429.3398742675781
631.6724243164062
827.4251098632812
842.2299194335938
1061.0123291015625
842.2299194335938
812.6203002929688
845.5198974609375
850.454833984375
210.55747985839844
817.5552368164062
837.2949829101562
1061.0123291015625
631.6724243164062
809.330322265625
837.2949829101562
1061.0123291015625
421.1149597167969
807.6853637695312
840.5849609375
850.454833984375
210.55747985839844
817.5552368164062
843.8749389648438
1061.0123291015625
421.1149597167969
820.84521484375
855.3897705078125
850.454833984375
210.55747985839844
830.715087890625
852.0997924804688
1061.0123291015625
631.6724243164062
827.4251098632812
842.2299194335938
1271.56982421875
631.6724243164062
814.2652587890625
852.0997924804688
850.454833984375
210.55747985839844
822.4901733398438
855.3897705078125
1061.0123291015625
631.6724243164062
827.4251098632812
853.7448120117188
1061.0123291015625
631.6724243164062
827.4251098632812
852.0997924804688
850.454833984375
421.1149597167969
830.715087890625
852.0997924804688
1061.0123291015625
842.2299194335938
827.4251098632812
860.32470703125
1061.0123291015625
631.6724243164062
838.9400024414062
866.9046630859375
639.8973388671875
421.1149597167969
850.454833984375
861.9697265625
908.0291748046875
919.5440063476562
843.8749389648438
853.7448120117188
1013.307861328125
708.9865112304688
835.6500244140625
857.0347290039062
697.4716796875
77.31407928466797
835.6500244140625
861.9697265625
802.7504272460938
287.8715515136719
840.5849609375
855.3897705078125
802.7504272460938
287.8715515136719
830.715087890625
855.3897705078125
486.9141845703125
77.31407928466797
830.715087890625
847.1648559570312
1118.586669921875
919.5440063476562
822.4901733398438
848.8098754882812
1223.8653564453125
919.5440063476562
819.2001953125
860.32470703125
802.7504272460938
498.4290466308594
835.6500244140625
863.6146850585938
802.7504272460938
498.4290466308594
840.5849609375
860.32470703125
697.4716796875
498.4290466308594
842.2299194335938
855.3897705078125
802.7504272460938
708.9865112304688
835.6500244140625
853.7448120117188
1118.586669921875
919.5440063476562
830.715087890625
857.0347290039062
1118.586669921875
919.5440063476562
830.715087890625
857.0347290039062
697.4716796875
498.4290466308594
830.715087890625
857.0347290039062
908.0291748046875
919.5440063476562
830.715087890625
850.454833984375
1013.307861328125
919.5440063476562
822.4901733398438
853.7448120117188
1013.307861328125
498.4290466308594
825.7801513671875
852.0997924804688
1434.4228515625
919.5440063476562
820.84521484375
853.7448120117188
1223.8653564453125
708.9865112304688
820.84521484375
848.8098754882812
1434.4228515625
919.5440063476562
819.2001953125
858.6797485351562
1223.8653564453125
708.9865112304688
822.4901733398438
855.3897705078125
1223.8653564453125
708.9865112304688
824.1351318359375
861.9697265625
1013.307861328125
498.4290466308594
834.0050048828125
860.32470703125
1223.8653564453125
919.5440063476562
830.715087890625
861.9697265625
1434.4228515625
1130.1014404296875
840.5849609375
855.3897705078125
1013.307861328125
708.9865112304688
834.0050048828125
855.3897705078125
1013.307861328125
708.9865112304688
835.6500244140625
860.32470703125
802.7504272460938
708.9865112304688
838.9400024414062
855.3897705078125
1013.307861328125
919.5440063476562
834.0050048828125
855.3897705078125
1013.307861328125
919.5440063476562
837.2949829101562
838.9400024414062
1013.307861328125
919.5440063476562
822.4901733398438
843.8749389648438
592.1929321289062
498.4290466308594
830.715087890625
848.8098754882812
486.9141845703125
287.8715515136719
832.3600463867188
848.8098754882812
486.9141845703125
287.8715515136719
834.0050048828125
848.8098754882812
1118.586669921875
919.5440063476562
830.715087890625
843.8749389648438
802.7504272460938
498.4290466308594
824.1351318359375
845.5198974609375
802.7504272460938
498.4290466308594
824.1351318359375
853.7448120117188
592.1929321289062
498.4290466308594
832.3600463867188
855.3897705078125
592.1929321289062
498.4290466308594
830.715087890625
855.3897705078125
908.0291748046875
708.9865112304688
829.070068359375
848.8098754882812
1223.8653564453125
919.5440063476562
824.1351318359375
853.7448120117188
802.7504272460938
498.4290466308594
830.715087890625
843.8749389648438
1434.4228515625
1340.658935546875
820.84521484375
855.3897705078125
1223.8653564453125
919.5440063476562
832.3600463867188
852.0997924804688
908.0291748046875
708.9865112304688
832.3600463867188
853.7448120117188
802.7504272460938
708.9865112304688
840.5849609375
852.0997924804688
908.0291748046875
919.5440063476562
837.2949829101562
852.0997924804688
908.0291748046875
919.5440063476562
830.715087890625
845.5198974609375
1118.586669921875
1130.1014404296875
825.7801513671875
845.5198974609375
908.0291748046875
708.9865112304688
829.070068359375
848.8098754882812
697.4716796875
708.9865112304688
834.0050048828125
843.8749389648438
697.4716796875
919.5440063476562
827.4251098632812
834.0050048828125
1118.586669921875
1340.658935546875
812.6203002929688
837.2949829101562
908.0291748046875
919.5440063476562
812.6203002929688
832.3600463867188
908.0291748046875
919.5440063476562
810.9752807617188
835.6500244140625
908.0291748046875
919.5440063476562
815.9102783203125
840.5849609375
908.0291748046875
919.5440063476562
824.1351318359375
830.715087890625
1329.1441650390625
1340.658935546875
812.6203002929688
840.5849609375
1118.586669921875
919.5440063476562
822.4901733398438
843.8749389648438
1329.1441650390625
1340.658935546875
824.1351318359375
848.8098754882812
908.0291748046875
919.5440063476562
824.1351318359375
848.8098754882812
908.0291748046875
919.5440063476562
820.84521484375
843.8749389648438
908.0291748046875
919.5440063476562
820.84521484375
837.2949829101562
1118.586669921875
1130.1014404296875
814.2652587890625
838.9400024414062
908.0291748046875
1130.1014404296875
819.2001953125
825.7801513671875
1013.307861328125
1340.658935546875
802.7504272460938
834.0050048828125
486.9141845703125
708.9865112304688
809.330322265625
830.715087890625
592.1929321289062
919.5440063476562
806.0403442382812
838.9400024414062
908.0291748046875
919.5440063476562
809.330322265625
845.5198974609375
592.1929321289062
708.9865112304688
815.9102783203125
843.8749389648438
697.4716796875
708.9865112304688
814.2652587890625
847.1648559570312
802.7504272460938
708.9865112304688
815.9102783203125
848.8098754882812
592.1929321289062
498.4290466308594
822.4901733398438
855.3897705078125
486.9141845703125
498.4290466308594
830.715087890625
842.2299194335938
1013.307861328125
919.5440063476562
817.5552368164062
847.1648559570312
908.0291748046875
708.9865112304688
825.7801513671875
852.0997924804688
802.7504272460938
708.9865112304688
827.4251098632812
848.8098754882812
1329.1441650390625
1130.1014404296875
820.84521484375
852.0997924804688
592.1929321289062
287.8715515136719
830.715087890625
845.5198974609375
697.4716796875
708.9865112304688
824.1351318359375
843.8749389648438
908.0291748046875
603.707763671875
822.4901733398438
848.8098754882812
908.0291748046875
708.9865112304688
820.84521484375
857.0347290039062
697.4716796875
393.1502990722656
827.4251098632812
853.7448120117188
802.7504272460938
603.707763671875
824.1351318359375
858.6797485351562
697.4716796875
393.1502990722656
830.715087890625
865.2596435546875
381.63543701171875
182.5928192138672
838.9400024414062
853.7448120117188
908.0291748046875
814.2652587890625
832.3600463867188
861.9697265625
908.0291748046875
708.9865112304688
840.5849609375
865.2596435546875
908.0291748046875
603.707763671875
838.9400024414062
865.2596435546875
697.4716796875
498.4290466308594
835.6500244140625
871.839599609375
802.7504272460938
603.707763671875
842.2299194335938
860.32470703125
802.7504272460938
603.707763671875
835.6500244140625
857.0347290039062
1118.586669921875
1024.82275390625
829.070068359375
863.6146850585938
1118.586669921875
919.5440063476562
830.715087890625
865.2596435546875
697.4716796875
498.4290466308594
832.3600463867188
866.9046630859375
1013.307861328125
1024.82275390625
837.2949829101562
868.5496215820312
802.7504272460938
603.707763671875
842.2299194335938
866.9046630859375
592.1929321289062
603.707763671875
842.2299194335938
863.6146850585938
697.4716796875
814.2652587890625
840.5849609375
863.6146850585938
697.4716796875
814.2652587890625
838.9400024414062
868.5496215820312
697.4716796875
