3000
4
950.7986450195312
824.1351318359375
1052.7874755859375
909.6741333007812
944.2186889648438
824.1351318359375
842.2299194335938
912.964111328125
932.703857421875
824.1351318359375
842.2299194335938
903.09423828125
927.7689208984375
718.8563842773438
736.951171875
898.1592407226562
916.2540283203125
718.8563842773438
736.951171875
898.1592407226562
932.703857421875
613.5776977539062
631.6724243164062
916.2540283203125
942.57373046875
824.1351318359375
1052.7874755859375
919.5440063476562
939.2837524414062
1245.2501220703125
1368.6236572265625
911.319091796875
937.6387939453125
824.1351318359375
736.951171875
912.964111328125
935.9938354492188
824.1351318359375
736.951171875
909.6741333007812
944.2186889648438
613.5776977539062
526.3937377929688
917.8990478515625
916.2540283203125
718.8563842773438
736.951171875
899.8042602539062
909.6741333007812
824.1351318359375
842.2299194335938
883.3544311523438
924.4789428710938
1034.692626953125
1158.066162109375
893.2243041992188
935.9938354492188
824.1351318359375
736.951171875
906.3841552734375
947.5086669921875
718.8563842773438
631.6724243164062
914.6090698242188
945.8637084960938
1034.692626953125
947.5086669921875
914.6090698242188
944.2186889648438
1034.692626953125
842.2299194335938
912.964111328125
940.9287719726562
929.4138793945312
736.951171875
904.7391967773438
957.3785400390625
929.4138793945312
736.951171875
926.1239624023438
947.5086669921875
613.5776977539062
421.1149597167969
927.7689208984375
935.9938354492188
1034.692626953125
1052.7874755859375
921.18896484375
952.443603515625
1034.692626953125
842.2299194335938
939.2837524414062
937.6387939453125
1034.692626953125
842.2299194335938
926.1239624023438
931.0588989257812
1350.52880859375
947.5086669921875
912.964111328125
931.0588989257812
929.4138793945312
421.1149597167969
906.3841552734375
927.7689208984375
1139.971435546875
736.951171875
903.09423828125
935.9938354492188
824.1351318359375
421.1149597167969
917.8990478515625
931.0588989257812
1034.692626953125
842.2299194335938
904.7391967773438
914.6090698242188
1139.971435546875
947.5086669921875
889.9343872070312
921.18896484375
1245.2501220703125
1052.7874755859375
889.9343872070312
901.44921875
1245.2501220703125
947.5086669921875
870.194580078125
909.6741333007812
824.1351318359375
736.951171875
876.7745361328125
903.09423828125
1034.692626953125
1158.066162109375
870.194580078125
906.3841552734375
1034.692626953125
1158.066162109375
870.194580078125
914.6090698242188
1034.692626953125
1158.066162109375
893.2243041992188
929.4138793945312
824.1351318359375
947.5086669921875
906.3841552734375
911.319091796875
824.1351318359375
947.5086669921875
891.579345703125
896.5142822265625
1034.692626953125
1158.066162109375
876.7745361328125
914.6090698242188
824.1351318359375
947.5086669921875
894.8693237304688
896.5142822265625
1245.2501220703125
1579.18115234375
866.9046630859375
922.833984375
613.5776977539062
526.3937377929688
899.8042602539062
906.3841552734375
1034.692626953125
1158.066162109375
881.70947265625
883.3544311523438
1034.692626953125
947.5086669921875
858.6797485351562
863.6146850585938
1034.692626953125
947.5086669921875
843.8749389648438
861.9697265625
1034.692626953125
947.5086669921875
840.5849609375
875.1295166015625
613.5776977539062
315.8362121582031
843.8749389648438
860.32470703125
1245.2501220703125
1158.066162109375
829.070068359375
878.4194946289062
781.3656616210938
302.6763916015625
860.32470703125
881.70947265625
623.4475708007812
302.6763916015625
860.32470703125
858.6797485351562
781.3656616210938
407.95513916015625
825.7801513671875
876.7745361328125
781.3656616210938
407.95513916015625
847.1648559570312
873.4845581054688
991.9231567382812
618.5126342773438
834.0050048828125
868.5496215820312
991.9231567382812
618.5126342773438
834.0050048828125
850.454833984375
991.9231567382812
618.5126342773438
830.715087890625
835.6500244140625
939.2837524414062
513.23388671875
807.6853637695312
843.8749389648438
1044.5625
723.7913208007812
820.84521484375
830.715087890625
1044.5625
618.5126342773438
801.1054077148438
837.2949829101562
781.3656616210938
197.39764404296875
804.3953857421875
822.4901733398438
676.0869140625
302.6763916015625
799.46044921875
814.2652587890625
676.0869140625
302.6763916015625
784.6556396484375
822.4901733398438
991.9231567382812
723.7913208007812
806.0403442382812
829.070068359375
939.2837524414062
723.7913208007812
806.0403442382812
806.0403442382812
1044.5625
829.070068359375
778.07568359375
806.0403442382812
991.9231567382812
829.070068359375
768.205810546875
799.46044921875
886.6444091796875
934.3488159179688
761.6259155273438
797.8154907226562
991.9231567382812
1039.6275634765625
750.1110229492188
794.5255126953125
886.6444091796875
829.070068359375
746.8211059570312
771.4957885742188
676.0869140625
513.23388671875
738.59619140625
750.1110229492188
570.8081665039062
513.23388671875
727.081298828125
735.3062133789062
886.6444091796875
934.3488159179688
707.341552734375
746.8211059570312
676.0869140625
618.5126342773438
715.5664672851562
736.951171875
676.0869140625
723.7913208007812
710.6315307617188
730.3712768554688
886.6444091796875
829.070068359375
700.7615966796875
745.1760864257812
781.3656616210938
723.7913208007812
718.8563842773438
750.1110229492188
991.9231567382812
1039.6275634765625
705.6965942382812
778.07568359375
886.6444091796875
934.3488159179688
715.5664672851562
776.4307250976562
465.5294494628906
407.95513916015625
730.3712768554688
746.8211059570312
676.0869140625
829.070068359375
723.7913208007812
730.3712768554688
781.3656616210938
934.3488159179688
736.951171875
746.8211059570312
676.0869140625
723.7913208007812
743.5311279296875
748.466064453125
570.8081665039062
513.23388671875
725.4363403320312
746.8211059570312
570.8081665039062
723.7913208007812
725.4363403320312
758.3359375
570.8081665039062
723.7913208007812
740.2411499023438
748.466064453125
465.5294494628906
723.7913208007812
735.3062133789062
753.4010009765625
570.8081665039062
723.7913208007812
705.6965942382812
771.4957885742188
360.2507019042969
513.23388671875
707.341552734375
763.2708740234375
676.0869140625
934.3488159179688
700.7615966796875
769.850830078125
991.9231567382812
1144.9063720703125
715.5664672851562
787.945556640625
781.3656616210938
934.3488159179688
750.1110229492188
812.6203002929688
676.0869140625
723.7913208007812
769.850830078125
814.2652587890625
676.0869140625
723.7913208007812
771.4957885742188
819.2001953125
886.6444091796875
934.3488159179688
786.3005981445312
820.84521484375
886.6444091796875
934.3488159179688
792.8805541992188
837.2949829101562
1202.4805908203125
1144.9063720703125
799.46044921875
866.9046630859375
781.3656616210938
513.23388671875
827.4251098632812
870.194580078125
886.6444091796875
723.7913208007812
838.9400024414062
852.0997924804688
991.9231567382812
934.3488159179688
825.7801513671875
847.1648559570312
781.3656616210938
723.7913208007812
824.1351318359375
835.6500244140625
781.3656616210938
723.7913208007812
815.9102783203125
832.3600463867188
781.3656616210938
723.7913208007812
819.2001953125
842.2299194335938
676.0869140625
513.23388671875
815.9102783203125
852.0997924804688
991.9231567382812
934.3488159179688
820.84521484375
875.1295166015625
991.9231567382812
934.3488159179688
838.9400024414062
894.8693237304688
886.6444091796875
723.7913208007812
857.0347290039062
888.2893676757812
1202.4805908203125
1144.9063720703125
857.0347290039062
896.5142822265625
781.3656616210938
513.23388671875
861.9697265625
888.2893676757812
676.0869140625
513.23388671875
858.6797485351562
865.2596435546875
781.3656616210938
723.7913208007812
847.1648559570312
878.4194946289062
1097.201904296875
1144.9063720703125
870.194580078125
899.8042602539062
991.9231567382812
934.3488159179688
883.3544311523438
911.319091796875
991.9231567382812
934.3488159179688
891.579345703125
935.9938354492188
676.0869140625
513.23388671875
911.319091796875
932.703857421875
781.3656616210938
934.3488159179688
906.3841552734375
911.319091796875
886.6444091796875
1144.9063720703125
889.9343872070312
909.6741333007812
886.6444091796875
1355.4637451171875
893.2243041992188
906.3841552734375
991.9231567382812
1355.4637451171875
878.4194946289062
908.0291748046875
676.0869140625
723.7913208007812
883.3544311523438
896.5142822265625
886.6444091796875
1144.9063720703125
866.9046630859375
914.6090698242188
781.3656616210938
934.3488159179688
881.70947265625
893.2243041992188
781.3656616210938
1144.9063720703125
875.1295166015625
894.8693237304688
886.6444091796875
1144.9063720703125
870.194580078125
919.5440063476562
781.3656616210938
934.3488159179688
889.9343872070312
911.319091796875
1097.201904296875
1355.4637451171875
876.7745361328125
940.9287719726562
676.0869140625
723.7913208007812
906.3841552734375
950.7986450195312
676.0869140625
934.3488159179688
921.18896484375
932.703857421875
570.8081665039062
934.3488159179688
908.0291748046875
917.8990478515625
781.3656616210938
1144.9063720703125
880.064453125
931.0588989257812
676.0869140625
934.3488159179688
899.8042602539062
929.4138793945312
781.3656616210938
1250.18505859375
901.44921875
962.3134765625
465.5294494628906
618.5126342773438
922.833984375
973.828369140625
360.2507019042969
618.5126342773438
937.6387939453125
947.5086669921875
781.3656616210938
1250.18505859375
921.18896484375
965.6034545898438
676.0869140625
829.070068359375
934.3488159179688
960.6685180664062
676.0869140625
829.070068359375
937.6387939453125
973.828369140625
886.6444091796875
1039.6275634765625
955.7335815429688
985.3432006835938
886.6444091796875
1039.6275634765625
959.0235595703125
988.6331787109375
886.6444091796875
1144.9063720703125
962.3134765625
998.5030517578125
991.9231567382812
1144.9063720703125
977.1183471679688
1029.7576904296875
676.0869140625
618.5126342773438
998.5030517578125
1047.8525390625
676.0869140625
723.7913208007812
1016.5978393554688
1037.9825439453125
991.9231567382812
1144.9063720703125
1006.7279663085938
1013.307861328125
886.6444091796875
723.7913208007812
983.6982421875
1003.43798828125
781.3656616210938
723.7913208007812
982.0532836914062
1021.5327758789062
886.6444091796875
829.070068359375
1000.1480712890625
1024.82275390625
886.6444091796875
829.070068359375
1001.7930297851562
1006.7279663085938
834.0050048828125
829.070068359375
985.3432006835938
1011.6629028320312
781.3656616210938
723.7913208007812
988.6331787109375
1013.307861328125
676.0869140625
513.23388671875
996.8580932617188
1021.5327758789062
1097.201904296875
1039.6275634765625
1011.6629028320312
1023.1777954101562
1202.4805908203125
1144.9063720703125
1005.0830078125
1003.43798828125
1044.5625
829.070068359375
985.3432006835938
998.5030517578125
834.0050048828125
723.7913208007812
985.3432006835938
1023.1777954101562
834.0050048828125
723.7913208007812
1008.3729248046875
1014.952880859375
1360.3988037109375
1460.7425537109375
1005.0830078125
1016.5978393554688
1307.7593994140625
1144.9063720703125
990.2781372070312
1014.952880859375
886.6444091796875
513.23388671875
991.9231567382812
985.3432006835938
886.6444091796875
723.7913208007812
962.3134765625
983.6982421875
834.0050048828125
618.5126342773438
960.6685180664062
985.3432006835938
1149.84130859375
1039.6275634765625
962.3134765625
980.4082641601562
1255.1199951171875
1039.6275634765625
957.3785400390625
988.6331787109375
834.0050048828125
829.070068359375
972.1834106445312
998.5030517578125
834.0050048828125
1250.18505859375
982.0532836914062
986.9882202148438
1149.84130859375
1460.7425537109375
973.828369140625
1001.7930297851562
834.0050048828125
1039.6275634765625
980.4082641601562
1000.1480712890625
834.0050048828125
1039.6275634765625
991.9231567382812
972.1834106445312
728.726318359375
829.070068359375
955.7335815429688
944.2186889648438
623.4475708007812
829.070068359375
942.57373046875
931.0588989257812
1149.84130859375
1460.7425537109375
922.833984375
934.3488159179688
939.2837524414062
1039.6275634765625
922.833984375
940.9287719726562
1044.5625
1250.18505859375
929.4138793945312
957.3785400390625
1149.84130859375
1250.18505859375
929.4138793945312
977.1183471679688
834.0050048828125
829.070068359375
959.0235595703125
980.4082641601562
1044.5625
1039.6275634765625
955.7335815429688
998.5030517578125
1149.84130859375
1039.6275634765625
977.1183471679688
996.8580932617188
1044.5625
829.070068359375
970.5383911132812
972.1834106445312
1044.5625
829.070068359375
945.8637084960938
982.0532836914062
1033.047607421875
717.21142578125
959.0235595703125
963.95849609375
1033.047607421875
822.4901733398438
942.57373046875
950.7986450195312
1033.047607421875
717.21142578125
937.6387939453125
950.7986450195312
1138.326416015625
927.7689208984375
940.9287719726562
973.828369140625
927.7689208984375
611.9326782226562
963.95849609375
993.568115234375
927.7689208984375
717.21142578125
980.4082641601562
985.3432006835938
1348.8839111328125
1243.6051025390625
967.2484130859375
985.3432006835938
822.4901733398438
401.3752136230469
970.5383911132812
960.6685180664062
927.7689208984375
717.21142578125
942.57373046875
935.9938354492188
1243.6051025390625
1138.326416015625
911.319091796875
944.2186889648438
927.7689208984375
611.9326782226562
914.6090698242188
924.4789428710938
927.7689208984375
611.9326782226562
906.3841552734375
911.319091796875
822.4901733398438
506.6539306640625
901.44921875
949.1536865234375
822.4901733398438
611.9326782226562
917.8990478515625
937.6387939453125
1348.8839111328125
1243.6051025390625
901.44921875
926.1239624023438
1243.6051025390625
822.4901733398438
893.2243041992188
950.7986450195312
1033.047607421875
611.9326782226562
924.4789428710938
950.7986450195312
1243.6051025390625
927.7689208984375
934.3488159179688
932.703857421875
1243.6051025390625
1033.047607421875
914.6090698242188
912.964111328125
1243.6051025390625
1138.326416015625
889.9343872070312
901.44921875
1243.6051025390625
1138.326416015625
889.9343872070312
927.7689208984375
1033.047607421875
717.21142578125
903.09423828125
935.9938354492188
1033.047607421875
822.4901733398438
914.6090698242188
935.9938354492188
927.7689208984375
717.21142578125
912.964111328125
912.964111328125
1033.047607421875
822.4901733398438
896.5142822265625
893.2243041992188
1033.047607421875
822.4901733398438
875.1295166015625
903.09423828125
1033.047607421875
927.7689208984375
884.9994506835938
912.964111328125
1138.326416015625
927.7689208984375
893.2243041992188
914.6090698242188
717.21142578125
401.3752136230469
898.1592407226562
909.6741333007812
822.4901733398438
717.21142578125
883.3544311523438
906.3841552734375
927.7689208984375
927.7689208984375
878.4194946289062
893.2243041992188
927.7689208984375
717.21142578125
881.70947265625
894.8693237304688
822.4901733398438
611.9326782226562
880.064453125
873.4845581054688
927.7689208984375
822.4901733398438
870.194580078125
865.2596435546875
980.4082641601562
1033.047607421875
835.6500244140625
853.7448120117188
822.4901733398438
1033.047607421875
820.84521484375
819.2001953125
927.7689208984375
1243.6051025390625
815.9102783203125
824.1351318359375
822.4901733398438
1033.047607421875
815.9102783203125
809.330322265625
717.21142578125
1033.047607421875
799.46044921875
784.6556396484375
1138.326416015625
1454.16259765625
756.6909790039062
781.3656616210938
611.9326782226562
822.4901733398438
753.4010009765625
784.6556396484375
1033.047607421875
1454.16259765625
746.8211059570312
789.590576171875
664.5720825195312
822.4901733398438
761.6259155273438
786.3005981445312
717.21142578125
1033.047607421875
758.3359375
794.5255126953125
717.21142578125
1033.047607421875
761.6259155273438
756.6909790039062
717.21142578125
1033.047607421875
740.2411499023438
733.6612548828125
611.9326782226562
822.4901733398438
712.2764892578125
733.6612548828125
611.9326782226562
1033.047607421875
694.1817016601562
710.6315307617188
822.4901733398438
1033.047607421875
666.217041015625
695.82666015625
506.6539306640625
611.9326782226562
634.96240234375
704.0515747070312
506.6539306640625
822.4901733398438
639.8973388671875
681.0218505859375
401.3752136230469
611.9326782226562
636.607421875
659.6371459960938
190.81771850585938
611.9326782226562
610.2877197265625
630.0274658203125
717.21142578125
1454.16259765625
593.837890625
618.5126342773438
611.9326782226562
1033.047607421875
603.707763671875
634.96240234375
611.9326782226562
1033.047607421875
605.352783203125
662.9270629882812
506.6539306640625
822.4901733398438
633.3174438476562
689.2467651367188
611.9326782226562
1033.047607421875
646.477294921875
685.956787109375
1138.326416015625
1664.7200927734375
633.3174438476562
705.6965942382812
822.4901733398438
822.4901733398438
667.8619995117188
732.0162353515625
717.21142578125
822.4901733398438
694.1817016601562
751.7560424804688
717.21142578125
822.4901733398438
702.4066162109375
768.205810546875
611.9326782226562
611.9326782226562
718.8563842773438
768.205810546875
822.4901733398438
1033.047607421875
722.1463623046875
779.720703125
1033.047607421875
1243.6051025390625
732.0162353515625
787.945556640625
822.4901733398438
611.9326782226562
750.1110229492188
791.2355346679688
927.7689208984375
822.4901733398438
755.0459594726562
806.0403442382812
1138.326416015625
822.4901733398438
766.5608520507812
840.5849609375
717.21142578125
401.3752136230469
789.590576171875
853.7448120117188
822.4901733398438
822.4901733398438
787.945556640625
865.2596435546875
822.4901733398438
611.9326782226562
799.46044921875
857.0347290039062
611.9326782226562
401.3752136230469
825.7801513671875
842.2299194335938
1033.047607421875
1033.047607421875
817.5552368164062
838.9400024414062
1033.047607421875
1033.047607421875
814.2652587890625
832.3600463867188
1033.047607421875
1033.047607421875
817.5552368164062
843.8749389648438
1033.047607421875
1033.047607421875
810.9752807617188
817.5552368164062
717.21142578125
611.9326782226562
791.2355346679688
817.5552368164062
822.4901733398438
822.4901733398438
791.2355346679688
825.7801513671875
927.7689208984375
1033.047607421875
797.8154907226562
838.9400024414062
717.21142578125
822.4901733398438
810.9752807617188
861.9697265625
927.7689208984375
1243.6051025390625
822.4901733398438
883.3544311523438
822.4901733398438
822.4901733398438
830.715087890625
878.4194946289062
611.9326782226562
822.4901733398438
822.4901733398438
873.4845581054688
1033.047607421875
1454.16259765625
829.070068359375
889.9343872070312
822.4901733398438
1033.047607421875
845.5198974609375
878.4194946289062
822.4901733398438
1033.047607421875
829.070068359375
873.4845581054688
927.7689208984375
1243.6051025390625
829.070068359375
881.70947265625
927.7689208984375
1243.6051025390625
843.8749389648438
878.4194946289062
717.21142578125
1033.047607421875
845.5198974609375
858.6797485351562
1138.326416015625
1454.16259765625
819.2001953125
865.2596435546875
717.21142578125
611.9326782226562
827.4251098632812
873.4845581054688
717.21142578125
822.4901733398438
843.8749389648438
878.4194946289062
611.9326782226562
611.9326782226562
860.32470703125
891.579345703125
717.21142578125
822.4901733398438
866.9046630859375
888.2893676757812
1138.326416015625
1243.6051025390625
843.8749389648438
903.09423828125
822.4901733398438
822.4901733398438
865.2596435546875
901.44921875
1138.326416015625
1243.6051025390625
863.6146850585938
914.6090698242188
927.7689208984375
822.4901733398438
889.9343872070312
924.4789428710938
927.7689208984375
1033.047607421875
883.3544311523438
926.1239624023438
927.7689208984375
1033.047607421875
886.6444091796875
949.1536865234375
296.0964660644531
190.81771850585938
921.18896484375
916.2540283203125
506.6539306640625
611.9326782226562
888.2893676757812
911.319091796875
927.7689208984375
1243.6051025390625
883.3544311523438
929.4138793945312
717.21142578125
822.4901733398438
886.6444091796875
927.7689208984375
717.21142578125
1033.047607421875
888.2893676757812
931.0588989257812
927.7689208984375
1243.6051025390625
898.1592407226562
909.6741333007812
717.21142578125
822.4901733398438
880.064453125
891.579345703125
717.21142578125
1033.047607421875
855.3897705078125
893.2243041992188
506.6539306640625
611.9326782226562
858.6797485351562
886.6444091796875
296.0964660644531
401.3752136230469
860.32470703125
891.579345703125
717.21142578125
1033.047607421875
855.3897705078125
898.1592407226562
717.21142578125
822.4901733398438
866.9046630859375
893.2243041992188
717.21142578125
822.4901733398438
858.6797485351562
904.7391967773438
927.7689208984375
1243.6051025390625
881.70947265625
906.3841552734375
717.21142578125
1033.047607421875
901.44921875
891.579345703125
1033.047607421875
1454.16259765625
871.839599609375
911.319091796875
611.9326782226562
822.4901733398438
883.3544311523438
901.44921875
611.9326782226562
822.4901733398438
870.194580078125
932.703857421875
611.9326782226562
822.4901733398438
898.1592407226562
929.4138793945312
611.9326782226562
822.4901733398438
911.319091796875
937.6387939453125
822.4901733398438
1033.047607421875
917.8990478515625
944.2186889648438
927.7689208984375
1033.047607421875
903.09423828125
952.443603515625
822.4901733398438
822.4901733398438
919.5440063476562
950.7986450195312
717.21142578125
822.4901733398438
914.6090698242188
937.6387939453125
611.9326782226562
611.9326782226562
898.1592407226562
932.703857421875
717.21142578125
822.4901733398438
906.3841552734375
916.2540283203125
1033.047607421875
1033.047607421875
884.9994506835938
932.703857421875
717.21142578125
611.9326782226562
903.09423828125
917.8990478515625
717.21142578125
611.9326782226562
891.579345703125
916.2540283203125
996.8580932617188
1052.7874755859375
894.8693237304688
924.4789428710938
1207.41552734375
1263.3448486328125
894.8693237304688
934.3488159179688
996.8580932617188
1052.7874755859375
908.0291748046875
945.8637084960938
1102.1368408203125
1052.7874755859375
922.833984375
965.6034545898438
891.579345703125
842.2299194335938
934.3488159179688
942.57373046875
1102.1368408203125
1263.3448486328125
911.319091796875
927.7689208984375
1207.41552734375
1263.3448486328125
896.5142822265625
919.5440063476562
996.8580932617188
1052.7874755859375
884.9994506835938
919.5440063476562
1207.41552734375
1263.3448486328125
878.4194946289062
940.9287719726562
996.8580932617188
842.2299194335938
891.579345703125
919.5440063476562
996.8580932617188
842.2299194335938
875.1295166015625
903.09423828125
1102.1368408203125
1052.7874755859375
857.0347290039062
931.0588989257812
1102.1368408203125
1052.7874755859375
878.4194946289062
944.2186889648438
1102.1368408203125
1052.7874755859375
884.9994506835938
960.6685180664062
1207.41552734375
1052.7874755859375
889.9343872070312
993.568115234375
786.3005981445312
421.1149597167969
937.6387939453125
965.6034545898438
996.8580932617188
842.2299194335938
899.8042602539062
975.4733276367188
944.2186889648438
842.2299194335938
919.5440063476562
990.2781372070312
838.9400024414062
842.2299194335938
926.1239624023438
980.4082641601562
1154.7762451171875
1158.066162109375
906.3841552734375
1019.8878173828125
838.9400024414062
631.6724243164062
954.088623046875
1023.1777954101562
1049.4974365234375
842.2299194335938
972.1834106445312
1023.1777954101562
838.9400024414062
421.1149597167969
968.8934326171875
1028.1126708984375
891.579345703125
631.6724243164062
972.1834106445312
1061.0123291015625
1049.4974365234375
842.2299194335938
996.8580932617188
1072.5272216796875
1049.4974365234375
842.2299194335938
998.5030517578125
1054.432373046875
1049.4974365234375
736.951171875
993.568115234375
1077.462158203125
944.2186889648438
736.951171875
1005.0830078125
1056.077392578125
1049.4974365234375
842.2299194335938
993.568115234375
1074.172119140625
1049.4974365234375
842.2299194335938
1008.3729248046875
1061.0123291015625
891.579345703125
736.951171875
988.6331787109375
1029.7576904296875
891.579345703125
736.951171875
967.2484130859375
1013.307861328125
891.579345703125
736.951171875
949.1536865234375
1021.5327758789062
681.0218505859375
315.8362121582031
959.0235595703125
978.7633056640625
1102.1368408203125
736.951171875
924.4789428710938
977.1183471679688
1102.1368408203125
736.951171875
922.833984375
967.2484130859375
681.0218505859375
315.8362121582031
922.833984375
967.2484130859375
891.579345703125
736.951171875
929.4138793945312
942.57373046875
786.3005981445312
526.3937377929688
912.964111328125
929.4138793945312
786.3005981445312
526.3937377929688
881.70947265625
912.964111328125
681.0218505859375
526.3937377929688
861.9697265625
883.3544311523438
1102.1368408203125
947.5086669921875
847.1648559570312
891.579345703125
996.8580932617188
736.951171875
842.2299194335938
868.5496215820312
786.3005981445312
736.951171875
820.84521484375
848.8098754882812
891.579345703125
736.951171875
801.1054077148438
830.715087890625
996.8580932617188
947.5086669921875
779.720703125
860.32470703125
891.579345703125
736.951171875
815.9102783203125
834.0050048828125
996.8580932617188
947.5086669921875
796.1704711914062
845.5198974609375
1312.6943359375
1368.6236572265625
786.3005981445312
873.4845581054688
681.0218505859375
526.3937377929688
850.454833984375
838.9400024414062
891.579345703125
947.5086669921875
820.84521484375
843.8749389648438
996.8580932617188
947.5086669921875
837.2949829101562
845.5198974609375
891.579345703125
736.951171875
840.5849609375
858.6797485351562
786.3005981445312
736.951171875
830.715087890625
865.2596435546875
1102.1368408203125
1158.066162109375
853.7448120117188
901.44921875
681.0218505859375
526.3937377929688
886.6444091796875
912.964111328125
681.0218505859375
736.951171875
896.5142822265625
906.3841552734375
1102.1368408203125
1158.066162109375
896.5142822265625
922.833984375
1102.1368408203125
1158.066162109375
899.8042602539062
916.2540283203125
786.3005981445312
736.951171875
880.064453125
917.8990478515625
786.3005981445312
736.951171875
889.9343872070312
924.4789428710938
681.0218505859375
736.951171875
899.8042602539062
914.6090698242188
786.3005981445312
947.5086669921875
883.3544311523438
911.319091796875
891.579345703125
947.5086669921875
878.4194946289062
917.8990478515625
575.7431030273438
526.3937377929688
876.7745361328125
901.44921875
470.4643859863281
736.951171875
853.7448120117188
904.7391967773438
575.7431030273438
1158.066162109375
865.2596435546875
896.5142822265625
365.1856384277344
736.951171875
852.0997924804688
870.194580078125
365.1856384277344
736.951171875
837.2949829101562
899.8042602539062
365.1856384277344
736.951171875
860.32470703125
894.8693237304688
259.9068908691406
631.6724243164062
852.0997924804688
884.9994506835938
470.4643859863281
947.5086669921875
843.8749389648438
871.839599609375
575.7431030273438
947.5086669921875
830.715087890625
863.6146850585938
575.7431030273438
947.5086669921875
817.5552368164062
861.9697265625
681.0218505859375
947.5086669921875
834.0050048828125
866.9046630859375
575.7431030273438
736.951171875
850.454833984375
870.194580078125
786.3005981445312
1052.7874755859375
829.070068359375
873.4845581054688
470.4643859863281
421.1149597167969
842.2299194335938
893.2243041992188
575.7431030273438
842.2299194335938
848.8098754882812
901.44921875
786.3005981445312
842.2299194335938
855.3897705078125
911.319091796875
365.1856384277344
315.8362121582031
873.4845581054688
912.964111328125
1207.41552734375
1368.6236572265625
863.6146850585938
924.4789428710938
786.3005981445312
526.3937377929688
878.4194946289062
932.703857421875
786.3005981445312
947.5086669921875
888.2893676757812
937.6387939453125
996.8580932617188
947.5086669921875
898.1592407226562
937.6387939453125
786.3005981445312
947.5086669921875
886.6444091796875
917.8990478515625
1417.9730224609375
1579.18115234375
863.6146850585938
932.703857421875
786.3005981445312
526.3937377929688
880.064453125
935.9938354492188
996.8580932617188
947.5086669921875
883.3544311523438
940.9287719726562
786.3005981445312
736.951171875
903.09423828125
954.088623046875
996.8580932617188
1158.066162109375
898.1592407226562
950.7986450195312
996.8580932617188
1158.066162109375
899.8042602539062
945.8637084960938
996.8580932617188
1158.066162109375
898.1592407226562
942.57373046875
996.8580932617188
947.5086669921875
898.1592407226562
949.1536865234375
786.3005981445312
736.951171875
901.44921875
939.2837524414062
996.8580932617188
947.5086669921875
891.579345703125
921.18896484375
996.8580932617188
947.5086669921875
876.7745361328125
931.0588989257812
786.3005981445312
947.5086669921875
868.5496215820312
921.18896484375
891.579345703125
1158.066162109375
866.9046630859375
922.833984375
786.3005981445312
947.5086669921875
875.1295166015625
908.0291748046875
575.7431030273438
736.951171875
866.9046630859375
889.9343872070312
996.8580932617188
1368.6236572265625
837.2949829101562
888.2893676757812
681.0218505859375
736.951171875
837.2949829101562
889.9343872070312
681.0218505859375
947.5086669921875
837.2949829101562
894.8693237304688
996.8580932617188
1158.066162109375
834.0050048828125
888.2893676757812
891.579345703125
947.5086669921875
835.6500244140625
876.7745361328125
786.3005981445312
947.5086669921875
819.2001953125
855.3897705078125
1102.1368408203125
1158.066162109375
791.2355346679688
871.839599609375
681.0218505859375
526.3937377929688
809.330322265625
875.1295166015625
786.3005981445312
736.951171875
809.330322265625
889.9343872070312
786.3005981445312
736.951171875
817.5552368164062
898.1592407226562
891.579345703125
736.951171875
822.4901733398438
893.2243041992188
681.0218505859375
526.3937377929688
842.2299194335938
860.32470703125
786.3005981445312
526.3937377929688
832.3600463867188
830.715087890625
891.579345703125
526.3937377929688
791.2355346679688
802.7504272460938
575.7431030273438
105.27873992919922
759.9808959960938
787.945556640625
786.3005981445312
526.3937377929688
736.951171875
801.1054077148438
681.0218505859375
315.8362121582031
730.3712768554688
801.1054077148438
470.4643859863281
315.8362121582031
735.3062133789062
784.6556396484375
891.579345703125
1158.066162109375
713.9214477539062
768.205810546875
891.579345703125
1158.066162109375
690.8917236328125
764.9158325195312
575.7431030273438
736.951171875
685.956787109375
781.3656616210938
575.7431030273438
736.951171875
679.3768920898438
776.4307250976562
470.4643859863281
736.951171875
676.0869140625
776.4307250976562
470.4643859863281
736.951171875
672.7969360351562
771.4957885742188
681.0218505859375
947.5086669921875
669.5070190429688
776.4307250976562
891.579345703125
1158.066162109375
672.7969360351562
794.5255126953125
470.4643859863281
526.3937377929688
692.5367431640625
794.5255126953125
786.3005981445312
1158.066162109375
699.1166381835938
814.2652587890625
761.6259155273438
908.0291748046875
717.21142578125
827.4251098632812
445.7896728515625
697.4716796875
732.0162353515625
835.6500244140625
551.0684204101562
908.0291748046875
733.6612548828125
853.7448120117188
551.0684204101562
908.0291748046875
750.1110229492188
855.3897705078125
551.0684204101562
908.0291748046875
764.9158325195312
881.70947265625
445.7896728515625
802.7504272460938
778.07568359375
888.2893676757812
551.0684204101562
802.7504272460938
781.3656616210938
886.6444091796875
235.23219299316406
276.356689453125
804.3953857421875
893.2243041992188
551.0684204101562
908.0291748046875
802.7504272460938
904.7391967773438
1182.7408447265625
1539.70166015625
812.6203002929688
922.833984375
656.34716796875
697.4716796875
834.0050048828125
932.703857421875
551.0684204101562
697.4716796875
847.1648559570312
934.3488159179688
551.0684204101562
592.1929321289062
860.32470703125
926.1239624023438
551.0684204101562
592.1929321289062
850.454833984375
914.6090698242188
761.6259155273438
1013.307861328125
847.1648559570312
916.2540283203125
972.1834106445312
1118.586669921875
850.454833984375
937.6387939453125
761.6259155273438
592.1929321289062
873.4845581054688
940.9287719726562
551.0684204101562
802.7504272460938
878.4194946289062
947.5086669921875
761.6259155273438
1013.307861328125
871.839599609375
954.088623046875
551.0684204101562
592.1929321289062
893.2243041992188
940.9287719726562
551.0684204101562
592.1929321289062
883.3544311523438
945.8637084960938
551.0684204101562
381.63543701171875
888.2893676757812
927.7689208984375
551.0684204101562
381.63543701171875
875.1295166015625
916.2540283203125
972.1834106445312
1013.307861328125
861.9697265625
945.8637084960938
1182.7408447265625
1223.8653564453125
884.9994506835938
949.1536865234375
972.1834106445312
802.7504272460938
880.064453125
931.0588989257812
1182.7408447265625
1223.8653564453125
871.839599609375
960.6685180664062
1182.7408447265625
1013.307861328125
894.8693237304688
963.95849609375
761.6259155273438
592.1929321289062
912.964111328125
968.8934326171875
1393.29833984375
1434.4228515625
911.319091796875
959.0235595703125
761.6259155273438
592.1929321289062
901.44921875
967.2484130859375
972.1834106445312
1223.8653564453125
903.09423828125
990.2781372070312
972.1834106445312
802.7504272460938
935.9938354492188
1010.0179443359375
866.9046630859375
802.7504272460938
955.7335815429688
1021.5327758789062
1182.7408447265625
1013.307861328125
955.7335815429688
996.8580932617188
656.34716796875
381.63543701171875
932.703857421875
983.6982421875
866.9046630859375
802.7504272460938
927.7689208984375
988.6331787109375
866.9046630859375
592.1929321289062
931.0588989257812
957.3785400390625
972.1834106445312
802.7504272460938
899.8042602539062
939.2837524414062
1077.462158203125
802.7504272460938
894.8693237304688
968.8934326171875
972.1834106445312
802.7504272460938
899.8042602539062
968.8934326171875
972.1834106445312
802.7504272460938
911.319091796875
949.1536865234375
972.1834106445312
802.7504272460938
903.09423828125
955.7335815429688
972.1834106445312
802.7504272460938
903.09423828125
942.57373046875
972.1834106445312
802.7504272460938
894.8693237304688
939.2837524414062
1077.462158203125
1013.307861328125
881.70947265625
977.1183471679688
866.9046630859375
592.1929321289062
917.8990478515625
960.6685180664062
1077.462158203125
1013.307861328125
896.5142822265625
1001.7930297851562
972.1834106445312
802.7504272460938
926.1239624023438
1016.5978393554688
656.34716796875
592.1929321289062
937.6387939453125
1003.43798828125
551.0684204101562
592.1929321289062
926.1239624023438
985.3432006835938
656.34716796875
802.7504272460938
922.833984375
975.4733276367188
445.7896728515625
592.1929321289062
909.6741333007812
944.2186889648438
445.7896728515625
592.1929321289062
884.9994506835938
942.57373046875
656.34716796875
592.1929321289062
866.9046630859375
937.6387939453125
445.7896728515625
381.63543701171875
860.32470703125
917.8990478515625
972.1834106445312
1013.307861328125
852.0997924804688
934.3488159179688
972.1834106445312
1013.307861328125
863.6146850585938
935.9938354492188
656.34716796875
592.1929321289062
870.194580078125
947.5086669921875
551.0684204101562
592.1929321289062
884.9994506835938
949.1536865234375
761.6259155273438
802.7504272460938
884.9994506835938
967.2484130859375
761.6259155273438
802.7504272460938
883.3544311523438
968.8934326171875
866.9046630859375
1013.307861328125
886.6444091796875
957.3785400390625
866.9046630859375
802.7504272460938
875.1295166015625
970.5383911132812
551.0684204101562
381.63543701171875
896.5142822265625
955.7335815429688
972.1834106445312
1013.307861328125
888.2893676757812
952.443603515625
1393.29833984375
1223.8653564453125
881.70947265625
959.0235595703125
1182.7408447265625
802.7504272460938
894.8693237304688
940.9287719726562
1182.7408447265625
802.7504272460938
880.064453125
968.8934326171875
1182.7408447265625
802.7504272460938
898.1592407226562
965.6034545898438
1182.7408447265625
802.7504272460938
906.3841552734375
962.3134765625
1603.8558349609375
1434.4228515625
884.9994506835938
965.6034545898438
1393.29833984375
1013.307861328125
896.5142822265625
955.7335815429688
1182.7408447265625
1013.307861328125
899.8042602539062
962.3134765625
1603.8558349609375
1644.9803466796875
898.1592407226562
982.0532836914062
1182.7408447265625
802.7504272460938
919.5440063476562
973.828369140625
1393.29833984375
1223.8653564453125
912.964111328125
978.7633056640625
1393.29833984375
1223.8653564453125
916.2540283203125
988.6331787109375
972.1834106445312
592.1929321289062
926.1239624023438
978.7633056640625
1182.7408447265625
1013.307861328125
912.964111328125
967.2484130859375
1182.7408447265625
1013.307861328125
909.6741333007812
972.1834106445312
1077.462158203125
908.0291748046875
909.6741333007812
975.4733276367188
866.9046630859375
697.4716796875
919.5440063476562
963.95849609375
1077.462158203125
1013.307861328125
911.319091796875
988.6331787109375
1077.462158203125
1013.307861328125
921.18896484375
988.6331787109375
972.1834106445312
802.7504272460938
931.0588989257812
957.3785400390625
972.1834106445312
802.7504272460938
899.8042602539062
945.8637084960938
866.9046630859375
592.1929321289062
884.9994506835938
939.2837524414062
761.6259155273438
592.1929321289062
881.70947265625
927.7689208984375
1077.462158203125
1013.307861328125
876.7745361328125
950.7986450195312
1077.462158203125
1013.307861328125
899.8042602539062
949.1536865234375
656.34716796875
486.9141845703125
908.0291748046875
929.4138793945312
761.6259155273438
802.7504272460938
894.8693237304688
927.7689208984375
1077.462158203125
1223.8653564453125
894.8693237304688
935.9938354492188
1393.29833984375
1434.4228515625
898.1592407226562
950.7986450195312
866.9046630859375
697.4716796875
929.4138793945312
945.8637084960938
866.9046630859375
802.7504272460938
912.964111328125
955.7335815429688
761.6259155273438
381.63543701171875
926.1239624023438
945.8637084960938
656.34716796875
381.63543701171875
916.2540283203125
944.2186889648438
1077.462158203125
1013.307861328125
901.44921875
932.703857421875
1182.7408447265625
1118.586669921875
899.8042602539062
932.703857421875
866.9046630859375
486.9141845703125
909.6741333007812
934.3488159179688
972.1834106445312
802.7504272460938
911.319091796875
940.9287719726562
866.9046630859375
592.1929321289062
914.6090698242188
939.2837524414062
866.9046630859375
697.4716796875
911.319091796875
940.9287719726562
972.1834106445312
802.7504272460938
906.3841552734375
937.6387939453125
972.1834106445312
802.7504272460938
909.6741333007812
932.703857421875
1077.462158203125
908.0291748046875
898.1592407226562
944.2186889648438
551.0684204101562
276.356689453125
911.319091796875
945.8637084960938
761.6259155273438
697.4716796875
911.319091796875
963.95849609375
761.6259155273438
697.4716796875
924.4789428710938
968.8934326171875
761.6259155273438
697.4716796875
926.1239624023438
962.3134765625
866.9046630859375
802.7504272460938
919.5440063476562
959.0235595703125
972.1834106445312
1013.307861328125
921.18896484375
965.6034545898438
1077.462158203125
1223.8653564453125
931.0588989257812
962.3134765625
1182.7408447265625
1434.4228515625
929.4138793945312
968.8934326171875
1288.0196533203125
1434.4228515625
917.8990478515625
963.95849609375
866.9046630859375
802.7504272460938
922.833984375
955.7335815429688
1182.7408447265625
1223.8653564453125
909.6741333007812
967.2484130859375
1077.462158203125
802.7504272460938
924.4789428710938
954.088623046875
1077.462158203125
1013.307861328125
914.6090698242188
950.7986450195312
1498.5771484375
1223.8653564453125
896.5142822265625
954.088623046875
866.9046630859375
381.63543701171875
914.6090698242188
954.088623046875
1077.462158203125
802.7504272460938
904.7391967773438
959.0235595703125
1077.462158203125
802.7504272460938
906.3841552734375
945.8637084960938
1288.0196533203125
1013.307861328125
893.2243041992188
955.7335815429688
972.1834106445312
592.1929321289062
898.1592407226562
957.3785400390625
972.1834106445312
802.7504272460938
909.6741333007812
955.7335815429688
1077.462158203125
1013.307861328125
908.0291748046875
965.6034545898438
881.70947265625
659.6371459960938
914.6090698242188
960.6685180664062
776.4307250976562
659.6371459960938
912.964111328125
970.5383911132812
776.4307250976562
659.6371459960938
926.1239624023438
970.5383911132812
776.4307250976562
554.3583984375
926.1239624023438
977.1183471679688
671.1519775390625
554.3583984375
932.703857421875
963.95849609375
776.4307250976562
659.6371459960938
919.5440063476562
977.1183471679688
460.594482421875
343.8009033203125
921.18896484375
975.4733276367188
460.594482421875
343.8009033203125
931.0588989257812
963.95849609375
1092.2669677734375
1186.0308837890625
911.319091796875
965.6034545898438
986.9882202148438
764.9158325195312
906.3841552734375
963.95849609375
671.1519775390625
343.8009033203125
908.0291748046875
962.3134765625
776.4307250976562
659.6371459960938
906.3841552734375
972.1834106445312
565.8732299804688
343.8009033203125
922.833984375
967.2484130859375
776.4307250976562
764.9158325195312
912.964111328125
959.0235595703125
881.70947265625
870.194580078125
904.7391967773438
963.95849609375
776.4307250976562
554.3583984375
909.6741333007812
965.6034545898438
776.4307250976562
554.3583984375
917.8990478515625
955.7335815429688
881.70947265625
554.3583984375
912.964111328125
954.088623046875
881.70947265625
554.3583984375
908.0291748046875
963.95849609375
776.4307250976562
343.8009033203125
914.6090698242188
963.95849609375
881.70947265625
554.3583984375
914.6090698242188
972.1834106445312
671.1519775390625
343.8009033203125
931.0588989257812
963.95849609375
881.70947265625
764.9158325195312
912.964111328125
962.3134765625
881.70947265625
764.9158325195312
912.964111328125
963.95849609375
671.1519775390625
764.9158325195312
911.319091796875
952.443603515625
986.9882202148438
975.4733276367188
901.44921875
954.088623046875
565.8732299804688
343.8009033203125
908.0291748046875
947.5086669921875
671.1519775390625
554.3583984375
898.1592407226562
944.2186889648438
565.8732299804688
343.8009033203125
896.5142822265625
929.4138793945312
881.70947265625
975.4733276367188
880.064453125
919.5440063476562
986.9882202148438
975.4733276367188
878.4194946289062
906.3841552734375
986.9882202148438
975.4733276367188
858.6797485351562
914.6090698242188
776.4307250976562
554.3583984375
863.6146850585938
911.319091796875
776.4307250976562
343.8009033203125
865.2596435546875
883.3544311523438
1197.545654296875
975.4733276367188
834.0050048828125
868.5496215820312
986.9882202148438
554.3583984375
822.4901733398438
840.5849609375
1197.545654296875
975.4733276367188
797.8154907226562
834.0050048828125
776.4307250976562
343.8009033203125
787.945556640625
819.2001953125
776.4307250976562
764.9158325195312
771.4957885742188
791.2355346679688
776.4307250976562
764.9158325195312
755.0459594726562
773.1407470703125
776.4307250976562
764.9158325195312
730.3712768554688
753.4010009765625
986.9882202148438
975.4733276367188
710.6315307617188
741.8861083984375
776.4307250976562
764.9158325195312
692.5367431640625
715.5664672851562
986.9882202148438
1186.0308837890625
669.5070190429688
717.21142578125
355.3157653808594
133.243408203125
672.7969360351562
690.8917236328125
1197.545654296875
1396.5882568359375
643.1873168945312
677.7318725585938
986.9882202148438
764.9158325195312
636.607421875
641.5423583984375
986.9882202148438
975.4733276367188
600.4178466796875
638.2523803710938
1197.545654296875
1186.0308837890625
590.5479125976562
615.22265625
986.9882202148438
764.9158325195312
582.3230590820312
602.0628051757812
1197.545654296875
975.4733276367188
564.228271484375
616.8676147460938
776.4307250976562
343.8009033203125
582.3230590820312
602.0628051757812
986.9882202148438
975.4733276367188
565.8732299804688
616.8676147460938
986.9882202148438
764.9158325195312
577.3881225585938
625.092529296875
986.9882202148438
764.9158325195312
600.4178466796875
641.5423583984375
986.9882202148438
975.4733276367188
616.8676147460938
657.9921264648438
986.9882202148438
975.4733276367188
634.96240234375
694.1817016601562
1197.545654296875
1186.0308837890625
656.34716796875
712.2764892578125
986.9882202148438
764.9158325195312
677.7318725585938
727.081298828125
986.9882202148438
764.9158325195312
694.1817016601562
748.466064453125
776.4307250976562
554.3583984375
723.7913208007812
764.9158325195312
986.9882202148438
975.4733276367188
732.0162353515625
789.590576171875
1197.545654296875
1186.0308837890625
750.1110229492188
807.6853637695312
776.4307250976562
554.3583984375
771.4957885742188
824.1351318359375
776.4307250976562
764.9158325195312
787.945556640625
845.5198974609375
881.70947265625
1186.0308837890625
806.0403442382812
857.0347290039062
671.1519775390625
764.9158325195312
817.5552368164062
871.839599609375
671.1519775390625
870.194580078125
832.3600463867188
871.839599609375
671.1519775390625
764.9158325195312
832.3600463867188
888.2893676757812
460.594482421875
554.3583984375
852.0997924804688
880.064453125
881.70947265625
1291.3095703125
843.8749389648438
891.579345703125
881.70947265625
975.4733276367188
857.0347290039062
896.5142822265625
881.70947265625
975.4733276367188
858.6797485351562
898.1592407226562
1092.2669677734375
1186.0308837890625
858.6797485351562
912.964111328125
671.1519775390625
554.3583984375
880.064453125
911.319091796875
881.70947265625
975.4733276367188
881.70947265625
909.6741333007812
986.9882202148438
1080.7520751953125
883.3544311523438
919.5440063476562
881.70947265625
764.9158325195312
883.3544311523438
924.4789428710938
881.70947265625
764.9158325195312
889.9343872070312
931.0588989257812
881.70947265625
870.194580078125
899.8042602539062
921.18896484375
986.9882202148438
975.4733276367188
893.2243041992188
919.5440063476562
776.4307250976562
554.3583984375
888.2893676757812
914.6090698242188
776.4307250976562
659.6371459960938
883.3544311523438
924.4789428710938
776.4307250976562
659.6371459960938
893.2243041992188
926.1239624023438
829.070068359375
764.9158325195312
894.8693237304688
921.18896484375
776.4307250976562
659.6371459960938
889.9343872070312
926.1239624023438
829.070068359375
659.6371459960938
883.3544311523438
922.833984375
513.23388671875
238.52215576171875
888.2893676757812
908.0291748046875
829.070068359375
870.194580078125
880.064453125
912.964111328125
881.70947265625
870.194580078125
880.064453125
919.5440063476562
723.7913208007812
764.9158325195312
886.6444091796875
914.6090698242188
986.9882202148438
1080.7520751953125
881.70947265625
931.0588989257812
671.1519775390625
449.0796203613281
901.44921875
929.4138793945312
881.70947265625
870.194580078125
903.09423828125
916.2540283203125
881.70947265625
870.194580078125
891.579345703125
919.5440063476562
829.070068359375
764.9158325195312
896.5142822265625
916.2540283203125
776.4307250976562
764.9158325195312
889.9343872070312
908.0291748046875
671.1519775390625
659.6371459960938
876.7745361328125
899.8042602539062
671.1519775390625
659.6371459960938
878.4194946289062
886.6444091796875
776.4307250976562
764.9158325195312
860.32470703125
880.064453125
776.4307250976562
659.6371459960938
855.3897705078125
883.3544311523438
776.4307250976562
659.6371459960938
858.6797485351562
884.9994506835938
565.8732299804688
449.0796203613281
863.6146850585938
868.5496215820312
881.70947265625
1186.0308837890625
843.8749389648438
870.194580078125
776.4307250976562
870.194580078125
855.3897705078125
860.32470703125
776.4307250976562
870.194580078125
835.6500244140625
860.32470703125
986.9882202148438
975.4733276367188
832.3600463867188
871.839599609375
671.1519775390625
554.3583984375
845.5198974609375
870.194580078125
776.4307250976562
764.9158325195312
840.5849609375
865.2596435546875
671.1519775390625
554.3583984375
843.8749389648438
852.0997924804688
986.9882202148438
1186.0308837890625
824.1351318359375
837.2949829101562
986.9882202148438
975.4733276367188
807.6853637695312
829.070068359375
986.9882202148438
975.4733276367188
799.46044921875
852.0997924804688
565.8732299804688
133.243408203125
820.84521484375
843.8749389648438
565.8732299804688
343.8009033203125
817.5552368164062
838.9400024414062
881.70947265625
554.3583984375
804.3953857421875
834.0050048828125
881.70947265625
554.3583984375
802.7504272460938
830.715087890625
986.9882202148438
554.3583984375
807.6853637695312
837.2949829101562
671.1519775390625
133.243408203125
810.9752807617188
843.8749389648438
881.70947265625
554.3583984375
815.9102783203125
843.8749389648438
671.1519775390625
343.8009033203125
819.2001953125
824.1351318359375
881.70947265625
764.9158325195312
801.1054077148438
825.7801513671875
881.70947265625
764.9158325195312
807.6853637695312
820.84521484375
671.1519775390625
554.3583984375
799.46044921875
814.2652587890625
986.9882202148438
975.4733276367188
787.945556640625
830.715087890625
671.1519775390625
554.3583984375
797.8154907226562
830.715087890625
671.1519775390625
554.3583984375
806.0403442382812
834.0050048828125
671.1519775390625
554.3583984375
807.6853637695312
830.715087890625
986.9882202148438
1186.0308837890625
799.46044921875
832.3600463867188
822.4901733398438
735.3062133789062
807.6853637695312
832.3600463867188
717.21142578125
945.8637084960938
802.7504272460938
837.2949829101562
822.4901733398438
1156.421142578125
799.46044921875
847.1648559570312
401.3752136230469
314.1912536621094
807.6853637695312
840.5849609375
611.9326782226562
735.3062133789062
810.9752807617188
843.8749389648438
611.9326782226562
524.7487182617188
814.2652587890625
855.3897705078125
401.3752136230469
314.1912536621094
827.4251098632812
848.8098754882812
611.9326782226562
735.3062133789062
829.070068359375
832.3600463867188
927.7689208984375
1156.421142578125
806.0403442382812
845.5198974609375
927.7689208984375
945.8637084960938
820.84521484375
860.32470703125
717.21142578125
524.7487182617188
830.715087890625
866.9046630859375
822.4901733398438
735.3062133789062
835.6500244140625
873.4845581054688
717.21142578125
524.7487182617188
840.5849609375
857.0347290039062
927.7689208984375
945.8637084960938
827.4251098632812
843.8749389648438
927.7689208984375
945.8637084960938
810.9752807617188
832.3600463867188
717.21142578125
735.3062133789062
809.330322265625
830.715087890625
717.21142578125
735.3062133789062
809.330322265625
822.4901733398438
717.21142578125
735.3062133789062
799.46044921875
835.6500244140625
611.9326782226562
735.3062133789062
810.9752807617188
840.5849609375
506.6539306640625
524.7487182617188
810.9752807617188
837.2949829101562
401.3752136230469
314.1912536621094
817.5552368164062
820.84521484375
611.9326782226562
735.3062133789062
802.7504272460938
814.2652587890625
717.21142578125
735.3062133789062
791.2355346679688
822.4901733398438
611.9326782226562
524.7487182617188
801.1054077148438
837.2949829101562
611.9326782226562
524.7487182617188
812.6203002929688
838.9400024414062
401.3752136230469
314.1912536621094
819.2001953125
834.0050048828125
717.21142578125
735.3062133789062
806.0403442382812
837.2949829101562
611.9326782226562
524.7487182617188
806.0403442382812
840.5849609375
611.9326782226562
524.7487182617188
814.2652587890625
827.4251098632812
927.7689208984375
945.8637084960938
807.6853637695312
837.2949829101562
717.21142578125
524.7487182617188
819.2001953125
832.3600463867188
927.7689208984375
1156.421142578125
810.9752807617188
830.715087890625
927.7689208984375
735.3062133789062
804.3953857421875
848.8098754882812
611.9326782226562
314.1912536621094
824.1351318359375
843.8749389648438
822.4901733398438
735.3062133789062
825.7801513671875
838.9400024414062
822.4901733398438
735.3062133789062
820.84521484375
842.2299194335938
822.4901733398438
735.3062133789062
822.4901733398438
822.4901733398438
1033.047607421875
1366.9786376953125
814.2652587890625
825.7801513671875
1033.047607421875
1366.9786376953125
814.2652587890625
842.2299194335938
611.9326782226562
735.3062133789062
830.715087890625
842.2299194335938
927.7689208984375
1366.9786376953125
822.4901733398438
845.5198974609375
927.7689208984375
1156.421142578125
824.1351318359375
835.6500244140625
927.7689208984375
1156.421142578125
817.5552368164062
824.1351318359375
1033.047607421875
1156.421142578125
810.9752807617188
840.5849609375
717.21142578125
524.7487182617188
822.4901733398438
835.6500244140625
822.4901733398438
735.3062133789062
825.7801513671875
830.715087890625
1033.047607421875
945.8637084960938
815.9102783203125
842.2299194335938
927.7689208984375
735.3062133789062
820.84521484375
834.0050048828125
927.7689208984375
945.8637084960938
815.9102783203125
843.8749389648438
822.4901733398438
840.5849609375
817.5552368164062
840.5849609375
401.3752136230469
314.1912536621094
822.4901733398438
824.1351318359375
717.21142578125
945.8637084960938
802.7504272460938
835.6500244140625
717.21142578125
630.0274658203125
814.2652587890625
835.6500244140625
717.21142578125
735.3062133789062
819.2001953125
838.9400024414062
717.21142578125
735.3062133789062
825.7801513671875
837.2949829101562
822.4901733398438
945.8637084960938
827.4251098632812
838.9400024414062
611.9326782226562
419.4700012207031
827.4251098632812
837.2949829101562
927.7689208984375
1156.421142578125
825.7801513671875
845.5198974609375
717.21142578125
630.0274658203125
830.715087890625
835.6500244140625
611.9326782226562
524.7487182617188
825.7801513671875
830.715087890625
611.9326782226562
524.7487182617188
824.1351318359375
825.7801513671875
611.9326782226562
524.7487182617188
815.9102783203125
830.715087890625
717.21142578125
735.3062133789062
815.9102783203125
830.715087890625
822.4901733398438
840.5849609375
814.2652587890625
830.715087890625
822.4901733398438
840.5849609375
812.6203002929688
835.6500244140625
717.21142578125
630.0274658203125
817.5552368164062
829.070068359375
822.4901733398438
840.5849609375
810.9752807617188
832.3600463867188
822.4901733398438
840.5849609375
817.5552368164062
835.6500244140625
717.21142578125
630.0274658203125
820.84521484375
832.3600463867188
717.21142578125
630.0274658203125
820.84521484375
819.2001953125
927.7689208984375
1051.1424560546875
809.330322265625
810.9752807617188
927.7689208984375
840.5849609375
804.3953857421875
820.84521484375
717.21142578125
630.0274658203125
814.2652587890625
822.4901733398438
822.4901733398438
840.5849609375
819.2001953125
822.4901733398438
822.4901733398438
840.5849609375
810.9752807617188
824.1351318359375
822.4901733398438
840.5849609375
810.9752807617188
812.6203002929688
822.4901733398438
840.5849609375
810.9752807617188
824.1351318359375
611.9326782226562
630.0274658203125
812.6203002929688
830.715087890625
611.9326782226562
630.0274658203125
820.84521484375
810.9752807617188
822.4901733398438
1051.1424560546875
804.3953857421875
819.2001953125
1033.047607421875
1261.699951171875
806.0403442382812
832.3600463867188
401.3752136230469
419.4700012207031
820.84521484375
829.070068359375
401.3752136230469
840.5849609375
820.84521484375
834.0050048828125
611.9326782226562
1051.1424560546875
820.84521484375
835.6500244140625
401.3752136230469
419.4700012207031
827.4251098632812
824.1351318359375
401.3752136230469
630.0274658203125
819.2001953125
830.715087890625
401.3752136230469
419.4700012207031
822.4901733398438
834.0050048828125
190.81771850585938
208.91250610351562
830.715087890625
817.5552368164062
611.9326782226562
1051.1424560546875
815.9102783203125
810.9752807617188
822.4901733398438
1261.699951171875
810.9752807617188
824.1351318359375
611.9326782226562
419.4700012207031
819.2001953125
817.5552368164062
611.9326782226562
419.4700012207031
809.330322265625
825.7801513671875
611.9326782226562
208.91250610351562
820.84521484375
832.3600463867188
611.9326782226562
208.91250610351562
825.7801513671875
827.4251098632812
1033.047607421875
1051.1424560546875
817.5552368164062
838.9400024414062
822.4901733398438
630.0274658203125
837.2949829101562
848.8098754882812
611.9326782226562
419.4700012207031
842.2299194335938
845.5198974609375
822.4901733398438
1051.1424560546875
840.5849609375
835.6500244140625
1033.047607421875
1261.699951171875
825.7801513671875
842.2299194335938
927.7689208984375
1051.1424560546875
824.1351318359375
829.070068359375
927.7689208984375
1261.699951171875
814.2652587890625
824.1351318359375
822.4901733398438
1051.1424560546875
814.2652587890625
807.6853637695312
927.7689208984375
1261.699951171875
804.3953857421875
789.590576171875
1033.047607421875
1261.699951171875
784.6556396484375
783.0106201171875
822.4901733398438
840.5849609375
784.6556396484375
766.5608520507812
1138.326416015625
1261.699951171875
766.5608520507812
773.1407470703125
822.4901733398438
630.0274658203125
779.720703125
746.8211059570312
822.4901733398438
840.5849609375
751.7560424804688
728.726318359375
822.4901733398438
840.5849609375
722.1463623046875
710.6315307617188
822.4901733398438
840.5849609375
697.4716796875
705.6965942382812
822.4901733398438
840.5849609375
692.5367431640625
702.4066162109375
927.7689208984375
1051.1424560546875
684.3118286132812
712.2764892578125
611.9326782226562
419.4700012207031
694.1817016601562
700.7615966796875
559.2933349609375
840.5849609375
684.3118286132812
695.82666015625
822.4901733398438
1261.699951171875
672.7969360351562
713.9214477539062
559.2933349609375
840.5849609375
692.5367431640625
713.9214477539062
927.7689208984375
1472.2574462890625
687.601806640625
732.0162353515625
664.5720825195312
840.5849609375
700.7615966796875
741.8861083984375
664.5720825195312
1051.1424560546875
708.9865112304688
768.205810546875
664.5720825195312
1051.1424560546875
735.3062133789062
801.1054077148438
664.5720825195312
1051.1424560546875
768.205810546875
814.2652587890625
980.4082641601562
1472.2574462890625
784.6556396484375
832.3600463867188
664.5720825195312
1051.1424560546875
806.0403442382812
842.2299194335938
1033.047607421875
1682.81494140625
809.330322265625
881.70947265625
769.850830078125
1051.1424560546875
850.454833984375
909.6741333007812
769.850830078125
1051.1424560546875
880.064453125
927.7689208984375
822.4901733398438
1051.1424560546875
899.8042602539062
935.9938354492188
875.1295166015625
1051.1424560546875
908.0291748046875
949.1536865234375
822.4901733398438
840.5849609375
924.4789428710938
959.0235595703125
755.0459594726562
740.2411499023438
934.3488159179688
967.2484130859375
860.32470703125
845.5198974609375
942.57373046875
978.7633056640625
912.964111328125
845.5198974609375
954.088623046875
975.4733276367188
912.964111328125
845.5198974609375
952.443603515625
978.7633056640625
912.964111328125
845.5198974609375
965.6034545898438
993.568115234375
702.4066162109375
529.6836547851562
982.0532836914062
988.6331787109375
702.4066162109375
634.96240234375
975.4733276367188
975.4733276367188
1123.5216064453125
1371.91357421875
960.6685180664062
983.6982421875
1018.2428588867188
950.7986450195312
965.6034545898438
980.4082641601562
755.0459594726562
529.6836547851562
967.2484130859375
983.6982421875
755.0459594726562
634.96240234375
967.2484130859375
993.568115234375
702.4066162109375
634.96240234375
977.1183471679688
980.4082641601562
702.4066162109375
634.96240234375
970.5383911132812
967.2484130859375
965.6034545898438
1161.3560791015625
959.0235595703125
965.6034545898438
965.6034545898438
1056.077392578125
960.6685180664062
968.8934326171875
649.7672119140625
529.6836547851562
965.6034545898438
952.443603515625
1070.8822021484375
1371.91357421875
952.443603515625
945.8637084960938
755.0459594726562
319.1261901855469
947.5086669921875
949.1536865234375
649.7672119140625
319.1261901855469
950.7986450195312
947.5086669921875
755.0459594726562
529.6836547851562
944.2186889648438
934.3488159179688
755.0459594726562
529.6836547851562
931.0588989257812
926.1239624023438
649.7672119140625
319.1261901855469
929.4138793945312
909.6741333007812
755.0459594726562
529.6836547851562
911.319091796875
911.319091796875
649.7672119140625
319.1261901855469
916.2540283203125
916.2540283203125
649.7672119140625
319.1261901855469
917.8990478515625
903.09423828125
1070.8822021484375
1161.3560791015625
906.3841552734375
903.09423828125
1070.8822021484375
950.7986450195312
906.3841552734375
886.6444091796875
860.32470703125
529.6836547851562
894.8693237304688
883.3544311523438
860.32470703125
529.6836547851562
893.2243041992188
875.1295166015625
755.0459594726562
529.6836547851562
889.9343872070312
863.6146850585938
860.32470703125
740.2411499023438
883.3544311523438
868.5496215820312
965.6034545898438
950.7986450195312
878.4194946289062
873.4845581054688
965.6034545898438
950.7986450195312
880.064453125
881.70947265625
649.7672119140625
740.2411499023438
888.2893676757812
855.3897705078125
755.0459594726562
1161.3560791015625
861.9697265625
857.0347290039062
649.7672119140625
950.7986450195312
860.32470703125
870.194580078125
544.4884643554688
950.7986450195312
870.194580078125
871.839599609375
755.0459594726562
1161.3560791015625
860.32470703125
883.3544311523438
439.2097473144531
740.2411499023438
880.064453125
870.194580078125
544.4884643554688
1161.3560791015625
875.1295166015625
865.2596435546875
649.7672119140625
1161.3560791015625
863.6146850585938
871.839599609375
649.7672119140625
1161.3560791015625
873.4845581054688
873.4845581054688
649.7672119140625
1161.3560791015625
875.1295166015625
871.839599609375
649.7672119140625
950.7986450195312
866.9046630859375
876.7745361328125
544.4884643554688
740.2411499023438
875.1295166015625
878.4194946289062
755.0459594726562
1161.3560791015625
871.839599609375
876.7745361328125
755.0459594726562
950.7986450195312
868.5496215820312
878.4194946289062
755.0459594726562
950.7986450195312
875.1295166015625
873.4845581054688
1070.8822021484375
1371.91357421875
866.9046630859375
888.2893676757812
755.0459594726562
424.4049377441406
889.9343872070312
883.3544311523438
860.32470703125
950.7986450195312
886.6444091796875
871.839599609375
965.6034545898438
950.7986450195312
876.7745361328125
871.839599609375
755.0459594726562
529.6836547851562
881.70947265625
873.4845581054688
860.32470703125
845.5198974609375
878.4194946289062
871.839599609375
860.32470703125
845.5198974609375
881.70947265625
878.4194946289062
860.32470703125
740.2411499023438
880.064453125
878.4194946289062
860.32470703125
740.2411499023438
876.7745361328125
861.9697265625
1176.160888671875
1161.3560791015625
871.839599609375
868.5496215820312
755.0459594726562
319.1261901855469
880.064453125
865.2596435546875
965.6034545898438
845.5198974609375
875.1295166015625
860.32470703125
965.6034545898438
845.5198974609375
870.194580078125
855.3897705078125
965.6034545898438
845.5198974609375
860.32470703125
848.8098754882812
860.32470703125
740.2411499023438
863.6146850585938
848.8098754882812
860.32470703125
845.5198974609375
858.6797485351562
847.1648559570312
965.6034545898438
950.7986450195312
852.0997924804688
848.8098754882812
860.32470703125
634.96240234375
848.8098754882812
837.2949829101562
965.6034545898438
950.7986450195312
842.2299194335938
842.2299194335938
755.0459594726562
213.84744262695312
855.3897705078125
845.5198974609375
333.9309997558594
0.0
868.5496215820312
822.4901733398438
965.6034545898438
1158.066162109375
848.8098754882812
822.4901733398438
965.6034545898438
1052.7874755859375
848.8098754882812
835.6500244140625
649.7672119140625
631.6724243164062
853.7448120117188
838.9400024414062
860.32470703125
1052.7874755859375
855.3897705078125
845.5198974609375
755.0459594726562
842.2299194335938
857.0347290039062
838.9400024414062
755.0459594726562
1052.7874755859375
850.454833984375
840.5849609375
755.0459594726562
1052.7874755859375
852.0997924804688
845.5198974609375
649.7672119140625
947.5086669921875
853.7448120117188
857.0347290039062
649.7672119140625
947.5086669921875
863.6146850585938
852.0997924804688
755.0459594726562
1158.066162109375
857.0347290039062
848.8098754882812
755.0459594726562
1158.066162109375
853.7448120117188
853.7448120117188
755.0459594726562
1158.066162109375
858.6797485351562
850.454833984375
702.4066162109375
1263.3448486328125
860.32470703125
845.5198974609375
755.0459594726562
1263.3448486328125
852.0997924804688
852.0997924804688
702.4066162109375
1158.066162109375
855.3897705078125
847.1648559570312
912.964111328125
1579.18115234375
848.8098754882812
848.8098754882812
755.0459594726562
1158.066162109375
847.1648559570312
848.8098754882812
702.4066162109375
1263.3448486328125
843.8749389648438
834.0050048828125
912.964111328125
1579.18115234375
829.070068359375
832.3600463867188
912.964111328125
1473.90234375
829.070068359375
837.2949829101562
860.32470703125
1368.6236572265625
837.2949829101562
834.0050048828125
860.32470703125
1368.6236572265625
830.715087890625
825.7801513671875
597.1278686523438
947.5086669921875
832.3600463867188
825.7801513671875
597.1278686523438
1052.7874755859375
824.1351318359375
819.2001953125
702.4066162109375
1158.066162109375
822.4901733398438
809.330322265625
965.6034545898438
1579.18115234375
815.9102783203125
824.1351318359375
807.6853637695312
1052.7874755859375
819.2001953125
822.4901733398438
702.4066162109375
1052.7874755859375
815.9102783203125
806.0403442382812
1123.5216064453125
1682.81494140625
801.1054077148438
825.7801513671875
597.1278686523438
630.0274658203125
819.2001953125
815.9102783203125
702.4066162109375
1051.1424560546875
812.6203002929688
815.9102783203125
702.4066162109375
1051.1424560546875
814.2652587890625
819.2001953125
807.6853637695312
1051.1424560546875
810.9752807617188
820.84521484375
702.4066162109375
840.5849609375
810.9752807617188
815.9102783203125
702.4066162109375
840.5849609375
802.7504272460938
819.2001953125
597.1278686523438
630.0274658203125
812.6203002929688
812.6203002929688
597.1278686523438
630.0274658203125
810.9752807617188
796.1704711914062
1018.2428588867188
1261.699951171875
784.6556396484375
794.5255126953125
912.964111328125
840.5849609375
791.2355346679688
802.7504272460938
807.6853637695312
840.5849609375
799.46044921875
806.0403442382812
807.6853637695312
840.5849609375
799.46044921875
812.6203002929688
702.4066162109375
840.5849609375
810.9752807617188
812.6203002929688
807.6853637695312
1051.1424560546875
809.330322265625
802.7504272460938
1018.2428588867188
1261.699951171875
794.5255126953125
809.330322265625
912.964111328125
1051.1424560546875
801.1054077148438
814.2652587890625
702.4066162109375
840.5849609375
810.9752807617188
804.3953857421875
912.964111328125
1472.2574462890625
796.1704711914062
814.2652587890625
807.6853637695312
1051.1424560546875
809.330322265625
820.84521484375
807.6853637695312
1051.1424560546875
815.9102783203125
810.9752807617188
807.6853637695312
1051.1424560546875
810.9752807617188
809.330322265625
597.1278686523438
840.5849609375
812.6203002929688
797.8154907226562
807.6853637695312
1261.699951171875
801.1054077148438
794.5255126953125
807.6853637695312
1261.699951171875
794.5255126953125
776.4307250976562
702.4066162109375
1051.1424560546875
789.590576171875
778.07568359375
912.964111328125
1261.699951171875
778.07568359375
783.0106201171875
702.4066162109375
840.5849609375
789.590576171875
778.07568359375
702.4066162109375
1051.1424560546875
779.720703125
779.720703125
702.4066162109375
1051.1424560546875
773.1407470703125
769.850830078125
807.6853637695312
1051.1424560546875
768.205810546875
763.2708740234375
807.6853637695312
1051.1424560546875
766.5608520507812
774.7857666015625
970.5383911132812
1115.296630859375
766.5608520507812
792.8805541992188
444.1446838378906
62.509254455566406
786.3005981445312
789.590576171875
444.1446838378906
273.0667419433594
791.2355346679688
787.945556640625
865.2596435546875
904.7391967773438
783.0106201171875
792.8805541992188
759.9808959960938
483.62420654296875
791.2355346679688
802.7504272460938
759.9808959960938
483.62420654296875
797.8154907226562
807.6853637695312
865.2596435546875
904.7391967773438
806.0403442382812
801.1054077148438
970.5383911132812
904.7391967773438
804.3953857421875
815.9102783203125
759.9808959960938
483.62420654296875
815.9102783203125
817.5552368164062
759.9808959960938
483.62420654296875
819.2001953125
817.5552368164062
654.7021484375
483.62420654296875
819.2001953125
817.5552368164062
549.4234619140625
483.62420654296875
819.2001953125
794.5255126953125
970.5383911132812
1115.296630859375
797.8154907226562
804.3953857421875
865.2596435546875
694.1817016601562
804.3953857421875
815.9102783203125
654.7021484375
483.62420654296875
814.2652587890625
812.6203002929688
865.2596435546875
904.7391967773438
812.6203002929688
804.3953857421875
865.2596435546875
904.7391967773438
807.6853637695312
802.7504272460938
654.7021484375
588.9029541015625
794.5255126953125
797.8154907226562
654.7021484375
483.62420654296875
789.590576171875
791.2355346679688
654.7021484375
588.9029541015625
796.1704711914062
792.8805541992188
759.9808959960938
694.1817016601562
789.590576171875
792.8805541992188
707.341552734375
588.9029541015625
792.8805541992188
806.0403442382812
707.341552734375
588.9029541015625
797.8154907226562
802.7504272460938
549.4234619140625
378.3454895019531
804.3953857421875
791.2355346679688
759.9808959960938
904.7391967773438
796.1704711914062
783.0106201171875
917.8990478515625
1115.296630859375
789.590576171875
787.945556640625
654.7021484375
588.9029541015625
787.945556640625
791.2355346679688
602.0628051757812
588.9029541015625
787.945556640625
786.3005981445312
549.4234619140625
588.9029541015625
796.1704711914062
779.720703125
707.341552734375
904.7391967773438
787.945556640625
776.4307250976562
759.9808959960938
1010.0179443359375
781.3656616210938
778.07568359375
759.9808959960938
799.46044921875
786.3005981445312
784.6556396484375
654.7021484375
588.9029541015625
791.2355346679688
783.0106201171875
654.7021484375
799.46044921875
797.8154907226562
769.850830078125
865.2596435546875
1431.1329345703125
784.6556396484375
773.1407470703125
759.9808959960938
1220.575439453125
783.0106201171875
774.7857666015625
759.9808959960938
1220.575439453125
786.3005981445312
781.3656616210938
759.9808959960938
1220.575439453125
796.1704711914062
779.720703125
759.9808959960938
1431.1329345703125
787.945556640625
774.7857666015625
865.2596435546875
1431.1329345703125
773.1407470703125
779.720703125
654.7021484375
1010.0179443359375
784.6556396484375
781.3656616210938
970.5383911132812
1431.1329345703125
776.4307250976562
774.7857666015625
759.9808959960938
1220.575439453125
784.6556396484375
783.0106201171875
970.5383911132812
1431.1329345703125
789.590576171875
799.46044921875
759.9808959960938
1010.0179443359375
801.1054077148438
801.1054077148438
970.5383911132812
1431.1329345703125
804.3953857421875
819.2001953125
865.2596435546875
1010.0179443359375
822.4901733398438
814.2652587890625
865.2596435546875
1010.0179443359375
815.9102783203125
804.3953857421875
865.2596435546875
1010.0179443359375
812.6203002929688
807.6853637695312
759.9808959960938
799.46044921875
815.9102783203125
819.2001953125
759.9808959960938
799.46044921875
825.7801513671875
817.5552368164062
759.9808959960938
799.46044921875
829.070068359375
830.715087890625
759.9808959960938
799.46044921875
830.715087890625
832.3600463867188
654.7021484375
588.9029541015625
845.5198974609375
822.4901733398438
759.9808959960938
799.46044921875
838.9400024414062
824.1351318359375
759.9808959960938
799.46044921875
835.6500244140625
824.1351318359375
444.1446838378906
588.9029541015625
835.6500244140625
817.5552368164062
759.9808959960938
1220.575439453125
819.2001953125
825.7801513671875
759.9808959960938
1010.0179443359375
827.4251098632812
829.070068359375
759.9808959960938
1010.0179443359375
829.070068359375
815.9102783203125
970.5383911132812
1220.575439453125
824.1351318359375
827.4251098632812
759.9808959960938
1010.0179443359375
830.715087890625
817.5552368164062
970.5383911132812
1431.1329345703125
819.2001953125
832.3600463867188
654.7021484375
588.9029541015625
837.2949829101562
832.3600463867188
759.9808959960938
1010.0179443359375
832.3600463867188
840.5849609375
759.9808959960938
1010.0179443359375
832.3600463867188
837.2949829101562
759.9808959960938
1010.0179443359375
832.3600463867188
840.5849609375
1023.1777954101562
1220.575439453125
835.6500244140625
853.7448120117188
707.341552734375
588.9029541015625
847.1648559570312
842.2299194335938
812.6203002929688
904.7391967773438
840.5849609375
852.0997924804688
759.9808959960938
694.1817016601562
840.5849609375
853.7448120117188
707.341552734375
694.1817016601562
852.0997924804688
837.2949829101562
865.2596435546875
904.7391967773438
837.2949829101562
838.9400024414062
917.8990478515625
904.7391967773438
838.9400024414062
830.715087890625
917.8990478515625
904.7391967773438
835.6500244140625
829.070068359375
917.8990478515625
904.7391967773438
830.715087890625
819.2001953125
759.9808959960938
694.1817016601562
838.9400024414062
807.6853637695312
812.6203002929688
904.7391967773438
820.84521484375
801.1054077148438
917.8990478515625
1010.0179443359375
817.5552368164062
804.3953857421875
759.9808959960938
694.1817016601562
822.4901733398438
801.1054077148438
759.9808959960938
694.1817016601562
827.4251098632812
789.590576171875
707.341552734375
694.1817016601562
824.1351318359375
783.0106201171875
838.9400024414062
957.3785400390625
815.9102783203125
797.8154907226562
733.6612548828125
746.8211059570312
830.715087890625
797.8154907226562
786.3005981445312
852.0997924804688
827.4251098632812
809.330322265625
496.7840576171875
273.0667419433594
842.2299194335938
812.6203002929688
496.7840576171875
430.98486328125
838.9400024414062
806.0403442382812
838.9400024414062
1010.0179443359375
832.3600463867188
829.070068359375
812.6203002929688
904.7391967773438
852.0997924804688
837.2949829101562
759.9808959960938
746.8211059570312
858.6797485351562
843.8749389648438
786.3005981445312
799.46044921875
863.6146850585938
853.7448120117188
838.9400024414062
852.0997924804688
863.6146850585938
852.0997924804688
812.6203002929688
746.8211059570312
870.194580078125
850.454833984375
812.6203002929688
746.8211059570312
865.2596435546875
852.0997924804688
838.9400024414062
852.0997924804688
866.9046630859375
857.0347290039062
838.9400024414062
799.46044921875
870.194580078125
860.32470703125
865.2596435546875
904.7391967773438
870.194580078125
858.6797485351562
865.2596435546875
904.7391967773438
866.9046630859375
863.6146850585938
759.9808959960938
483.62420654296875
863.6146850585938
870.194580078125
654.7021484375
483.62420654296875
871.839599609375
873.4845581054688
970.5383911132812
904.7391967773438
868.5496215820312
876.7745361328125
654.7021484375
273.0667419433594
876.7745361328125
871.839599609375
759.9808959960938
483.62420654296875
875.1295166015625
873.4845581054688
759.9808959960938
483.62420654296875
873.4845581054688
871.839599609375
654.7021484375
483.62420654296875
875.1295166015625
870.194580078125
970.5383911132812
1115.296630859375
871.839599609375
871.839599609375
970.5383911132812
904.7391967773438
871.839599609375
881.70947265625
865.2596435546875
694.1817016601562
883.3544311523438
884.9994506835938
759.9808959960938
483.62420654296875
889.9343872070312
873.4845581054688
759.9808959960938
694.1817016601562
883.3544311523438
880.064453125
865.2596435546875
694.1817016601562
888.2893676757812
873.4845581054688
970.5383911132812
904.7391967773438
873.4845581054688
883.3544311523438
865.2596435546875
694.1817016601562
875.1295166015625
888.2893676757812
865.2596435546875
694.1817016601562
880.064453125
875.1295166015625
970.5383911132812
1325.8541259765625
870.194580078125
876.7745361328125
970.5383911132812
1115.296630859375
870.194580078125
878.4194946289062
654.7021484375
694.1817016601562
881.70947265625
857.0347290039062
1286.3746337890625
1682.81494140625
861.9697265625
878.4194946289062
759.9808959960938
630.0274658203125
876.7745361328125
871.839599609375
865.2596435546875
1051.1424560546875
876.7745361328125
868.5496215820312
970.5383911132812
1051.1424560546875
876.7745361328125
870.194580078125
759.9808959960938
630.0274658203125
880.064453125
865.2596435546875
759.9808959960938
630.0274658203125
870.194580078125
863.6146850585938
865.2596435546875
840.5849609375
863.6146850585938
863.6146850585938
865.2596435546875
840.5849609375
861.9697265625
866.9046630859375
759.9808959960938
630.0274658203125
866.9046630859375
868.5496215820312
970.5383911132812
1051.1424560546875
863.6146850585938
865.2596435546875
1075.817138671875
1051.1424560546875
857.0347290039062
866.9046630859375
865.2596435546875
630.0274658203125
858.6797485351562
865.2596435546875
945.8637084960938
970.5383911132812
860.32470703125
866.9046630859375
735.3062133789062
549.4234619140625
873.4845581054688
868.5496215820312
787.945556640625
970.5383911132812
870.194580078125
868.5496215820312
893.2243041992188
970.5383911132812
870.194580078125
857.0347290039062
787.945556640625
865.2596435546875
863.6146850585938
852.0997924804688
840.5849609375
970.5383911132812
853.7448120117188
853.7448120117188
840.5849609375
970.5383911132812
853.7448120117188
850.454833984375
840.5849609375
1075.817138671875
853.7448120117188
850.454833984375
1156.421142578125
1391.6533203125
847.1648559570312
858.6797485351562
735.3062133789062
549.4234619140625
861.9697265625
860.32470703125
735.3062133789062
759.9808959960938
863.6146850585938
852.0997924804688
840.5849609375
1075.817138671875
855.3897705078125
848.8098754882812
945.8637084960938
1075.817138671875
850.454833984375
853.7448120117188
735.3062133789062
654.7021484375
847.1648559570312
857.0347290039062
735.3062133789062
654.7021484375
850.454833984375
863.6146850585938
840.5849609375
865.2596435546875
855.3897705078125
860.32470703125
998.5030517578125
1075.817138671875
855.3897705078125
870.194580078125
787.945556640625
654.7021484375
871.839599609375
865.2596435546875
893.2243041992188
865.2596435546875
857.0347290039062
866.9046630859375
893.2243041992188
865.2596435546875
858.6797485351562
861.9697265625
682.6668701171875
654.7021484375
861.9697265625
858.6797485351562
893.2243041992188
1075.817138671875
853.7448120117188
875.1295166015625
682.6668701171875
654.7021484375
866.9046630859375
873.4845581054688
682.6668701171875
654.7021484375
870.194580078125
863.6146850585938
998.5030517578125
1286.3746337890625
853.7448120117188
870.194580078125
893.2243041992188
1075.817138671875
863.6146850585938
873.4845581054688
682.6668701171875
654.7021484375
866.9046630859375
878.4194946289062
682.6668701171875
654.7021484375
868.5496215820312
880.064453125
787.945556640625
865.2596435546875
870.194580078125
873.4845581054688
787.945556640625
865.2596435546875
865.2596435546875
868.5496215820312
998.5030517578125
1286.3746337890625
855.3897705078125
873.4845581054688
682.6668701171875
654.7021484375
860.32470703125
881.70947265625
682.6668701171875
654.7021484375
870.194580078125
881.70947265625
840.5849609375
1075.817138671875
866.9046630859375
871.839599609375
1103.7818603515625
1286.3746337890625
857.0347290039062
871.839599609375
945.8637084960938
865.2596435546875
852.0997924804688
870.194580078125
998.5030517578125
865.2596435546875
850.454833984375
880.064453125
840.5849609375
654.7021484375
858.6797485351562
875.1295166015625
840.5849609375
654.7021484375
863.6146850585938
870.194580078125
1209.060546875
1075.817138671875
853.7448120117188
871.839599609375
945.8637084960938
654.7021484375
857.0347290039062
861.9697265625
1156.421142578125
1075.817138671875
843.8749389648438
880.064453125
840.5849609375
444.1446838378906
855.3897705078125
870.194580078125
893.2243041992188
654.7021484375
855.3897705078125
863.6146850585938
998.5030517578125
865.2596435546875
848.8098754882812
868.5496215820312
945.8637084960938
865.2596435546875
852.0997924804688
861.9697265625
840.5849609375
865.2596435546875
847.1648559570312
865.2596435546875
840.5849609375
865.2596435546875
845.5198974609375
858.6797485351562
840.5849609375
865.2596435546875
845.5198974609375
857.0347290039062
787.945556640625
759.9808959960938
842.2299194335938
857.0347290039062
735.3062133789062
759.9808959960938
843.8749389648438
857.0347290039062
682.6668701171875
549.4234619140625
838.9400024414062
853.7448120117188
787.945556640625
865.2596435546875
834.0050048828125
861.9697265625
787.945556640625
759.9808959960938
845.5198974609375
861.9697265625
787.945556640625
759.9808959960938
843.8749389648438
865.2596435546875
735.3062133789062
654.7021484375
852.0997924804688
865.2596435546875
682.6668701171875
654.7021484375
848.8098754882812
860.32470703125
945.8637084960938
1075.817138671875
840.5849609375
868.5496215820312
682.6668701171875
654.7021484375
850.454833984375
863.6146850585938
945.8637084960938
1075.817138671875
843.8749389648438
873.4845581054688
630.0274658203125
338.8659362792969
853.7448120117188
863.6146850585938
787.945556640625
865.2596435546875
845.5198974609375
873.4845581054688
840.5849609375
865.2596435546875
840.5849609375
875.1295166015625
840.5849609375
865.2596435546875
845.5198974609375
875.1295166015625
735.3062133789062
654.7021484375
848.8098754882812
876.7745361328125
840.5849609375
865.2596435546875
845.5198974609375
868.5496215820312
840.5849609375
865.2596435546875
848.8098754882812
863.6146850585938
840.5849609375
865.2596435546875
852.0997924804688
871.839599609375
787.945556640625
759.9808959960938
850.454833984375
865.2596435546875
787.945556640625
759.9808959960938
847.1648559570312
871.839599609375
577.3881225585938
444.1446838378906
852.0997924804688
871.839599609375
630.0274658203125
654.7021484375
850.454833984375
863.6146850585938
787.945556640625
865.2596435546875
852.0997924804688
861.9697265625
893.2243041992188
970.5383911132812
845.5198974609375
865.2596435546875
840.5849609375
865.2596435546875
850.454833984375
855.3897705078125
893.2243041992188
970.5383911132812
843.8749389648438
863.6146850585938
630.0274658203125
444.1446838378906
858.6797485351562
866.9046630859375
577.3881225585938
444.1446838378906
850.454833984375
850.454833984375
893.2243041992188
1075.817138671875
832.3600463867188
857.0347290039062
893.2243041992188
865.2596435546875
842.2299194335938
858.6797485351562
735.3062133789062
654.7021484375
840.5849609375
853.7448120117188
945.8637084960938
865.2596435546875
842.2299194335938
866.9046630859375
630.0274658203125
23.02972412109375
853.7448120117188
858.6797485351562
945.8637084960938
654.7021484375
840.5849609375
866.9046630859375
840.5849609375
233.5872039794922
842.2299194335938
871.839599609375
524.7487182617188
23.02972412109375
853.7448120117188
865.2596435546875
840.5849609375
654.7021484375
842.2299194335938
870.194580078125
630.0274658203125
233.5872039794922
848.8098754882812
860.32470703125
630.0274658203125
444.1446838378906
842.2299194335938
863.6146850585938
524.7487182617188
233.5872039794922
847.1648559570312
853.7448120117188
840.5849609375
865.2596435546875
830.715087890625
847.1648559570312
840.5849609375
654.7021484375
834.0050048828125
861.9697265625
735.3062133789062
444.1446838378906
845.5198974609375
863.6146850585938
735.3062133789062
444.1446838378906
847.1648559570312
866.9046630859375
630.0274658203125
444.1446838378906
852.0997924804688
866.9046630859375
735.3062133789062
654.7021484375
857.0347290039062
857.0347290039062
735.3062133789062
654.7021484375
845.5198974609375
858.6797485351562
840.5849609375
865.2596435546875
843.8749389648438
850.454833984375
787.945556640625
654.7021484375
837.2949829101562
835.6500244140625
840.5849609375
759.9808959960938
827.4251098632812
845.5198974609375
840.5849609375
759.9808959960938
835.6500244140625
843.8749389648438
840.5849609375
759.9808959960938
835.6500244140625
847.1648559570312
945.8637084960938
865.2596435546875
834.0050048828125
853.7448120117188
893.2243041992188
759.9808959960938
838.9400024414062
838.9400024414062
840.5849609375
759.9808959960938
827.4251098632812
830.715087890625
945.8637084960938
970.5383911132812
820.84521484375
822.4901733398438
1051.1424560546875
1075.817138671875
815.9102783203125
827.4251098632812
1051.1424560546875
1075.817138671875
810.9752807617188
842.2299194335938
893.2243041992188
759.9808959960938
822.4901733398438
847.1648559570312
787.945556640625
654.7021484375
832.3600463867188
845.5198974609375
840.5849609375
970.5383911132812
834.0050048828125
842.2299194335938
945.8637084960938
970.5383911132812
827.4251098632812
842.2299194335938
735.3062133789062
654.7021484375
827.4251098632812
837.2949829101562
840.5849609375
654.7021484375
820.84521484375
835.6500244140625
945.8637084960938
865.2596435546875
820.84521484375
830.715087890625
945.8637084960938
865.2596435546875
812.6203002929688
834.0050048828125
840.5849609375
654.7021484375
814.2652587890625
840.5849609375
840.5849609375
654.7021484375
820.84521484375
837.2949829101562
630.0274658203125
444.1446838378906
822.4901733398438
825.7801513671875
945.8637084960938
1075.817138671875
812.6203002929688
840.5849609375
945.8637084960938
865.2596435546875
820.84521484375
835.6500244140625
945.8637084960938
865.2596435546875
815.9102783203125
832.3600463867188
945.8637084960938
865.2596435546875
819.2001953125
843.8749389648438
840.5849609375
865.2596435546875
822.4901733398438
837.2949829101562
1051.1424560546875
1075.817138671875
822.4901733398438
850.454833984375
735.3062133789062
444.1446838378906
835.6500244140625
847.1648559570312
945.8637084960938
1075.817138671875
827.4251098632812
850.454833984375
735.3062133789062
654.7021484375
835.6500244140625
848.8098754882812
735.3062133789062
865.2596435546875
830.715087890625
848.8098754882812
965.6034545898438
1098.846923828125
827.4251098632812
853.7448120117188
755.0459594726562
467.1744079589844
838.9400024414062
848.8098754882812
755.0459594726562
467.1744079589844
832.3600463867188
857.0347290039062
755.0459594726562
467.1744079589844
838.9400024414062
848.8098754882812
965.6034545898438
888.2893676757812
830.715087890625
852.0997924804688
965.6034545898438
677.7318725585938
834.0050048828125
847.1648559570312
965.6034545898438
677.7318725585938
834.0050048828125
852.0997924804688
860.32470703125
677.7318725585938
837.2949829101562
855.3897705078125
860.32470703125
677.7318725585938
835.6500244140625
853.7448120117188
1070.8822021484375
888.2893676757812
838.9400024414062
855.3897705078125
860.32470703125
677.7318725585938
843.8749389648438
845.5198974609375
1070.8822021484375
1098.846923828125
835.6500244140625
852.0997924804688
755.0459594726562
467.1744079589844
835.6500244140625
848.8098754882812
860.32470703125
888.2893676757812
829.070068359375
847.1648559570312
965.6034545898438
888.2893676757812
829.070068359375
840.5849609375
860.32470703125
677.7318725585938
825.7801513671875
842.2299194335938
860.32470703125
888.2893676757812
825.7801513671875
832.3600463867188
1070.8822021484375
1309.404296875
812.6203002929688
842.2299194335938
649.7672119140625
677.7318725585938
825.7801513671875
842.2299194335938
649.7672119140625
1098.846923828125
827.4251098632812
835.6500244140625
860.32470703125
1309.404296875
825.7801513671875
838.9400024414062
649.7672119140625
888.2893676757812
827.4251098632812
830.715087890625
649.7672119140625
1098.846923828125
819.2001953125
830.715087890625
755.0459594726562
1309.404296875
817.5552368164062
832.3600463867188
544.4884643554688
888.2893676757812
820.84521484375
827.4251098632812
544.4884643554688
888.2893676757812
814.2652587890625
825.7801513671875
649.7672119140625
888.2893676757812
814.2652587890625
822.4901733398438
860.32470703125
1098.846923828125
810.9752807617188
830.715087890625
755.0459594726562
888.2893676757812
815.9102783203125
832.3600463867188
965.6034545898438
1309.404296875
812.6203002929688
842.2299194335938
755.0459594726562
677.7318725585938
827.4251098632812
842.2299194335938
649.7672119140625
677.7318725585938
820.84521484375
834.0050048828125
860.32470703125
1098.846923828125
810.9752807617188
835.6500244140625
860.32470703125
888.2893676757812
815.9102783203125
834.0050048828125
755.0459594726562
888.2893676757812
814.2652587890625
834.0050048828125
912.964111328125
1098.846923828125
812.6203002929688
843.8749389648438
702.4066162109375
677.7318725585938
817.5552368164062
842.2299194335938
649.7672119140625
677.7318725585938
810.9752807617188
838.9400024414062
860.32470703125
888.2893676757812
814.2652587890625
843.8749389648438
702.4066162109375
467.1744079589844
827.4251098632812
850.454833984375
755.0459594726562
677.7318725585938
825.7801513671875
852.0997924804688
755.0459594726562
677.7318725585938
827.4251098632812
847.1648559570312
965.6034545898438
1098.846923828125
825.7801513671875
848.8098754882812
807.6853637695312
677.7318725585938
829.070068359375
847.1648559570312
755.0459594726562
677.7318725585938
829.070068359375
857.0347290039062
702.4066162109375
677.7318725585938
832.3600463867188
853.7448120117188
649.7672119140625
677.7318725585938
832.3600463867188
842.2299194335938
807.6853637695312
888.2893676757812
824.1351318359375
845.5198974609375
1018.2428588867188
1098.846923828125
824.1351318359375
843.8749389648438
702.4066162109375
888.2893676757812
822.4901733398438
843.8749389648438
702.4066162109375
888.2893676757812
822.4901733398438
838.9400024414062
1018.2428588867188
1309.404296875
817.5552368164062
848.8098754882812
807.6853637695312
677.7318725585938
832.3600463867188
852.0997924804688
807.6853637695312
888.2893676757812
830.715087890625
857.0347290039062
807.6853637695312
888.2893676757812
835.6500244140625
861.9697265625
702.4066162109375
677.7318725585938
842.2299194335938
850.454833984375
912.964111328125
1098.846923828125
830.715087890625
857.0347290039062
912.964111328125
888.2893676757812
837.2949829101562
861.9697265625
912.964111328125
888.2893676757812
843.8749389648438
857.0347290039062
1018.2428588867188
888.2893676757812
845.5198974609375
863.6146850585938
807.6853637695312
677.7318725585938
850.454833984375
858.6797485351562
1018.2428588867188
1098.846923828125
832.3600463867188
868.5496215820312
702.4066162109375
467.1744079589844
847.1648559570312
863.6146850585938
702.4066162109375
888.2893676757812
847.1648559570312
860.32470703125
807.6853637695312
888.2893676757812
847.1648559570312
865.2596435546875
491.84912109375
677.7318725585938
857.0347290039062
860.32470703125
912.964111328125
1309.404296875
847.1648559570312
865.2596435546875
597.1278686523438
467.1744079589844
848.8098754882812
861.9697265625
702.4066162109375
888.2893676757812
848.8098754882812
865.2596435546875
702.4066162109375
677.7318725585938
850.454833984375
868.5496215820312
702.4066162109375
677.7318725585938
858.6797485351562
870.194580078125
912.964111328125
888.2893676757812
850.454833984375
876.77453613