500
4
852.0997924804688
814.2652587890625
963.95849609375
824.1351318359375
850.454833984375
804.3953857421875
973.828369140625
829.070068359375
852.0997924804688
784.6556396484375
975.4733276367188
814.2652587890625
861.9697265625
783.0106201171875
973.828369140625
827.4251098632812
860.32470703125
781.3656616210938
970.5383911132812
838.9400024414062
860.32470703125
787.945556640625
998.5030517578125
845.5198974609375
875.1295166015625
814.2652587890625
1000.1480712890625
865.2596435546875
855.3897705078125
819.2001953125
978.7633056640625
842.2299194335938
848.8098754882812
791.2355346679688
1001.7930297851562
827.4251098632812
865.2596435546875
797.8154907226562
983.6982421875
838.9400024414062
843.8749389648438
792.8805541992188
983.6982421875
820.84521484375
871.839599609375
804.3953857421875
1031.4027099609375
852.0997924804688
876.7745361328125
819.2001953125
972.1834106445312
861.9697265625
865.2596435546875
796.1704711914062
955.7335815429688
837.2949829101562
875.1295166015625
814.2652587890625
980.4082641601562
840.5849609375
863.6146850585938
822.4901733398438
965.6034545898438
829.070068359375
865.2596435546875
832.3600463867188
955.7335815429688
827.4251098632812
863.6146850585938
824.1351318359375
1014.952880859375
834.0050048828125
876.7745361328125
810.9752807617188
980.4082641601562
847.1648559570312
876.7745361328125
812.6203002929688
1013.307861328125
842.2299194335938
863.6146850585938
799.46044921875
1008.3729248046875
829.070068359375
858.6797485351562
804.3953857421875
988.6331787109375
835.6500244140625
871.839599609375
810.9752807617188
1014.952880859375
832.3600463867188
857.0347290039062
796.1704711914062
982.0532836914062
825.7801513671875
855.3897705078125
792.8805541992188
1029.7576904296875
820.84521484375
858.6797485351562
784.6556396484375
975.4733276367188
827.4251098632812
853.7448120117188
801.1054077148438
1011.6629028320312
827.4251098632812
857.0347290039062
804.3953857421875
995.213134765625
827.4251098632812
847.1648559570312
784.6556396484375
967.2484130859375
819.2001953125
848.8098754882812
776.4307250976562
1016.5978393554688
820.84521484375
860.32470703125
784.6556396484375
995.213134765625
827.4251098632812
838.9400024414062
773.1407470703125
942.57373046875
817.5552368164062
847.1648559570312
786.3005981445312
998.5030517578125
820.84521484375
843.8749389648438
768.205810546875
947.5086669921875
804.3953857421875
829.070068359375
769.850830078125
939.2837524414062
797.8154907226562
843.8749389648438
806.0403442382812
993.568115234375
801.1054077148438
843.8749389648438
807.6853637695312
952.443603515625
799.46044921875
855.3897705078125
806.0403442382812
978.7633056640625
809.330322265625
855.3897705078125
792.8805541992188
970.5383911132812
807.6853637695312
852.0997924804688
781.3656616210938
965.6034545898438
806.0403442382812
853.7448120117188
784.6556396484375
982.0532836914062
806.0403442382812
845.5198974609375
784.6556396484375
970.5383911132812
801.1054077148438
837.2949829101562
784.6556396484375
931.0588989257812
807.6853637695312
843.8749389648438
784.6556396484375
965.6034545898438
820.84521484375
847.1648559570312
776.4307250976562
998.5030517578125
815.9102783203125
847.1648559570312
771.4957885742188
980.4082641601562
817.5552368164062
845.5198974609375
797.8154907226562
972.1834106445312
807.6853637695312
842.2299194335938
796.1704711914062
990.2781372070312
810.9752807617188
850.454833984375
794.5255126953125
982.0532836914062
817.5552368164062
845.5198974609375
787.945556640625
947.5086669921875
809.330322265625
834.0050048828125
781.3656616210938
983.6982421875
807.6853637695312
827.4251098632812
769.850830078125
904.7391967773438
804.3953857421875
832.3600463867188
796.1704711914062
955.7335815429688
806.0403442382812
848.8098754882812
810.9752807617188
1006.7279663085938
810.9752807617188
848.8098754882812
786.3005981445312
942.57373046875
814.2652587890625
855.3897705078125
781.3656616210938
952.443603515625
817.5552368164062
850.454833984375
763.2708740234375
931.0588989257812
822.4901733398438
843.8749389648438
781.3656616210938
939.2837524414062
801.1054077148438
855.3897705078125
806.0403442382812
940.9287719726562
809.330322265625
858.6797485351562
815.9102783203125
940.9287719726562
820.84521484375
850.454833984375
806.0403442382812
934.3488159179688
810.9752807617188
850.454833984375
801.1054077148438
901.44921875
817.5552368164062
855.3897705078125
817.5552368164062
967.2484130859375
822.4901733398438
855.3897705078125
797.8154907226562
914.6090698242188
817.5552368164062
842.2299194335938
791.2355346679688
908.0291748046875
807.6853637695312
848.8098754882812
796.1704711914062
947.5086669921875
809.330322265625
840.5849609375
797.8154907226562
861.9697265625
799.46044921875
832.3600463867188
797.8154907226562
894.8693237304688
802.7504272460938
829.070068359375
794.5255126953125
954.088623046875
802.7504272460938
840.5849609375
787.945556640625
901.44921875
810.9752807617188
830.715087890625
776.4307250976562
901.44921875
806.0403442382812
842.2299194335938
792.8805541992188
940.9287719726562
812.6203002929688
845.5198974609375
804.3953857421875
875.1295166015625
814.2652587890625
834.0050048828125
804.3953857421875
927.7689208984375
806.0403442382812
843.8749389648438
787.945556640625
927.7689208984375
812.6203002929688
840.5849609375
784.6556396484375
875.1295166015625
807.6853637695312
842.2299194335938
768.205810546875
944.2186889648438
807.6853637695312
848.8098754882812
779.720703125
898.1592407226562
815.9102783203125
845.5198974609375
797.8154907226562
873.4845581054688
815.9102783203125
838.9400024414062
801.1054077148438
919.5440063476562
810.9752807617188
853.7448120117188
817.5552368164062
916.2540283203125
817.5552368164062
866.9046630859375
829.070068359375
919.5440063476562
824.1351318359375
861.9697265625
810.9752807617188
878.4194946289062
824.1351318359375
850.454833984375
783.0106201171875
855.3897705078125
824.1351318359375
855.3897705078125
792.8805541992188
889.9343872070312
829.070068359375
857.0347290039062
786.3005981445312
926.1239624023438
829.070068359375
858.6797485351562
802.7504272460938
903.09423828125
825.7801513671875
855.3897705078125
810.9752807617188
935.9938354492188
825.7801513671875
855.3897705078125
787.945556640625
875.1295166015625
822.4901733398438
842.2299194335938
787.945556640625
857.0347290039062
822.4901733398438
840.5849609375
802.7504272460938
848.8098754882812
822.4901733398438
843.8749389648438
796.1704711914062
901.44921875
817.5552368164062
845.5198974609375
783.0106201171875
873.4845581054688
820.84521484375
848.8098754882812
799.46044921875
962.3134765625
830.715087890625
848.8098754882812
791.2355346679688
901.44921875
835.6500244140625
842.2299194335938
779.720703125
881.70947265625
822.4901733398438
847.1648559570312
794.5255126953125
880.064453125
819.2001953125
837.2949829101562
801.1054077148438
868.5496215820312
819.2001953125
837.2949829101562
802.7504272460938
903.09423828125
812.6203002929688
843.8749389648438
797.8154907226562
871.839599609375
829.070068359375
838.9400024414062
783.0106201171875
873.4845581054688
825.7801513671875
832.3600463867188
778.07568359375
866.9046630859375
814.2652587890625
827.4251098632812
792.8805541992188
889.9343872070312
814.2652587890625
837.2949829101562
801.1054077148438
917.8990478515625
815.9102783203125
837.2949829101562
807.6853637695312
917.8990478515625
814.2652587890625
845.5198974609375
791.2355346679688
888.2893676757812
815.9102783203125
842.2299194335938
786.3005981445312
873.4845581054688
814.2652587890625
845.5198974609375
815.9102783203125
917.8990478515625
815.9102783203125
843.8749389648438
797.8154907226562
911.319091796875
824.1351318359375
838.9400024414062
802.7504272460938
865.2596435546875
814.2652587890625
847.1648559570312
824.1351318359375
937.6387939453125
809.330322265625
850.454833984375
807.6853637695312
884.9994506835938
814.2652587890625
845.5198974609375
829.070068359375
884.9994506835938
807.6853637695312
852.0997924804688
822.4901733398438
924.4789428710938
819.2001953125
847.1648559570312
787.945556640625
852.0997924804688
819.2001953125
838.9400024414062
789.590576171875
845.5198974609375
810.9752807617188
845.5198974609375
822.4901733398438
891.579345703125
819.2001953125
852.0997924804688
820.84521484375
871.839599609375
824.1351318359375
855.3897705078125
834.0050048828125
931.0588989257812
819.2001953125
857.0347290039062
819.2001953125
917.8990478515625
819.2001953125
847.1648559570312
787.945556640625
858.6797485351562
819.2001953125
847.1648559570312
812.6203002929688
917.8990478515625
824.1351318359375
850.454833984375
814.2652587890625
911.319091796875
824.1351318359375
843.8749389648438
809.330322265625
878.4194946289062
814.2652587890625
845.5198974609375
809.330322265625
904.7391967773438
802.7504272460938
845.5198974609375
794.5255126953125
899.8042602539062
804.3953857421875
850.454833984375
794.5255126953125
909.6741333007812
807.6853637695312
847.1648559570312
802.7504272460938
926.1239624023438
809.330322265625
850.454833984375
810.9752807617188
896.5142822265625
819.2001953125
858.6797485351562
822.4901733398438
893.2243041992188
824.1351318359375
840.5849609375
804.3953857421875
893.2243041992188
807.6853637695312
834.0050048828125
783.0106201171875
870.194580078125
810.9752807617188
834.0050048828125
783.0106201171875
934.3488159179688
807.6853637695312
834.0050048828125
776.4307250976562
858.6797485351562
804.3953857421875
832.3600463867188
781.3656616210938
880.064453125
810.9752807617188
838.9400024414062
802.7504272460938
903.09423828125
809.330322265625
837.2949829101562
789.590576171875
876.7745361328125
806.0403442382812
835.6500244140625
778.07568359375
881.70947265625
796.1704711914062
837.2949829101562
786.3005981445312
889.9343872070312
807.6853637695312
840.5849609375
789.590576171875
860.32470703125
810.9752807617188
840.5849609375
804.3953857421875
919.5440063476562
812.6203002929688
848.8098754882812
809.330322265625
896.5142822265625
814.2652587890625
835.6500244140625
794.5255126953125
876.7745361328125
806.0403442382812
834.0050048828125
781.3656616210938
912.964111328125
806.0403442382812
842.2299194335938
771.4957885742188
873.4845581054688
817.5552368164062
840.5849609375
783.0106201171875
896.5142822265625
822.4901733398438
853.7448120117188
796.1704711914062
912.964111328125
827.4251098632812
857.0347290039062
802.7504272460938
840.5849609375
824.1351318359375
845.5198974609375
809.330322265625
932.703857421875
817.5552368164062
830.715087890625
792.8805541992188
876.7745361328125
799.46044921875
838.9400024414062
799.46044921875
903.09423828125
809.330322265625
853.7448120117188
794.5255126953125
939.2837524414062
819.2001953125
845.5198974609375
797.8154907226562
824.1351318359375
815.9102783203125
845.5198974609375
804.3953857421875
916.2540283203125
812.6203002929688
842.2299194335938
776.4307250976562
843.8749389648438
814.2652587890625
845.5198974609375
784.6556396484375
916.2540283203125
809.330322265625
853.7448120117188
797.8154907226562
906.3841552734375
814.2652587890625
850.454833984375
819.2001953125
889.9343872070312
820.84521484375
855.3897705078125
825.7801513671875
926.1239624023438
822.4901733398438
852.0997924804688
817.5552368164062
857.0347290039062
809.330322265625
850.454833984375
801.1054077148438
919.5440063476562
815.9102783203125
847.1648559570312
781.3656616210938
883.3544311523438
810.9752807617188
852.0997924804688
801.1054077148438
863.6146850585938
820.84521484375
853.7448120117188
801.1054077148438
886.6444091796875
822.4901733398438
858.6797485351562
817.5552368164062
904.7391967773438
820.84521484375
860.32470703125
819.2001953125
875.1295166015625
822.4901733398438
860.32470703125
801.1054077148438
878.4194946289062
827.4251098632812
866.9046630859375
807.6853637695312
865.2596435546875
840.5849609375
857.0347290039062
806.0403442382812
840.5849609375
824.1351318359375
853.7448120117188
801.1054077148438
883.3544311523438
817.5552368164062
853.7448120117188
797.8154907226562
875.1295166015625
829.070068359375
853.7448120117188
807.6853637695312
870.194580078125
832.3600463867188
848.8098754882812
786.3005981445312
865.2596435546875
815.9102783203125
847.1648559570312
779.720703125
834.0050048828125
817.5552368164062
842.2299194335938
786.3005981445312
922.833984375
814.2652587890625
847.1648559570312
783.0106201171875
866.9046630859375
815.9102783203125
858.6797485351562
801.1054077148438
886.6444091796875
832.3600463867188
855.3897705078125
807.6853637695312
914.6090698242188
820.84521484375
837.2949829101562
778.07568359375
834.0050048828125
804.3953857421875
842.2299194335938
797.8154907226562
883.3544311523438
812.6203002929688
825.7801513671875
786.3005981445312
865.2596435546875
806.0403442382812
837.2949829101562
769.850830078125
878.4194946289062
801.1054077148438
829.070068359375
768.205810546875
858.6797485351562
797.8154907226562
830.715087890625
779.720703125
906.3841552734375
807.6853637695312
840.5849609375
794.5255126953125
840.5849609375
814.2652587890625
832.3600463867188
796.1704711914062
845.5198974609375
804.3953857421875
829.070068359375
786.3005981445312
852.0997924804688
809.330322265625
842.2299194335938
783.0106201171875
866.9046630859375
807.6853637695312
840.5849609375
789.590576171875
880.064453125
819.2001953125
840.5849609375
792.8805541992188
861.9697265625
815.9102783203125
838.9400024414062
791.2355346679688
889.9343872070312
806.0403442382812
852.0997924804688
794.5255126953125
834.0050048828125
827.4251098632812
850.454833984375
807.6853637695312
911.319091796875
820.84521484375
857.0347290039062
807.6853637695312
908.0291748046875
822.4901733398438
855.3897705078125
792.8805541992188
857.0347290039062
819.2001953125
845.5198974609375
787.945556640625
847.1648559570312
814.2652587890625
842.2299194335938
792.8805541992188
815.9102783203125
810.9752807617188
830.715087890625
776.4307250976562
825.7801513671875
806.0403442382812
837.2949829101562
799.46044921875
921.18896484375
817.5552368164062
852.0997924804688
810.9752807617188
911.319091796875
819.2001953125
858.6797485351562
801.1054077148438
868.5496215820312
827.4251098632812
855.3897705078125
809.330322265625
886.6444091796875
822.4901733398438
860.32470703125
802.7504272460938
848.8098754882812
827.4251098632812
855.3897705078125
776.4307250976562
829.070068359375
815.9102783203125
838.9400024414062
773.1407470703125
850.454833984375
817.5552368164062
855.3897705078125
787.945556640625
908.0291748046875
825.7801513671875
852.0997924804688
791.2355346679688
878.4194946289062
817.5552368164062
842.2299194335938
789.590576171875
858.6797485351562
817.5552368164062
847.1648559570312
786.3005981445312
840.5849609375
817.5552368164062
842.2299194335938
771.4957885742188
766.5608520507812
824.1351318359375
852.0997924804688
797.8154907226562
878.4194946289062
832.3600463867188
855.3897705078125
791.2355346679688
858.6797485351562
822.4901733398438
852.0997924804688
791.2355346679688
853.7448120117188
820.84521484375
855.3897705078125
786.3005981445312
824.1351318359375
820.84521484375
850.454833984375
812.6203002929688
810.9752807617188
822.4901733398438
845.5198974609375
812.6203002929688
842.2299194335938
824.1351318359375
837.2949829101562
773.1407470703125
812.6203002929688
809.330322265625
850.454833984375
779.720703125
845.5198974609375
806.0403442382812
855.3897705078125
786.3005981445312
812.6203002929688
814.2652587890625
860.32470703125
807.6853637695312
832.3600463867188
817.5552368164062
866.9046630859375
824.1351318359375
843.8749389648438
829.070068359375
852.0997924804688
794.5255126953125
843.8749389648438
829.070068359375
847.1648559570312
786.3005981445312
796.1704711914062
820.84521484375
842.2299194335938
799.46044921875
832.3600463867188
815.9102783203125
838.9400024414062
783.0106201171875
791.2355346679688
801.1054077148438
855.3897705078125
809.330322265625
824.1351318359375
814.2652587890625
855.3897705078125
817.5552368164062
837.2949829101562
819.2001953125
860.32470703125
801.1054077148438
842.2299194335938
822.4901733398438
861.9697265625
806.0403442382812
848.8098754882812
827.4251098632812
845.5198974609375
792.8805541992188
817.5552368164062
817.5552368164062
835.6500244140625
791.2355346679688
857.0347290039062
814.2652587890625
847.1648559570312
799.46044921875
822.4901733398438
820.84521484375
835.6500244140625
786.3005981445312
802.7504272460938
819.2001953125
842.2299194335938
799.46044921875
843.8749389648438
809.330322265625
852.0997924804688
817.5552368164062
850.454833984375
817.5552368164062
843.8749389648438
799.46044921875
797.8154907226562
824.1351318359375
842.2299194335938
787.945556640625
873.4845581054688
819.2001953125
845.5198974609375
789.590576171875
806.0403442382812
822.4901733398438
838.9400024414062
809.330322265625
834.0050048828125
814.2652587890625
857.0347290039062
820.84521484375
896.5142822265625
817.5552368164062
850.454833984375
801.1054077148438
781.3656616210938
820.84521484375
835.6500244140625
809.330322265625
852.0997924804688
810.9752807617188
838.9400024414062
787.945556640625
819.2001953125
807.6853637695312
845.5198974609375
802.7504272460938
809.330322265625
817.5552368164062
842.2299194335938
804.3953857421875
819.2001953125
810.9752807617188
827.4251098632812
786.3005981445312
810.9752807617188
794.5255126953125
832.3600463867188
797.8154907226562
838.9400024414062
799.46044921875
837.2949829101562
801.1054077148438
822.4901733398438
804.3953857421875
840.5849609375
827.4251098632812
832.3600463867188
810.9752807617188
837.2949829101562
799.46044921875
840.5849609375
801.1054077148438
847.1648559570312
784.6556396484375
814.2652587890625
810.9752807617188
848.8098754882812
783.0106201171875
799.46044921875
812.6203002929688
842.2299194335938
792.8805541992188
822.4901733398438
814.2652587890625
853.7448120117188
810.9752807617188
807.6853637695312
827.4251098632812
858.6797485351562
806.0403442382812
797.8154907226562
835.6500244140625
852.0997924804688
810.9752807617188
786.3005981445312
824.1351318359375
852.0997924804688
807.6853637695312
832.3600463867188
817.5552368164062
853.7448120117188
812.6203002929688
850.454833984375
820.84521484375
852.0997924804688
796.1704711914062
834.0050048828125
807.6853637695312
845.5198974609375
774.7857666015625
814.2652587890625
809.330322265625
845.5198974609375
778.07568359375
794.5255126953125
815.9102783203125
845.5198974609375
806.0403442382812
838.9400024414062
817.5552368164062
855.3897705078125
810.9752807617188
894.8693237304688
820.84521484375
850.454833984375
774.7857666015625
792.8805541992188
820.84521484375
852.0997924804688
789.590576171875
815.9102783203125
815.9102783203125
848.8098754882812
786.3005981445312
840.5849609375
812.6203002929688
845.5198974609375
773.1407470703125
796.1704711914062
827.4251098632812
853.7448120117188
786.3005981445312
824.1351318359375
834.0050048828125
860.32470703125
799.46044921875
857.0347290039062
825.7801513671875
860.32470703125
799.46044921875
802.7504272460938
827.4251098632812
853.7448120117188
812.6203002929688
835.6500244140625
820.84521484375
850.454833984375
804.3953857421875
804.3953857421875
825.7801513671875
857.0347290039062
786.3005981445312
838.9400024414062
830.715087890625
865.2596435546875
787.945556640625
825.7801513671875
830.715087890625
853.7448120117188
801.1054077148438
845.5198974609375
830.715087890625
863.6146850585938
817.5552368164062
801.1054077148438
832.3600463867188
858.6797485351562
801.1054077148438
814.2652587890625
843.8749389648438
847.1648559570312
771.4957885742188
778.07568359375
819.2001953125
840.5849609375
781.3656616210938
817.5552368164062
804.3953857421875
842.2299194335938
776.4307250976562
802.7504272460938
810.9752807617188
840.5849609375
778.07568359375
815.9102783203125
806.0403442382812
840.5849609375
799.46044921875
829.070068359375
809.330322265625
843.8749389648438
806.0403442382812
797.8154907226562
807.6853637695312
838.9400024414062
814.2652587890625
853.7448120117188
801.1054077148438
852.0997924804688
809.330322265625
820.84521484375
810.9752807617188
850.454833984375
802.7504272460938
842.2299194335938
815.9102783203125
843.8749389648438
779.720703125
830.715087890625
814.2652587890625
850.454833984375
774.7857666015625
820.84521484375
814.2652587890625
845.5198974609375
789.590576171875
802.7504272460938
822.4901733398438
840.5849609375
791.2355346679688
802.7504272460938
822.4901733398438
842.2299194335938
794.5255126953125
771.4957885742188
817.5552368164062
838.9400024414062
797.8154907226562
843.8749389648438
814.2652587890625
840.5849609375
783.0106201171875
838.9400024414062
815.9102783203125
845.5198974609375
778.07568359375
806.0403442382812
822.4901733398438
850.454833984375
789.590576171875
809.330322265625
835.6500244140625
860.32470703125
810.9752807617188
848.8098754882812
840.5849609375
855.3897705078125
794.5255126953125
827.4251098632812
838.9400024414062
847.1648559570312
766.5608520507812
848.8098754882812
820.84521484375
843.8749389648438
755.0459594726562
824.1351318359375
804.3953857421875
832.3600463867188
761.6259155273438
779.720703125
802.7504272460938
837.2949829101562
776.4307250976562
847.1648559570312
806.0403442382812
837.2949829101562
778.07568359375
809.330322265625
819.2001953125
838.9400024414062
787.945556640625
878.4194946289062
819.2001953125
840.5849609375
771.4957885742188
801.1054077148438
822.4901733398438
829.070068359375
750.1110229492188
819.2001953125
819.2001953125
835.6500244140625
766.5608520507812
857.0347290039062
822.4901733398438
834.0050048828125
751.7560424804688
817.5552368164062
814.2652587890625
837.2949829101562
764.9158325195312
845.5198974609375
814.2652587890625
842.2299194335938
774.7857666015625
824.1351318359375
820.84521484375
840.5849609375
773.1407470703125
835.6500244140625
825.7801513671875
838.9400024414062
789.590576171875
835.6500244140625
820.84521484375
827.4251098632812
778.07568359375
815.9102783203125
794.5255126953125
838.9400024414062
783.0106201171875
815.9102783203125
807.6853637695312
832.3600463867188
766.5608520507812
806.0403442382812
797.8154907226562
822.4901733398438
764.9158325195312
810.9752807617188
802.7504272460938
827.4251098632812
774.7857666015625
802.7504272460938
802.7504272460938
825.7801513671875
766.5608520507812
847.1648559570312
797.8154907226562
829.070068359375
774.7857666015625
792.8805541992188
809.330322265625
830.715087890625
776.4307250976562
853.7448120117188
809.330322265625
835.6500244140625
776.4307250976562
829.070068359375
810.9752807617188
837.2949829101562
773.1407470703125
743.5311279296875
817.5552368164062
830.715087890625
779.720703125
850.454833984375
807.6853637695312
840.5849609375
786.3005981445312
830.715087890625
814.2652587890625
840.5849609375
789.590576171875
792.8805541992188
814.2652587890625
838.9400024414062
786.3005981445312
860.32470703125
807.6853637695312
843.8749389648438
783.0106201171875
810.9752807617188
817.5552368164062
842.2299194335938
789.590576171875
804.3953857421875
817.5552368164062
845.5198974609375
802.7504272460938
850.454833984375
824.1351318359375
848.8098754882812
794.5255126953125
825.7801513671875
829.070068359375
838.9400024414062
773.1407470703125
792.8805541992188
825.7801513671875
837.2949829101562
784.6556396484375
866.9046630859375
807.6853637695312
855.3897705078125
791.2355346679688
832.3600463867188
815.9102783203125
850.454833984375
799.46044921875
829.070068359375
819.2001953125
845.5198974609375
799.46044921875
812.6203002929688
820.84521484375
840.5849609375
786.3005981445312
842.2299194335938
822.4901733398438
838.9400024414062
791.2355346679688
820.84521484375
820.84521484375
840.5849609375
807.6853637695312
804.3953857421875
820.84521484375
835.6500244140625
787.945556640625
799.46044921875
819.2001953125
837.2949829101562
794.5255126953125
815.9102783203125
824.1351318359375
848.8098754882812
797.8154907226562
847.1648559570312
819.2001953125
848.8098754882812
799.46044921875
830.715087890625
822.4901733398438
853.7448120117188
809.330322265625
810.9752807617188
820.84521484375
855.3897705078125
810.9752807617188
829.070068359375
822.4901733398438
853.7448120117188
804.3953857421875
829.070068359375
825.7801513671875
834.0050048828125
791.2355346679688
794.5255126953125
810.9752807617188
837.2949829101562
791.2355346679688
863.6146850585938
814.2652587890625
840.5849609375
776.4307250976562
769.850830078125
817.5552368164062
838.9400024414062
789.590576171875
819.2001953125
814.2652587890625
850.454833984375
789.590576171875
829.070068359375
817.5552368164062
850.454833984375
792.8805541992188
792.8805541992188
815.9102783203125
860.32470703125
810.9752807617188
825.7801513671875
820.84521484375
857.0347290039062
815.9102783203125
830.715087890625
819.2001953125
853.7448120117188
820.84521484375
820.84521484375
819.2001953125
847.1648559570312
801.1054077148438
769.850830078125
820.84521484375
829.070068359375
771.4957885742188
773.1407470703125
806.0403442382812
829.070068359375
769.850830078125
745.1760864257812
802.7504272460938
834.0050048828125
787.945556640625
817.5552368164062
815.9102783203125
842.2299194335938
801.1054077148438
807.6853637695312
817.5552368164062
840.5849609375
809.330322265625
829.070068359375
817.5552368164062
837.2949829101562
792.8805541992188
796.1704711914062
815.9102783203125
837.2949829101562
792.8805541992188
771.4957885742188
819.2001953125
837.2949829101562
801.1054077148438
855.3897705078125
817.5552368164062
840.5849609375
804.3953857421875
773.1407470703125
824.1351318359375
838.9400024414062
810.9752807617188
842.2299194335938
820.84521484375
853.7448120117188
806.0403442382812
834.0050048828125
834.0050048828125
840.5849609375
799.46044921875
763.2708740234375
827.4251098632812
835.6500244140625
783.0106201171875
834.0050048828125
817.5552368164062
842.2299194335938
802.7504272460938
853.7448120117188
830.715087890625
843.8749389648438
789.590576171875
825.7801513671875
814.2652587890625
848.8098754882812
778.07568359375
820.84521484375
825.7801513671875
843.8749389648438
799.46044921875
827.4251098632812
827.4251098632812
850.454833984375
814.2652587890625
804.3953857421875
832.3600463867188
837.2949829101562
799.46044921875
774.7857666015625
822.4901733398438
829.070068359375
786.3005981445312
802.7504272460938
819.2001953125
825.7801513671875
778.07568359375
773.1407470703125
815.9102783203125
835.6500244140625
774.7857666015625
804.3953857421875
809.330322265625
845.5198974609375
789.590576171875
852.0997924804688
819.2001953125
843.8749389648438
801.1054077148438
815.9102783203125
812.6203002929688
842.2299194335938
802.7504272460938
783.0106201171875
815.9102783203125
838.9400024414062
786.3005981445312
817.5552368164062
812.6203002929688
837.2949829101562
776.4307250976562
792.8805541992188
810.9752807617188
832.3600463867188
779.720703125
761.6259155273438
815.9102783203125
838.9400024414062
781.3656616210938
830.715087890625
814.2652587890625
837.2949829101562
776.4307250976562
769.850830078125
815.9102783203125
842.2299194335938
791.2355346679688
771.4957885742188
820.84521484375
835.6500244140625
787.945556640625
801.1054077148438
822.4901733398438
827.4251098632812
771.4957885742188
761.6259155273438
807.6853637695312
830.715087890625
792.8805541992188
766.5608520507812
806.0403442382812
829.070068359375
812.6203002929688
804.3953857421875
801.1054077148438
837.2949829101562
784.6556396484375
738.59619140625
799.46044921875
829.070068359375
786.3005981445312
761.6259155273438
806.0403442382812
830.715087890625
786.3005981445312
787.945556640625
804.3953857421875
824.1351318359375
756.6909790039062
750.1110229492188
796.1704711914062
819.2001953125
761.6259155273438
755.0459594726562
789.590576171875
838.9400024414062
774.7857666015625
774.7857666015625
804.3953857421875
845.5198974609375
781.3656616210938
778.07568359375
807.6853637695312
838.9400024414062
797.8154907226562
806.0403442382812
802.7504272460938
843.8749389648438
787.945556640625
740.2411499023438
820.84521484375
830.715087890625
781.3656616210938
761.6259155273438
819.2001953125
837.2949829101562
784.6556396484375
787.945556640625
799.46044921875
840.5849609375
784.6556396484375
735.3062133789062
806.0403442382812
835.6500244140625
781.3656616210938
735.3062133789062
809.330322265625
834.0050048828125
789.590576171875
814.2652587890625
807.6853637695312
835.6500244140625
783.0106201171875
735.3062133789062
819.2001953125
834.0050048828125
789.590576171875
774.7857666015625
815.9102783203125
845.5198974609375
791.2355346679688
787.945556640625
807.6853637695312
835.6500244140625
778.07568359375
702.4066162109375
804.3953857421875
832.3600463867188
778.07568359375
741.8861083984375
802.7504272460938
842.2299194335938
799.46044921875
801.1054077148438
802.7504272460938
847.1648559570312
787.945556640625
755.0459594726562
807.6853637695312
847.1648559570312
787.945556640625
755.0459594726562
817.5552368164062
847.1648559570312
806.0403442382812
761.6259155273438
817.5552368164062
848.8098754882812
786.3005981445312
735.3062133789062
817.5552368164062
838.9400024414062
784.6556396484375
722.1463623046875
820.84521484375
843.8749389648438
791.2355346679688
761.6259155273438
809.330322265625
848.8098754882812
784.6556396484375
735.3062133789062
815.9102783203125
852.0997924804688
787.945556640625
732.0162353515625
825.7801513671875
842.2299194335938
787.945556640625
699.1166381835938
817.5552368164062
829.070068359375
787.945556640625
708.9865112304688
812.6203002929688
837.2949829101562
792.8805541992188
801.1054077148438
807.6853637695312
838.9400024414062
787.945556640625
700.7615966796875
806.0403442382812
832.3600463867188
786.3005981445312
750.1110229492188
806.0403442382812
838.9400024414062
786.3005981445312
707.341552734375
809.330322265625
834.0050048828125
786.3005981445312
728.726318359375
810.9752807617188
837.2949829101562
776.4307250976562
708.9865112304688
809.330322265625
830.715087890625
779.720703125
708.9865112304688
801.1054077148438
825.7801513671875
763.2708740234375
728.726318359375
806.0403442382812
832.3600463867188
778.07568359375
728.726318359375
799.46044921875
827.4251098632812
786.3005981445312
746.8211059570312
794.5255126953125
824.1351318359375
774.7857666015625
697.4716796875
802.7504272460938
834.0050048828125
781.3656616210938
748.466064453125
794.5255126953125
834.0050048828125
787.945556640625
733.6612548828125
806.0403442382812
832.3600463867188
792.8805541992188
732.0162353515625
801.1054077148438
832.3600463867188
778.07568359375
723.7913208007812
797.8154907226562
832.3600463867188
776.4307250976562
669.5070190429688
809.330322265625
832.3600463867188
779.720703125
725.4363403320312
807.6853637695312
835.6500244140625
784.6556396484375
741.8861083984375
809.330322265625
852.0997924804688
796.1704711914062
740.2411499023438
809.330322265625
845.5198974609375
797.8154907226562
695.82666015625
807.6853637695312
837.2949829101562
791.2355346679688
713.9214477539062
802.7504272460938
832.3600463867188
786.3005981445312
672.7969360351562
807.6853637695312
830.715087890625
786.3005981445312
704.0515747070312
812.6203002929688
842.2299194335938
791.2355346679688
738.59619140625
812.6203002929688
832.3600463867188
784.6556396484375
677.7318725585938
810.9752807617188
835.6500244140625
784.6556396484375
776.4307250976562
804.3953857421875
838.9400024414062
781.3656616210938
715.5664672851562
815.9102783203125
832.3600463867188
769.850830078125
705.6965942382812
819.2001953125
832.3600463867188
768.205810546875
702.4066162109375
806.0403442382812
840.5849609375
796.1704711914062
748.466064453125
809.330322265625
842.2299194335938
789.590576171875
705.6965942382812
809.330322265625
837.2949829101562
766.5608520507812
705.6965942382812
806.0403442382812
834.0050048828125
768.205810546875
699.1166381835938
814.2652587890625
834.0050048828125
759.9808959960938
692.5367431640625
802.7504272460938
838.9400024414062
766.5608520507812
704.0515747070312
809.330322265625
832.3600463867188
792.8805541992188
730.3712768554688
806.0403442382812
830.715087890625
786.3005981445312
692.5367431640625
802.7504272460938
829.070068359375
787.945556640625
708.9865112304688
809.330322265625
838.9400024414062
799.46044921875
750.1110229492188
814.2652587890625
840.5849609375
802.7504272460938
722.1463623046875
819.2001953125
837.2949829101562
787.945556640625
738.59619140625
812.6203002929688
840.5849609375
766.5608520507812
707.341552734375
819.2001953125
837.2949829101562
774.7857666015625
700.7615966796875
815.9102783203125
835.6500244140625
779.720703125
722.1463623046875
802.7504272460938
840.5849609375
804.3953857421875
722.1463623046875
820.84521484375
837.2949829101562
807.6853637695312
704.0515747070312
810.9752807617188
834.0050048828125
802.7504272460938
700.7615966796875
809.330322265625
837.2949829101562
794.5255126953125
720.5014038085938
819.2001953125
850.454833984375
791.2355346679688
743.5311279296875
815.9102783203125
853.7448120117188
801.1054077148438
735.3062133789062
825.7801513671875
830.715087890625
799.46044921875
692.5367431640625
806.0403442382812
838.9400024414062
802.7504272460938
708.9865112304688
807.6853637695312
845.5198974609375
809.330322265625
727.081298828125
814.2652587890625
827.4251098632812
794.5255126953125
687.601806640625
801.1054077148438
830.715087890625
789.590576171875
740.2411499023438
804.3953857421875
832.3600463867188
786.3005981445312
705.6965942382812
807.6853637695312
835.6500244140625
791.2355346679688
735.3062133789062
812.6203002929688
837.2949829101562
784.6556396484375
764.9158325195312
814.2652587890625
832.3600463867188
774.7857666015625
702.4066162109375
814.2652587890625
837.2949829101562
791.2355346679688
759.9808959960938
809.330322265625
847.1648559570312
786.3005981445312
705.6965942382812
820.84521484375
847.1648559570312
786.3005981445312
735.3062133789062
829.070068359375
847.1648559570312
807.6853637695312
751.7560424804688
822.4901733398438
853.7448120117188
829.070068359375
720.5014038085938
822.4901733398438
850.454833984375
810.9752807617188
733.6612548828125
812.6203002929688
850.454833984375
791.2355346679688
705.6965942382812
820.84521484375
850.454833984375
792.8805541992188
707.341552734375
825.7801513671875
852.0997924804688
801.1054077148438
753.4010009765625
827.4251098632812
860.32470703125
817.5552368164062
722.1463623046875
838.9400024414062
860.32470703125
815.9102783203125
710.6315307617188
840.5849609375
852.0997924804688
809.330322265625
748.466064453125
832.3600463867188
858.6797485351562
794.5255126953125
704.0515747070312
829.070068359375
861.9697265625
824.1351318359375
751.7560424804688
832.3600463867188
857.0347290039062
829.070068359375
759.9808959960938
827.4251098632812
865.2596435546875
819.2001953125
705.6965942382812
835.6500244140625
858.6797485351562
832.3600463867188
733.6612548828125
838.9400024414062
853.7448120117188
824.1351318359375
738.59619140625
837.2949829101562
855.3897705078125
807.6853637695312
748.466064453125
834.0050048828125
853.7448120117188
791.2355346679688
722.1463623046875
827.4251098632812
855.3897705078125
804.3953857421875
759.9808959960938
830.715087890625
860.32470703125
807.6853637695312
771.4957885742188
827.4251098632812
871.839599609375
825.7801513671875
728.726318359375
842.2299194335938
875.1295166015625
837.2949829101562
773.1407470703125
847.1648559570312
857.0347290039062
806.0403442382812
730.3712768554688
832.3600463867188
850.454833984375
791.2355346679688
699.1166381835938
825.7801513671875
853.7448120117188
791.2355346679688
766.5608520507812
824.1351318359375
861.9697265625
792.8805541992188
791.2355346679688
822.4901733398438
858.6797485351562
810.9752807617188
728.726318359375
827.4251098632812
857.0347290039062
814.2652587890625
748.466064453125
835.6500244140625
850.454833984375
796.1704711914062
717.21142578125
824.1351318359375
840.5849609375
797.8154907226562
705.6965942382812
809.330322265625
848.8098754882812
814.2652587890625
779.720703125
812.6203002929688
843.8749389648438
799.46044921875
727.081298828125
809.330322265625
838.9400024414062
787.945556640625
753.4010009765625
810.9752807617188
834.0050048828125
783.0106201171875
753.4010009765625
802.7504272460938
827.4251098632812
774.7857666015625
674.4419555664062
799.46044921875
827.4251098632812
786.3005981445312
700.7615966796875
804.3953857421875
834.0050048828125
783.0106201171875
753.4010009765625
801.1054077148438
840.5849609375
778.07568359375
727.081298828125
801.1054077148438
837.2949829101562
794.5255126953125
727.081298828125
802.7504272460938
835.6500244140625
802.7504272460938
779.720703125
799.46044921875
838.9400024414062
792.8805541992188
700.7615966796875
804.3953857421875
835.6500244140625
796.1704711914062
753.4010009765625
810.9752807617188
838.9400024414062
776.4307250976562
753.4010009765625
814.2652587890625
845.5198974609375
792.8805541992188
727.081298828125
815.9102783203125
829.070068359375
796.1704711914062
727.081298828125
807.6853637695312
832.3600463867188
786.3005981445312
753.4010009765625
806.0403442382812
837.2949829101562
781.3656616210938
727.081298828125
810.9752807617188
832.3600463867188
759.9808959960938
730.3712768554688
797.8154907226562
829.070068359375
774.7857666015625
733.6612548828125
797.8154907226562
830.715087890625
773.1407470703125
768.205810546875
792.8805541992188
840.5849609375
771.4957885742188
743.5311279296875
804.3953857421875
842.2299194335938
796.1704711914062
748.466064453125
812.6203002929688
834.0050048828125
791.2355346679688
708.9865112304688
815.9102783203125
835.6500244140625
796.1704711914062
743.5311279296875
820.84521484375
842.2299194335938
802.7504272460938
768.205810546875
827.4251098632812
842.2299194335938
786.3005981445312
751.7560424804688
822.4901733398438
852.0997924804688
774.7857666015625
766.5608520507812
809.330322265625
838.9400024414062
778.07568359375
766.5608520507812
812.6203002929688
842.2299194335938
787.945556640625
763.2708740234375
815.9102783203125
840.5849609375
804.3953857421875
814.2652587890625
814.2652587890625
843.8749389648438
801.1054077148438
753.4010009765625
809.330322265625
850.454833984375
812.6203002929688
746.8211059570312
817.5552368164062
838.9400024414062
796.1704711914062
733.6612548828125
815.9102783203125
825.7801513671875
764.9158325195312
735.3062133789062
804.3953857421875
834.0050048828125
786.3005981445312
763.2708740234375
810.9752807617188
837.2949829101562
799.46044921875
773.1407470703125
802.7504272460938
843.8749389648438
806.0403442382812
733.6612548828125
815.9102783203125
852.0997924804688
819.2001953125
745.1760864257812
827.4251098632812
850.454833984375
812.6203002929688
792.8805541992188
817.5552368164062
850.454833984375
804.3953857421875
740.2411499023438
815.9102783203125
848.8098754882812
815.9102783203125
763.2708740234375
815.9102783203125
847.1648559570312
799.46044921875
718.8563842773438
819.2001953125
843.8749389648438
783.0106201171875
740.2411499023438
820.84521484375
845.5198974609375
801.1054077148438
759.9808959960938
822.4901733398438
845.5198974609375
794.5255126953125
781.3656616210938
812.6203002929688
855.3897705078125
806.0403442382812
791.2355346679688
824.1351318359375
848.8098754882812
806.0403442382812
751.7560424804688
815.9102783203125
834.0050048828125
794.5255126953125
776.4307250976562
809.330322265625
837.2949829101562
815.9102783203125
750.1110229492188
812.6203002929688
837.2949829101562
797.8154907226562
699.1166381835938
812.6203002929688
838.9400024414062
791.2355346679688
779.720703125
822.4901733398438
848.8098754882812
806.0403442382812
787.945556640625
822.4901733398438
855.3897705078125
819.2001953125
746.8211059570312
819.2001953125
847.1648559570312
794.5255126953125
740.2411499023438
810.9752807617188
847.1648559570312
776.4307250976562
685.956787109375
810.9752807617188
837.2949829101562
797.8154907226562
756.6909790039062
814.2652587890625
848.8098754882812
810.9752807617188
796.1704711914062
817.5552368164062
863.6146850585938
827.4251098632812
741.8861083984375
827.4251098632812
843.8749389648438
797.8154907226562
725.4363403320312
820.84521484375
843.8749389648438
799.46044921875
756.6909790039062
815.9102783203125
838.9400024414062
786.3005981445312
707.341552734375
815.9102783203125
843.8749389648438
792.8805541992188
751.7560424804688
812.6203002929688
848.8098754882812
797.8154907226562
741.8861083984375
824.1351318359375
838.9400024414062
792.8805541992188
748.466064453125
822.4901733398438
847.1648559570312
799.46044921875
740.2411499023438
817.5552368164062
847.1648559570312
807.6853637695312
732.0162353515625
822.4901733398438
852.0997924804688
802.7504272460938
723.7913208007812
822.4901733398438
876.7745361328125
810.9752807617188
801.1054077148438
838.9400024414062
881.70947265625
807.6853637695312
758.3359375
850.454833984375
866.9046630859375
802.7504272460938
730.3712768554688
829.070068359375
863.6146850585938
806.0403442382812
702.4066162109375
822.4901733398438
858.6797485351562
797.8154907226562
727.081298828125
822.4901733398438
852.0997924804688
797.8154907226562
741.8861083984375
810.9752807617188
861.9697265625
810.9752807617188
717.21142578125
829.070068359375
848.8098754882812
804.3953857421875
679.3768920898438
824.1351318359375
852.0997924804688
806.0403442382812
743.5311279296875
820.84521484375
861.9697265625
809.330322265625
715.5664672851562
830.715087890625
843.8749389648438
789.590576171875
732.0162353515625
815.9102783203125
847.1648559570312
787.945556640625
733.6612548828125
819.2001953125
845.5198974609375
809.330322265625
717.21142578125
829.070068359375
840.5849609375
812.6203002929688
735.3062133789062
820.84521484375
845.5198974609375
802.7504272460938
732.0162353515625
812.6203002929688
853.7448120117188
812.6203002929688
735.3062133789062
819.2001953125
847.1648559570312
797.8154907226562
710.6315307617188
809.330322265625
842.2299194335938
794.5255126953125
735.3062133789062
810.9752807617188
840.5849609375
809.330322265625
750.1110229492188
809.330322265625
838.9400024414062
796.1704711914062
708.9865112304688
799.46044921875
832.3600463867188
802.7504272460938
730.3712768554688
789.590576171875
830.715087890625
804.3953857421875
713.9214477539062
794.5255126953125
835.6500244140625
799.46044921875
768.205810546875
796.1704711914062
840.5849609375
801.1054077148438
766.5608520507812
807.6853637695312
845.5198974609375
809.330322265625
759.9808959960938
819.2001953125
837.2949829101562
794.5255126953125
702.4066162109375
802.7504272460938
837.2949829101562
807.6853637695312
722.1463623046875
807.6853637695312
842.2299194335938
801.1054077148438
748.466064453125
807.6853637695312
837.2949829101562
769.850830078125
725.4363403320312
807.6853637695312
845.5198974609375
806.0403442382812
792.8805541992188
817.5552368164062
855.3897705078125
810.9752807617188
773.1407470703125
827.4251098632812
857.0347290039062
810.9752807617188
815.9102783203125
815.9102783203125
857.0347290039062
799.46044921875
802.7504272460938
817.5552368164062
842.2299194335938
784.6556396484375
707.341552734375
819.2001953125
853.7448120117188
819.2001953125
878.4194946289062
817.5552368164062
853.7448120117188
802.7504272460938
769.850830078125
825.7801513671875
843.8749389648438
804.3953857421875
773.1407470703125
830.715087890625
860.32470703125
817.5552368164062
809.330322265625
827.4251098632812
857.0347290039062
804.3953857421875
769.850830078125
827.4251098632812
842.2299194335938
810.9752807617188
746.8211059570312
820.84521484375
838.9400024414062
814.2652587890625
809.330322265625
809.330322265625
840.5849609375
781.3656616210938
766.5608520507812
807.6853637695312
830.715087890625
781.3656616210938
740.2411499023438
807.6853637695312
832.3600463867188
810.9752807617188
809.330322265625
812.6203002929688
838.9400024414062
792.8805541992188
792.8805541992188
812.6203002929688
838.9400024414062
797.8154907226562
796.1704711914062
822.4901733398438
842.2299194335938
806.0403442382812
779.720703125
817.5552368164062
830.715087890625
784.6556396484375
814.2652587890625
796.1704711914062
838.9400024414062
794.5255126953125
778.07568359375
809.330322265625
832.3600463867188
792.8805541992188
769.850830078125
812.6203002929688
834.0050048828125
787.945556640625
778.07568359375
825.7801513671875
822.4901733398438
792.8805541992188
763.2708740234375
806.0403442382812
812.6203002929688
789.590576171875
794.5255126953125
791.2355346679688
830.715087890625
789.590576171875
797.8154907226562
810.9752807617188
838.9400024414062
804.3953857421875
809.330322265625
817.5552368164062
834.0050048828125
784.6556396484375
806.0403442382812
817.5552368164062
834.0050048828125
783.0106201171875
799.46044921875
810.9752807617188
825.7801513671875
810.9752807617188
784.6556396484375
796.1704711914062
829.070068359375
814.2652587890625
829.070068359375
799.46044921875
842.2299194335938
820.84521484375
815.9102783203125
807.6853637695312
837.2949829101562
807.6853637695312
789.590576171875
812.6203002929688
834.0050048828125
797.8154907226562
868.5496215820312
806.0403442382812
832.3600463867188
799.46044921875
840.5849609375
806.0403442382812
837.2949829101562
810.9752807617188
848.8098754882812
814.2652587890625
845.5198974609375
829.070068359375
906.3841552734375
817.5552368164062
853.7448120117188
825.7801513671875
830.715087890625
810.9752807617188
852.0997924804688
822.4901733398438
853.7448120117188
815.9102783203125
838.9400024414062
810.9752807617188
842.2299194335938
799.46044921875
822.4901733398438
815.9102783203125
843.8749389648438
787.945556640625
810.9752807617188
829.070068359375
870.194580078125
781.3656616210938
814.2652587890625
843.8749389648438
845.5198974609375
789.590576171875
807.6853637695312
847.1648559570312
786.3005981445312
776.4307250976562
784.6556396484375
850.454833984375
814.2652587890625
746.8211059570312
761.6259155273438
850.454833984375
801.1054077148438
735.3062133789062
758.3359375
865.2596435546875
753.4010009765625
727.081298828125
755.0459594726562
868.5496215820312
796.1704711914062
720.5014038085938
748.466064453125
881.70947265625
623.4475708007812
717.21142578125
738.59619140625
883.3544311523438
572.4531860351562
702.4066162109375
725.4363403320312
838.9400024414062
470.4643859863281
685.956787109375
727.081298828125
847.1648559570312
528.0386962890625
699.1166381835938
728.726318359375
838.9400024414062
541.1985473632812
700.7615966796875
733.6612548828125
838.9400024414062
603.707763671875
704.0515747070312
755.0459594726562
860.32470703125
611.9326782226562
730.3712768554688
759.9808959960938
837.2949829101562
528.0386962890625
728.726318359375
766.5608520507812
834.0050048828125
608.6427001953125
740.2411499023438
784.6556396484375
847.1648559570312
681.0218505859375
746.8211059570312
789.590576171875
810.9752807617188
620.1575927734375
755.0459594726562
789.590576171875
791.2355346679688
636.607421875
768.205810546875
809.330322265625
796.1704711914062
685.956787109375
789.590576171875
815.9102783203125
796.1704711914062
623.4475708007812
776.4307250976562
819.2001953125
802.7504272460938
625.092529296875
783.0106201171875
830.715087890625
804.3953857421875
653.0571899414062
792.8805541992188
835.6500244140625
787.945556640625
618.5126342773438
796.1704711914062
832.3600463867188
781.3656616210938
634.96240234375
810.9752807617188
830.715087890625
786.3005981445312
664.5720825195312
809.330322265625
842.2299194335938
783.0106201171875
672.7969360351562
815.9102783203125
838.9400024414062
769.850830078125
620.1575927734375
820.84521484375
840.5849609375
784.6556396484375
593.837890625
830.715087890625
845.5198974609375
783.0106201171875
620.1575927734375
822.4901733398438
847.1648559570312
778.07568359375
593.837890625
812.6203002929688
852.0997924804688
766.5608520507812
646.477294921875
822.4901733398438
860.32470703125
761.6259155273438
672.7969360351562
827.4251098632812
858.6797485351562
773.1407470703125
593.837890625
845.5198974609375
861.9697265625
783.0106201171875
646.477294921875
845.5198974609375
873.4845581054688
783.0106201171875
646.477294921875
845.5198974609375
880.064453125
781.3656616210938
593.837890625
855.3897705078125
878.4194946289062
792.8805541992188
593.837890625
852.0997924804688
881.70947265625
794.5255126953125
620.1575927734375
865.2596435546875
893.2243041992188
784.6556396484375
620.1575927734375
873.4845581054688
886.6444091796875
787.945556640625
620.1575927734375
865.2596435546875
883.3544311523438
783.0106201171875
541.1985473632812
870.194580078125
888.2893676757812
812.6203002929688
567.5181884765625
878.4194946289062
875.1295166015625
783.0106201171875
531.3286743164062
852.0997924804688
881.70947265625
781.3656616210938
559.2933349609375
858.6797485351562
889.9343872070312
774.7857666015625
575.7431030273438
858.6797485351562
888.2893676757812
768.205810546875
556.0033569335938
858.6797485351562
880.064453125
801.1054077148438
572.4531860351562
863.6146850585938
873.4845581054688
794.5255126953125
546.1334838867188
858.6797485351562
881.70947265625
786.3005981445312
649.7672119140625
853.7448120117188
881.70947265625
769.850830078125
559.2933349609375
853.7448120117188
873.4845581054688
771.4957885742188
590.5479125976562
840.5849609375
876.7745361328125
774.7857666015625
549.4234619140625
843.8749389648438
871.839599609375
783.0106201171875
546.1334838867188
855.3897705078125
888.2893676757812
807.6853637695312
633.3174438476562
865.2596435546875
893.2243041992188
827.4251098632812
631.6724243164062
852.0997924804688
883.3544311523438
797.8154907226562
592.1929321289062
855.3897705078125
886.6444091796875
783.0106201171875
605.352783203125
860.32470703125
868.5496215820312
769.850830078125
613.5776977539062
852.0997924804688
870.194580078125
759.9808959960938
682.6668701171875
861.9697265625
886.6444091796875
797.8154907226562
616.8676147460938
860.32470703125
884.9994506835938
812.6203002929688
682.6668701171875
858.6797485351562
886.6444091796875
801.1054077148438
625.092529296875
868.5496215820312
883.3544311523438
802.7504272460938
639.8973388671875
863.6146850585938
880.064453125
787.945556640625
615.22265625
860.32470703125
870.194580078125
773.1407470703125
600.4178466796875
850.454833984375
865.2596435546875
766.5608520507812
577.3881225585938
840.5849609375
865.2596435546875
791.2355346679688
583.968017578125
832.3600463867188
866.9046630859375
802.7504272460938
605.352783203125
838.9400024414062
860.32470703125
791.2355346679688
567.5181884765625
834.0050048828125
845.5198974609375
771.4957885742188
544.4884643554688
832.3600463867188
855.3897705078125
773.1407470703125
644.832275390625
832.3600463867188
861.9697265625
778.07568359375
636.607421875
825.7801513671875
857.0347290039062
791.2355346679688
592.1929321289062
830.715087890625
857.0347290039062
786.3005981445312
611.9326782226562
830.715087890625
860.32470703125
797.8154907226562
657.9921264648438
835.6500244140625
863.6146850585938
804.3953857421875
611.9326782226562
830.715087890625
855.3897705078125
789.590576171875
638.2523803710938
825.7801513671875
873.4845581054688
787.945556640625
704.0515747070312
845.5198974609375
876.7745361328125
786.3005981445312
667.8619995117188
835.6500244140625
870.194580078125
784.6556396484375
681.0218505859375
840.5849609375
868.5496215820312
792.8805541992188
733.6612548828125
832.3600463867188
865.2596435546875
806.0403442382812
704.0515747070312
824.1351318359375
868.5496215820312
817.5552368164062
707.341552734375
834.0050048828125
871.839599609375
794.5255126953125
759.9808959960938
837.2949829101562
870.194580078125
796.1704711914062
700.7615966796875
835.6500244140625
863.6146850585938
792.8805541992188
713.9214477539062
830.715087890625
863.6146850585938
789.590576171875
763.2708740234375
834.0050048828125
863.6146850585938
822.4901733398438
796.1704711914062
830.715087890625
866.9046630859375
812.6203002929688
746.8211059570312
835.6500244140625
858.6797485351562
784.6556396484375
769.850830078125
830.715087890625
850.454833984375
791.2355346679688
769.850830078125
829.070068359375
855.3897705078125
794.5255126953125
664.5720825195312
822.4901733398438
847.1648559570312
797.8154907226562
717.21142578125
825.7801513671875
855.3897705078125
799.46044921875
796.1704711914062
829.070068359375
853.7448120117188
786.3005981445312
664.5720825195312
827.4251098632812
843.8749389648438
801.1054077148438
822.4901733398438
825.7801513671875
857.0347290039062
792.8805541992188
690.8917236328125
834.0050048828125
857.0347290039062
799.46044921875
690.8917236328125
830.715087890625
852.0997924804688
769.850830078125
717.21142578125
827.4251098632812
845.5198974609375
758.3359375
690.8917236328125
829.070068359375
866.9046630859375
778.07568359375
769.850830078125
835.6500244140625
863.6146850585938
784.6556396484375
690.8917236328125
832.3600463867188
850.454833984375
812.6203002929688
717.21142578125
820.84521484375
860.32470703125
802.7504272460938
717.21142578125
824.1351318359375
852.0997924804688
784.6556396484375
690.8917236328125
814.2652587890625
847.1648559570312
783.0106201171875
743.5311279296875
815.9102783203125
855.3897705078125
774.7857666015625
766.5608520507812
814.2652587890625
857.0347290039062
797.8154907226562
728.726318359375
819.2001953125
850.454833984375
810.9752807617188
708.9865112304688
817.5552368164062
843.8749389648438
791.2355346679688
735.3062133789062
814.2652587890625
850.454833984375
786.3005981445312
758.3359375
820.84521484375
858.6797485351562
789.590576171875
735.3062133789062
832.3600463867188
866.9046630859375
792.8805541992188
764.9158325195312
842.2299194335938
860.32470703125
796.1704711914062
735.3062133789062
840.5849609375
858.6797485351562
812.6203002929688
751.7560424804688
824.1351318359375
865.2596435546875
809.330322265625
722.1463623046875
827.4251098632812
858.6797485351562
801.1054077148438
778.07568359375
820.84521484375
858.6797485351562
784.6556396484375
743.5311279296875
820.84521484375
853.7448120117188
786.3005981445312
727.081298828125
824.1351318359375
853.7448120117188
774.7857666015625
755.0459594726562
820.84521484375
860.32470703125
801.1054077148438
763.2708740234375
832.3600463867188
870.194580078125
822.4901733398438
797.8154907226562
835.6500244140625
878.4194946289062
815.9102783203125
801.1054077148438
847.1648559570312
868.5496215820312
791.2355346679688
799.46044921875
838.9400024414062
866.9046630859375
787.945556640625
740.2411499023438
838.9400024414062
858.6797485351562
791.2355346679688
723.7913208007812
843.8749389648438
861.9697265625
802.7504272460938
802.7504272460938
838.9400024414062
866.9046630859375
832.3600463867188
792.8805541992188
848.8098754882812
853.7448120117188
804.3953857421875
783.0106201171875
834.0050048828125
857.0347290039062
786.3005981445312
825.7801513671875
834.0050048828125
863.6146850585938
797.8154907226562
773.1407470703125
834.0050048828125
868.5496215820312
804.3953857421875
819.2001953125
829.070068359375
870.194580078125
820.84521484375
838.9400024414062
837.2949829101562
870.194580078125
832.3600463867188
810.9752807617188
838.9400024414062
871.839599609375
817.5552368164062
778.07568359375
843.8749389648438
858.6797485351562
797.8154907226562
802.7504272460938
830.715087890625
866.9046630859375
787.945556640625
802.7504272460938
829.070068359375
868.5496215820312
796.1704711914062
746.8211059570312
830.715087890625
863.6146850585938
799.46044921875
789.590576171875
827.4251098632812
866.9046630859375
814.2652587890625
769.850830078125
834.0050048828125
871.839599609375
814.2652587890625
784.6556396484375
829.070068359375
873.4845581054688
804.3953857421875
783.0106201171875
829.070068359375
866.9046630859375
802.7504272460938
750.1110229492188
837.2949829101562
858.6797485351562
799.46044921875
722.1463623046875
830.715087890625
852.0997924804688
806.0403442382812
763.2708740234375
817.5552368164062
850.454833984375
807.6853637695312
806.0403442382812
820.84521484375
853.7448120117188
812.6203002929688
769.850830078125
819.2001953125
860.32470703125
796.1704711914062
789.590576171875
822.4901733398438
876.7745361328125
778.07568359375
763.2708740234375
838.9400024414062
870.194580078125
801.1054077148438
763.2708740234375
834.0050048828125
837.2949829101562
802.7504272460938
707.341552734375
801.1054077148438
843.8749389648438
801.1054077148438
740.2411499023438
815.9102783203125
843.8749389648438
825.7801513671875
764.9158325195312
815.9102783203125
842.2299194335938
820.84521484375
771.4957885742188
815.9102783203125
857.0347290039062
807.6853637695312
774.7857666015625
840.5849609375
852.0997924804688
797.8154907226562
756.6909790039062
827.4251098632812
853.7448120117188
787.945556640625
746.8211059570312
824.1351318359375
858.6797485351562
802.7504272460938
766.5608520507812
827.4251098632812
860.32470703125
835.6500244140625
768.205810546875
832.3600463867188
857.0347290039062
820.84521484375
802.7504272460938
837.2949829101562
853.7448120117188
799.46044921875
750.1110229492188
832.3600463867188
847.1648559570312
792.8805541992188
799.46044921875
824.1351318359375
848.8098754882812
789.590576171875
819.2001953125
822.4901733398438
855.3897705078125
806.0403442382812
766.5608520507812
829.070068359375
857.0347290039062
815.9102783203125
773.1407470703125
827.4251098632812
866.9046630859375
829.070068359375
865.2596435546875
835.6500244140625
865.2596435546875
827.4251098632812
815.9102783203125
845.5198974609375
860.32470703125
829.070068359375
838.9400024414062
825.7801513671875
860.32470703125
789.590576171875
792.8805541992188
824.1351318359375
853.7448120117188
806.0403442382812
827.4251098632812
830.715087890625
858.6797485351562
801.1054077148438
847.1648559570312
820.84521484375
860.32470703125
791.2355346679688
835.6500244140625
827.4251098632812
860.32470703125
810.9752807617188
806.0403442382812
825.7801513671875
857.0347290039062
794.5255126953125
778.07568359375
819.2001953125
866.9046630859375
815.9102783203125
843.8749389648438
829.070068359375
860.32470703125
810.9752807617188
781.3656616210938
832.3600463867188
848.8098754882812
801.1054077148438
814.2652587890625
824.1351318359375
860.32470703125
806.0403442382812
792.8805541992188
817.5552368164062
848.8098754882812
792.8805541992188
812.6203002929688
820.84521484375
853.7448120117188
802.7504272460938
779.720703125
824.1351318359375
860.32470703125
804.3953857421875
725.4363403320312
835.6500244140625
865.2596435546875
827.4251098632812
847.1648559570312
852.0997924804688
868.5496215820312
819.2001953125
830.715087890625
848.8098754882812
858.6797485351562
806.0403442382812
853.7448120117188
822.4901733398438
853.7448120117188
779.720703125
809.330322265625
820.84521484375
852.0997924804688
791.2355346679688
792.8805541992188
819.2001953125
837.2949829101562
806.0403442382812
794.5255126953125
817.5552368164062
845.5198974609375
810.9752807617188
827.4251098632812
822.4901733398438
847.1648559570312
801.1054077148438
847.1648559570312
817.5552368164062
843.8749389648438
791.2355346679688
820.84521484375
814.2652587890625
847.1648559570312
804.3953857421875
792.8805541992188
820.84521484375
858.6797485351562
814.2652587890625
815.9102783203125
824.1351318359375
853.7448120117188
807.6853637695312
750.1110229492188
817.5552368164062
842.2299194335938
787.945556640625
830.715087890625
819.2001953125
850.454833984375
787.945556640625
820.84521484375
827.4251098632812
843.8749389648438
802.7504272460938
835.6500244140625
829.070068359375
858.6797485351562
801.1054077148438
830.715087890625
837.2949829101562
850.454833984375
802.7504272460938
843.8749389648438
819.2001953125
850.454833984375
817.5552368164062
842.2299194335938
822.4901733398438
838.9400024414062
794.5255126953125
784.6556396484375
819.2001953125
837.2949829101562
787.945556640625
824.1351318359375
817.5552368164062
847.1648559570312
794.5255126953125
835.6500244140625
832.3600463867188
853.7448120117188
786.3005981445312
804.3953857421875
838.9400024414062
863.6146850585938
797.8154907226562
806.0403442382812
837.2949829101562
840.5849609375
789.590576171875
786.3005981445312
815.9102783203125
847.1648559570312
796.1704711914062
837.2949829101562
819.2001953125
853.7448120117188
796.1704711914062
807.6853637695312
834.0050048828125
861.9697265625
807.6853637695312
845.5198974609375
838.9400024414062
860.32470703125
807.6853637695312
768.205810546875
827.4251098632812
845.5198974609375
789.590576171875
837.2949829101562
822.4901733398438
850.454833984375
779.720703125
797.8154907226562
824.1351318359375
860.32470703125
791.2355346679688
794.5255126953125
840.5849609375
866.9046630859375
810.9752807617188
843.8749389648438
850.454833984375
863.6146850585938
827.4251098632812
810.9752807617188
838.9400024414062
870.194580078125
832.3600463867188
802.7504272460938
838.9400024414062
866.9046630859375
817.5552368164062
797.8154907226562
837.2949829101562
858.6797485351562
794.5255126953125
789.590576171875
829.070068359375
855.3897705078125
787.945556640625
807.6853637695312
825.7801513671875
861.9697265625
796.1704711914062
814.2652587890625
832.3600463867188
857.0347290039062
804.3953857421875
824.1351318359375
838.9400024414062
853.7448120117188
810.9752807617188
799.46044921875
835.6500244140625
855.3897705078125
819.2001953125
784.6556396484375
834.0050048828125
847.1648559570312
797.8154907226562
797.8154907226562
822.4901733398438
843.8749389648438
787.945556640625
802.7504272460938
820.84521484375
840.5849609375
779.720703125
750.1110229492188
810.9752807617188
843.8749389648438
784.6556396484375
855.3897705078125
815.9102783203125
845.5198974609375
783.0106201171875
736.951171875
814.2652587890625
845.5198974609375
792.8805541992188
784.6556396484375
819.2001953125
853.7448120117188
796.1704711914062
857.0347290039062
824.1351318359375
850.454833984375
807.6853637695312
773.1407470703125
822.4901733398438
843.8749389648438
804.3953857421875
796.1704711914062
819.2001953125
835.6500244140625
764.9158325195312
759.9808959960938
814.2652587890625
840.5849609375
758.3359375
748.466064453125
825.7801513671875
850.454833984375
773.1407470703125
791.2355346679688
820.84521484375
847.1648559570312
783.0106201171875
776.4307250976562
820.84521484375
847.1648559570312
814.2
