4
8
70
70
9
-0.872690553982
-1.1696856643
0.355429985737
-0.876540274723
-0.874441008918
0.610613923792
-0.335363081569
-0.345028881311
1.32753266678
-1.12190765972
-1.5172562379
-0.915773998584
0.73191414496
0.398640229615
-1.20905257709
-1.52405284556
-1.56372238208
-1.50336355431
-1.06941962289
0.395833093402
-0.36215494364
-0.738005025928
-0.356096679422
0.921464928996
-1.53254235216
-1.54651144562
-0.71553781575
-0.72041220249
-0.204290226044
0.0784219634666
-0.736967381701
0.885406230828
-0.254586267433
-0.960565432987
-0.771903989799
-0.81704898905
-0.0787103932031
0.763423018584
-1.11494828337
-0.0248101665383
-0.373021963682
0.0401830541209
0.35343489091
0.484316503841
-0.121990689922
-0.301174294267
-0.841834314745
-1.38227791395
-0.892380495243
0.882141395328
-0.161406673879
-0.448439862746
-0.168010972248
-0.0346918055413
-0.236925572574
-0.592608200586
-1.21863743081
-0.798923301405
-1.2498328936
-0.223647327618
0.284272347927
0.208688557873
-0.630377364829
-0.32475084951
-1.8775917175
-0.603494524293
0.582244652999
-0.687662245639
-0.511977098152
0.248857496728
-0.625224862616
-0.0530494432201
-0.583011779054
-0.961790848292
-0.886727489195
-0.895251439993
-0.137585495655
0.697156574456
-0.526676179453
0.154317431497
0.729606460806
-0.383765720528
-0.219318891127
-1.52327704321
1.15529940014
-0.133780802444
-0.683321209564
-0.132301414057
-0.0376777884438
-1.07009394939
1.46609313966
-0.0120479384776
-0.376932811871
-2.23530779288
0.473288374016
-0.0342444363965
-0.211506452311
-0.444798487906
-0.516973327248
-0.494212643631
-0.272760177357
-1.42133631251
-0.20918812833
-0.0473830886506
-0.367696486227
1.10633765077
0.508315179379
-1.24987264683
1.33416891057
-0.497651617785
-0.80582021647
-1.647293471
2.2886166096
1.4549511954
-0.0052199293429
-0.577651261462
1.08630693335
-1.16311358541
-0.173862286102
0.120275057945
-0.956287046842
-0.400157311243
-0.266346300879
0.840229708542
-1.53160179752
-0.125881644149
0.0480224654466
-1.66306851764
-0.670529778782
-0.882214512368
1.19226030627
-2.56345576293
-0.53662860464
0.417411037925
-0.0497835775547
-0.467743981902
0.734344484056
-0.632491909881
0.204062180934
-0.514191622905
-0.854997353078
-1.50021090119
-1.91321817856
-1.41343708892
-0.949689368372
-0.219004701623
-0.269967363569
0.155785566879
-0.50348048316
-0.279971911022
-0.265470692728
-0.815512272988
-0.252091917754
0.52118631368
2.65768889228
2.38800491304
0.0840243394201
-0.240081837513
-0.232608468419
-0.605254139409
-0.196327557334
-0.127751035501
2.89275979591
2.35885313214
-0.494393993399
-0.65229107687
-0.316401872004
-0.895548990261
-0.674516550632
1.09790446682
1.19057447079
0.428696807588
1.04694395108
-0.301754759399
-0.341023029956
-0.922227763415
-0.30183440267
-1.2211911997
3.71558804829
3.38224083533
-1.39486890553
0.176638037766
-0.0494915365795
0.0259930123129
-0.302773741915
0.0126738593127
-0.340987691091
-0.704079983742
0.109946170135
-0.441025652122
-0.504912179383
-0.726701064118
-0.350512848157
-0.218181506465
0.466272721893
-0.229415422749
-0.144311682071
0.242049766555
0.0577853898365
0.81958816769
0.0509591752888
0.69707682616
-1.85461376508
-2.21290648338
1.12967145061
-0.427459432641
-0.497901642301
-0.616822905102
-0.26754607895
-0.273911915348
1.72654142744
1.63768467871
-0.569538494308
-0.604747863718
-0.559582377838
-0.537182346246
-0.433040145193
0.254524657821
-0.211936694451
-0.877343427584
-0.163137784163
0.194895372068
0.0223112807564
0.332184906683
-0.0638612913517
0.28555077691
-0.833678004067
-0.995868547489
0.196643916701
-0.130539645155
-0.199023552285
-0.262756729814
-0.170366002197
0.0432854866017
-0.24405965996
-0.275203368397
0.177981246549
0.125129289413
-0.0281560768366
0.124112408265
-0.145018782888
0.311239360707
-0.87537074101
-0.766120687336
0.515453141585
-0.154406949205
-0.0889238838394
0.315230905951
-0.031468362742
0.981268447133
-1.66224780702
-2.77814006801
0.98927367369
-0.299834663428
-0.260597893167
-0.261360995538
-0.409875016254
0.501836223856
-0.196866707101
-1.23689884233
0.215341726592
-0.028862810283
-0.0406773010832
-0.308710433923
-0.136154314061
-0.0776089637419
0.994721766116
0.563955193618
-0.304280458001
-0.135922684884
-0.25504505676
-0.0527094989675
-0.143758124275
-0.0579536205024
0.292730112641
0.314216411598
-0.223620777492
-0.0759722356195
-0.156843557317
-1.10523982497
-0.19410389409
-0.0674266976234
3.08215630644
3.48569392349
-0.709593741487
0.256316645063
0.243749582455
0.190263179357
0.264234713092
-0.0881258886822
-0.800519197468
-0.886100243575
0.266392187036
-0.153306457478
-0.434521636125
-0.254717944507
-0.132603997377
-0.0844085944129
0.324726169259
0.056262872297
-0.190308961996
0.303461822347
0.236999044725
0.407379944133
0.145179896048
-0.0912538569055
-2.04012456348
-1.83031408106
-0.158382141983
-0.421228978662
-0.421400107294
-0.542472311557
-0.350082840456
0.244882545906
1.2153125937
1.06770238829
-0.146451908268
-0.0346158518995
-0.261316700135
-0.348873081673
-0.388226150684
-0.377180788458
1.31633816077
1.53322352141
-0.25901623324
0.0655472706323
0.0919378064729
0.231294589622
0.167485266484
0.140185835718
-1.37585958913
-1.16675463967
-0.0299556175846
-0.742723543262
-0.438425397269
-0.465054536293
-0.395937065471
0.888832708872
-0.712433264074
-1.25503873974
0.759278059765
0.114873848762
-0.118462392935
-0.231576630343
0.0465929929378
0.382728870879
1.23794822
0.597577604961
0.175328729121
-0.688070935338
-0.226190515691
-1.54694822992
-0.514750166222
-0.81660154879
6.22702841604
4.67428577753
-1.23302967396
-0.287587128205
-0.0921592544575
-0.596195994185
-0.122029317576
-0.294414638861
1.38567183393
1.24079200766
-0.49812383629
-0.174687086274
-0.475955140927
-0.240880746247
-0.233793774342
-0.036579859594
0.656965817757
0.1816037225
0.188786214276
-0.272126159771
-0.0654552612269
-0.0647101974181
-0.0360088826789
0.296435911809
-0.971378961677
-0.99444204098
0.237717038869
0.294405005882
0.119205307268
0.877975314457
0.399713905424
0.644401977913
-2.54281500107
-2.74644203804
0.903194707235
-0.536273227131
-0.367894602541
-0.476761642683
-0.257939298557
0.175686936836
2.24526401819
1.95795676003
-0.301428569157
-0.436086039043
-0.459544549172
-0.466511999796
-0.822547866068
0.670932207199
-0.270545038048
-0.760479145059
0.503333022192
0.274616167636
-0.0632665607295
0.314885960243
0.100513002915
0.320266749519
-1.24375929528
-1.77680131576
0.468640297672
-0.0595745099493
-0.0124671053542
0.149733145581
0.117912565544
0.258860670046
-0.846572002036
-0.720874290053
0.0984488497907
-0.0407759807879
-0.237668917133
0.0187171625291
-0.158252223673
0.286399805994
-0.475156449055
-0.650229524193
0.287171031303
-0.315574778457
-0.253863088746
-0.299133595942
-0.171510993117
0.225535931755
0.877151015109
0.65094002737
-0.0674193941488
-0.458162016703
-0.380176146945
-0.824832417535
-0.482504357073
0.271447009684
1.72292761082
1.24229201119
0.121120089383
-0.541178311962
-0.586609075638
-0.411080799933
-0.497882859121
0.64851506263
-0.313274260113
-0.767421782975
0.382312308941
-0.214861978525
-0.0110882630828
-0.302459070241
-0.0699248786991
-0.234730479366
1.39828811761
0.799172012987
0.01899718055
0.661228213192
0.682495458904
1.70007511011
0.758083345976
2.56540635139
-5.61273235966
-5.59685156248
2.51927575949
-0.466626040354
-0.273167949601
-0.33043673822
-0.254373787594
0.0876760007393
-0.272059830751
-0.145333972419
0.0176813699498
-0.4708565124
-0.332640848639
-0.502694994601
-0.390282951501
0.838694644385
0.832306566538
-0.0553634941666
0.509625352879
-0.121959943029
-0.274432757312
-0.145210652036
-0.381333710687
0.297571209117
-0.559850776813
-1.25494707527
0.327190615815
-0.296134274614
-0.257087276105
-0.0264734627273
-0.197237843478
0.511993623476
-0.707197603111
-1.6337968624
0.399426733008
0.0767485466568
0.0448435327039
0.187709417281
0.0802154826708
0.478424809375
-1.25791708716
-1.69615485571
0.548918591328
0.223422611613
0.144224647665
0.678254847379
0.117847662968
0.0741866987048
-1.56142842662
-1.74592310365
0.419405513982
-0.131469938116
-0.133976366909
-0.566794924801
-0.124887271619
-0.346963257384
1.49502762725
1.85464028651
-0.605018041425
0.170370519668
-0.12849537932
-0.135954313026
0.119899029019
-0.051794733392
-0.492866047095
-0.353039790166
0.0430185707005
-0.145419049475
-0.327295728203
-0.484178239147
-0.30321677854
-0.188696513043
2.00590130901
1.79803225195
-0.283944755553
-0.609233644323
-0.42471287478
-0.785309699396
-0.805160126471
0.377873251737
0.742426539725
-0.0394683756548
0.470699149791
-0.458904628988
-0.215305760875
-0.486371739619
-0.279584172454
0.165618038174
0.275045785497
-0.0353956528567
-0.264490873234
-0.0578484932769
-0.329748460705
-0.327836829091
-0.147928433055
-0.815145498092
1.55019284079
0.640050346358
-0.738269472168
-0.161111761323
-0.467297199142
-0.124319565882
-0.237592126291
0.302849110741
0.0274664629715
-0.921168787278
0.416805986286
-0.18127584977
-0.206592416857
0.0873885231581
-0.183614179423
0.846935057456
-1.07728405052
-1.43008507026
0.853482869106
-0.386625529994
-0.411566167441
-0.721142060511
-0.441807284779
-0.478370501699
2.46110777437
1.53924905365
-0.570462201377
-0.174228260655
-0.397845092464
-0.25818464944
-0.289638155263
0.328863279133
0.0769920356032
-0.239118372804
0.227769670373
-0.0465014702523
-0.0295730540653
-0.0614523386881
-0.315898768072
0.178210105651
-0.44993180246
-0.240685021804
0.276867477511
-0.57759031025
-0.25826008655
-0.86807133567
-0.374540027812
0.0772152461642
3.16620426485
2.56135864949
-0.299991937926
-0.0513154428275
0.0201754026131
-0.458350937477
-0.125987288924
-0.497779989518
2.15961715004
1.92116872321
-0.471003433173
-0.182202537705
-0.0931649047021
0.147977571361
-0.218661791051
1.25561140515
-0.814859060451
-1.47660423022
0.969415389528
-0.365810902826
-0.306934026954
-0.578823517789
-0.43353497483
-0.00592552146802
0.513951736025
-0.390020369597
0.0711165104701
0.175077839353
0.0955319902957
0.493782951834
0.102597528466
1.09783085529
-2.10972590702
-2.76626761331
1.16229068505
-0.491926066027
-0.300162876797
-0.732235986324
-0.464782030595
-0.203955628354
2.97634582401
2.20590263495
-0.451072268699
-0.0312330116781
-0.360003075355
-0.415423204129
-0.515222658568
0.679363229379
-0.411545360864
-0.153590673211
0.899831646066
0.220594229685
0.0803344957259
0.113726668827
-0.0786690212014
0.242078694978
-0.371108613646
-0.427132746246
-0.0472078334866
0.240719723749
-0.0112917532162
0.405716570953
0.316379812007
0.689352744679
-1.35168572097
-1.62157093851
0.614210672705
0.117444722845
0.0116555436944
0.753366146236
0.147583039323
1.31545131033
-2.75389129346
-3.77587168918
1.6367163259
-0.338009864787
-0.071983832394
-0.448531487464
-0.315045042256
0.264956774179
1.41193039018
0.543641721251
0.0831699621679
-0.190393491137
-0.319234278991
-0.467160282317
-0.354533548571
0.0222011928795
-0.157432653719
-0.159016956118
-0.160485692623
-0.4353700631
-0.513573864129
-0.532120841517
-0.541791647877
0.184911155999
0.978269240377
-0.114464787058
0.0377679673214
0.546257899969
0.383417197714
0.334983338959
0.284700892892
-0.111933795502
-0.370267710107
-0.50124261593
0.309150431498
-0.366517973209
-0.257025406923
-0.310517355155
-0.416672615132
-0.865879948227
-0.389143272918
0.129926982214
-0.0269832912278
0.702698863856
-0.20303312233
-0.221037970196
-0.891634251681
0.208063516793
0.273867659029
-0.508326046111
-0.283754062101
0.0993020956713
0.999814082994
0.211115046768
-0.166629981256
-0.176089586833
-0.688895427526
0.240518919153
-0.280137469856
-0.530386657058
-0.279356109649
-0.274279795387
0.122443346396
0.450307973763
-0.467298255156
-0.215010869301
-1.07378455286
-0.278431404513
-0.121334561383
-0.345757695937
-0.52896248108
-0.356976421521
-0.580171237813
0.321910265152
-0.223964043608
0.32356558199
-0.00171338234853
0.0332249016241
-0.182092796377
-0.398287251894
-0.467747403914
-0.0217315741184
-0.000419117538933
-0.104164726991
0.501138038041
0.253936875837
-0.183215004543
-0.407467933541
-0.510287833012
0.271863936305
-0.0355457111392
-0.0744952347382
-0.506276489374
-0.913499568113
0.102958056642
-0.00281343537981
-0.268845930792
-0.172546904374
0.0695061246264
-0.236429440112
-0.117884932847
-0.0970449714252
-0.17985507745
-0.00166584436614
-0.12129752317
-0.478988768631
-0.304795584951
-0.172693773687
-0.00961948170272
-0.0672138867563
-0.236489136984
-0.120331589776
0.00932269141311
-0.290345164579
-0.0808498403501
-0.192471563254
-0.311218657266
-0.333329680891
-0.302597886137
-0.158608006975
-0.0981592804593
0.0317192693934
-0.13268356162
-0.352354908997
0.0646501928366
-0.126499942001
-0.238626166618
-0.0868995703364
-0.373384206538
-0.181579295249
-0.317345231921
-0.183672444863
-0.0860640827225
-0.387458413653
-0.384921778987
-0.215055675164
-0.292529465575
-0.0362894719341
-0.460518055898
-0.295303559339
-0.193503373853
-0.277324890299
-0.38314555911
-0.0179284633948
-0.0731653952621
0.0340564887442
0.0141694167285
-0.386489568045
-0.120361504414
-0.108345899665
-0.202005381041
-0.136285894934
-0.0166391730873
-0.185551969296
-0.0692136798111
-0.067441686929
-0.283874145183
-0.415244077513
-0.105142991032
-0.0038419191576
-0.0669021423832
0.153055858864
-0.274180963436
-0.176567504493
-0.135940057793
-0.0401976078572
-0.31220542876
0.494653369809
0.734722418364
0.361786488456
0.53283106861
-0.404723830518
-0.444117429026
-0.628618918561
0.265898394929
-0.56636260118
-0.203123028097
-0.179066071991
-0.248679947967
-0.872604633593
-0.723961074877
0.13451980874
-0.0530145638688
0.948379171646
-0.426124403051
-0.0325009778574
-0.859381483542
0.156729847801
0.387524879012
-0.675219130414
-0.609684722768
0.15728373846
0.72064626496
0.118102226524
-0.287163780058
-0.361365374643
-0.804908785262
0.60296501868
-0.262624115247
-0.545365691083
-0.130119540382
-0.157254763526
0.177429054772
0.317052059654
-0.296785222659
0.241849833202
-0.93198559661
-0.215528101174
0.0140856950971
-0.630203216351
-0.902078559627
-0.720574314672
-0.676444696193
0.356343774403
-0.392512096227
0.616989405084
-0.164462314882
-0.44571978182
-0.345434308063
-0.47857782698
-0.460253714408
0.0604449000005
-0.203131130949
-0.152174077525
0.82138903905
0.429076397785
-0.431879776291
-0.460530189108
-0.846267517298
0.463583438455
0.181666519852
-0.0890959435215
-0.580202641531
-1.16018950156
0.0380549110075
-0.205913463248
-0.40313390435
-0.173425358319
-0.270493641341
-0.0266051236105
-0.314011162428
0.0644535580611
-0.288242407771
0.148528404828
-0.365368889289
-0.192039611214
0.120231609362
-0.217186813256
-0.0902438806381
0.271363592901
0.189266467745
-0.177401033517
-0.077364207851
-0.394939552023
-0.0482795683595
-0.158597758544
-0.107150416964
-0.356531536128
-0.456621920528
0.168336351047
-0.250941078781
-0.181769852998
-0.672923795222
-0.171352858725
-0.171739095461
-0.137515811128
0.102653267329
-0.288326577505
-0.196200427225
0.039249028618
-0.0541959853571
-0.121458936405
-0.209006154566
-0.271403474886
-0.171512054127
-0.331604322528
0.391396285841
0.00780077759078
-0.314568790473
-0.0630517544763
-0.0184023024264
0.234665978624
0.0232075565355
-0.273626424597
-0.201364983891
-0.225365568681
-0.2965247059
-0.18337700855
-0.111993276521
-0.368057064739
0.168161932243
-0.245862315273
-0.102026083456
0.02242528405
-0.470520688855
-0.355408878742
0.162146513345
-0.241555415526
0.260850099429
-0.48682939963
-0.0576260221074
0.0714870838628
-0.00960856762625
0.132018366106
-0.101876796805
0.0422900502586
-0.214560994877
-0.292080638692
-0.00581507527532
-0.0979652010818
0.14597118112
-0.066296695695
-0.0296048295172
0.0592123262536
-0.0618659689891
-0.177484373598
-0.226691875491
-0.11429760286
0.0329191212615
-0.170225969295
-0.142866543708
0.247551661226
-0.0906233735247
-0.235696843991
-0.246780193313
-0.0560109200511
-0.18017482113
-0.0428395730286
0.102583884607
-0.237535528391
-0.374862237183
-0.103076144019
-0.0166740981243
-0.271755882387
-0.124121325211
0.0555629424936
0.154242700253
-0.297444731781
-0.00943319347705
-0.182902069992
-0.0747914643018
-0.0648877388823
-0.059066708487
-0.297498446319
-0.423336200907
-0.0103595329902
-0.188834126444
-0.0218885723118
-0.162818223128
-0.161625807757
-0.211511548227
0.0224978059826
0.0239529238501
0.0839158438361
0.0261509383305
-0.158601136897
-0.167289500359
-0.146778505157
0.0484646705636
-0.0932907410437
-0.00281684908284
-0.121435721404
0.0238292183658
-0.179479134044
-0.116484562046
-0.00334354359233
-0.170037040165
-0.130553026276
-0.158094925772
-0.296115069773
-0.111602596789
0.0302333799147
0.137618454607
-0.357266644953
-0.329133579417
-0.0385900977484
-0.155178856105
-0.197249283669
-0.188626518709
-0.289119440386
-0.0259787157622
-0.0794877504049
-0.213510961814
0.0897489204842
-0.11078765112
-0.29839536583
0.136979851125
-0.145428929588
0.00999420645389
-0.277099493099
-0.177426492856
-0.149782789221
-0.0177406647939
-0.00120350070933
-0.0849220157702
-0.258327404824
0.133578090507
-0.258565880699
-0.0334802634825
0.154643582156
-0.206759034439
-0.0915446906297
-0.197104216454
-0.129424673865
-0.0438177955523
-0.204933667174
-0.0382111063249
0.0693717172949
-0.42113791457
-0.0235491893176
-0.142429290689
-0.211520879575
-0.0733839207912
-0.174064404888
-0.131063678051
-0.0220262506829
-0.0684082537931
-0.0178584635194
-0.0404548529722
-0.0531740345954
-0.327402090852
0.0647297420198
0.0284159093089
-0.319518938688
0.0262543463483
-0.0298729503346
-0.373002747842
-0.202464663088
-0.353773548854
0.0558533136835
-0.223218855779
-0.173030942917
-0.191486124916
0.0106316214751
-0.206394349809
0.136707505881
-0.160623857347
-0.0220522077306
-0.294354248644
-0.0830111217959
0.0843748143274
0.0662404811945
-0.108875459417
-0.20885333997
-0.20113112116
0.1122413636
-0.286418779693
-0.171949808901
-0.262853649752
-0.104942670291
-0.470400175974
-0.078725123532
-0.59557038583
0.0556858573594
-0.0940615840908
-0.389725443058
-0.0549102307142
-0.0334373051246
0.103829106191
0.0277149393548
-0.118521675786
-0.309553162135
-0.0946722760817
-0.109782458785
0.0122941914042
-0.145706761788
-0.269611283379
-0.320170674025
-0.358290420438
-0.260277158561
-0.0813932073239
0.0439560037499
-0.347683239376
-0.384681576097
-0.037404470959
-0.108644650035
-0.164947624469
-0.327295979837
-0.18284214468
0.0483649155645
-0.165607487682
-0.262788672138
0.00829893940391
-0.101436829779
-0.242122439902
-0.181085544501
0.228457384279
-0.194900414427
-0.264806191563
-0.284877483926
-0.121115864463
-0.0159962645881
-0.190850458755
-0.162255337873
-0.0320676377569
-0.126768234182
-0.216921513439
-0.152383954164
-0.288665666404
-0.134181209778
0.136682326335
-0.295835620055
-0.00158794284141
-0.0513092341139
-0.220934672435
-0.158079154921
0.0743391498968
-0.309838652094
0.0840491505435
-0.416144819073
-0.0176804907068
-0.10760790456
-0.0523458792629
0.0300928528957
0.112324511683
-0.000741464485887
-0.115902822792
-0.0625040728243
-0.255525593492
-0.339901755133
-0.371539955101
-0.192634972002
-0.329005706791
0.0337477931876
0.0181169837123
-0.344540827005
-0.292744779057
0.124630812834
-0.367845542949
-0.352778644019
-0.259544431913
-0.069156366361
-0.238193275586
-0.242803423647
-0.0966091676069
0.0475831067989
-0.199142213109
-0.276988725894
-0.29121509129
-0.194405978128
-0.350995909523
-0.217219616368
-0.174706412277
-0.0354408145902
-0.0566395131613
-0.156322055283
-0.333828372699
-0.0645626499278
-0.319984191467
-0.331769684633
-0.276730234252
-0.0791904352353
-0.31901165973
-0.160576508014
-0.358669052246
-0.035634064542
-0.309787520782
-0.330434935549
-0.291300307318
-0.241971686495
-0.276181307974
-0.0809046310132
-0.237953695833
-0.137769345721
-0.0219866983618
-0.171368743701
-0.294129056413
-0.196087621302
-0.0454231489262
-0.381161945091
-0.0765644593054
-0.123373719289
-0.00681594574644
-0.0890930418218
-0.322578923157
0.0240888889043
-0.00309708272085
-0.141764151226
-0.164860098751
-0.274189604442
-0.178407321999
-0.0515048729388
-0.0102877026234
-0.234893530399
-0.145557452174
-0.0201615865373
-0.215810679148
-0.00577139295741
-0.12315292348
-0.423458206048
-0.372526579213
-0.0953468077662
-0.0478879246242
0.0733192978274
-0.160286068942
-0.0900312318448
0.00928278888113
-0.112482562437
-0.160876462849
-0.0173333815894
-0.134954187642
-0.131657542653
-0.0155339498326
-0.224642780478
-0.0734252465991
0.0873336428081
0.0272527960531
-0.235616945037
-0.132856894246
0.0888337854499
-0.243824649634
-0.180931107854
-0.166710277904
-0.176603569595
0.0125169085372
-0.0971659362908
0.0583431298398
0.0287723222262
-0.280737040923
-0.16381768579
0.154621747482
0.104049341398
-0.0955709793037
-0.440414344524
-0.238461004929
-0.0601694781003
-0.12406374559
0.0174914685289
0.0106031191584
0.0653104131589
-0.314811676298
-0.0675287803891
0.265393482576
-0.00778841924513
-0.147476612754
-0.0648123056791
-0.239682745456
-0.0261036084132
-0.196737129596
-0.226796738784
-0.173023813472
-0.157658959172
-0.151192372345
-0.0449472597867
0.00981348567671
0.0244956566345
-0.306609604028
-0.320798574814
-0.131759707739
0.0438375806713
-0.180299246086
0.0103373544786
-0.127480494601
-0.396115570303
-0.245706028717
-0.273219966185
-0.201950967457
-0.394580799107
-0.186321783643
-0.224481485558
-0.215943159867
0.219423795937
-0.292714981898
-0.0148463995649
-0.120758300493
-0.328825679828
0.00700654148723
0.0608719309509
0.0682756593115
-0.250705972123
-0.394745819371
0.00140064645357
-0.010207212481
-0.235643550994
0.0145498230696
-0.0464996669075
-0.0386810984205
-0.166850134538
0.159539292257
0.138222624526
-0.0466372309797
-0.283508099522
-0.461738189208
-0.0401291694483
-0.0760666118757
-0.0892898767219
0.230125358085
-0.0681034473669
-0.320779311327
0.33339155704
-0.0635834286534
0.0388923513641
-0.203945766993
-0.134932537313
-0.205026508026
-0.321322821748
-0.164709168664
-0.0440051242149
-0.188369803652
-0.402671702659
0.00286857729043
-0.234786655046
0.096831771674
-0.457044017198
-0.0360977625528
0.0175508950443
-0.245971458947
-0.237497150172
-0.0816816109669
-0.21562208139
-0.228608241097
-0.27280633009
-0.356252049913
-0.107229358739
-0.275869367188
-0.313607583845
-0.19541185135
-0.216816635276
0.0527128312952
-0.0999176256311
0.000950711805418
-0.0438195095914
-0.23965354538
-0.193183934853
-0.0987763315892
-0.0831580989695
-0.0714109876865
-0.144994488316
-0.288662523767
-0.441427318888
-0.168894582313
0.00659069575326
-0.10443360473
0.0615242503877
0.0192560226421
-0.116644963576
-0.0469092029533
0.0631827634333
-0.024435963746
-0.233839417297
-0.236228966005
-0.213103039344
-0.135291194214
-0.241092316134
0.0861976208719
-0.0946098695072
0.122683156985
-0.136063447999
-0.264436919421
-0.100438089803
-0.294749925557
-0.226912587096
-0.243159342474
0.0408847528473
-0.17041418841
-0.0225695608036
0.0825991242365
-0.231666475314
-0.310801835925
0.0845273974807
-0.132023694284
0.0815650189334
-0.224203146232
-0.337059635688
-0.341981750298
-0.27513076298
-0.0632547083478
-0.115748257896
-0.276047519108
-0.0608698842379
-0.0307168496188
-0.0111170020184
0.132186563226
-0.000443891897942
-0.0297583984666
-0.152125226572
-0.442055286616
-0.186949199576
0.0743809968307
-0.155856655191
-0.106438064239
-0.176693410316
-0.186369434774
-0.0797320551063
-0.23120115704
-0.190574659763
-0.233559452998
-0.13656753351
-0.00534884247041
-0.346746309332
-0.0884975673349
-0.0327407971876
0.0116364954234
-0.116062422433
-0.273241697211
-0.341936632992
-0.436533888927
-0.0727804577786
-0.21200284247
-0.41565225609
0.0955732664773
-0.166785788787
-0.160168995191
-0.136262959069
-0.196129834302
-0.418534171573
0.0306372807873
-0.0547731201314
-0.17196357998
-0.134633240123
-0.10292374803
-0.05967203423
0.0453962495381
0.0668108216103
0.197750786889
0.109414150584
0.256320236346
0.204817268664
-0.160709812115
0.0132031226839
-0.331372887507
0.180269113403
-0.142115245958
-0.223229096543
-0.0795913004453
-0.162671059949
0.0208902403694
-0.02931396403
-0.0913036298592
-0.102999991602
-0.0637160067569
-0.179671374868
-0.271681400942
-0.208774589798
-0.193418346172
-0.279671056393
-0.15586158539
-0.0329345601017
-0.300599993852
-0.176732676462
0.0151447803134
-0.0400661824447
0.0480081643282
-0.124434293306
-0.0145059950223
-0.0995209327384
-0.126959968063
0.118284469752
0.0445701345485
-0.315148578454
-0.0892487917124
-0.399608877619
-0.353417610686
-0.142369741919
-0.263459115907
0.0241060602433
-0.161805016095
-0.074886678184
-0.0368482531675
-0.0967881612736
-0.156768135467
-0.0806984633007
0.0927029412611
-0.256882082727
-0.356478987433
-0.00380411431102
-0.183192684464
-0.066662462797
-0.276747546941
-0.219060375666
-0.0492441933526
-0.280819392698
-0.15573305694
0.0608081157245
-0.20374881164
-0.117787779814
-0.183443365746
-0.0675955582509
0.0479080434826
-0.16022635409
-0.140705428242
-0.0965118273198
-0.0252746037183
-0.0946598354718
-0.0355664549753
0.00453873223194
-0.0173894729834
-0.0978234647131
-0.206955834434
-0.134599317807
-0.0802496443948
-0.125157283793
-0.362153745205
-0.114488974906
-0.389875911645
-0.106605177102
-0.0983746728229
-0.144738629296
-0.213538671983
-0.142647733113
0.000326353977616
-0.0833307499478
-0.165371759543
-0.257028518222
-0.296392203091
-0.295995142389
-0.0898244538485
-0.517350220407
-0.140147119546
-0.238339236725
0.0555849116593
-0.0487223621783
-0.129181079551
-0.227560808275
0.0572307073286
0.00634544243922
-0.277658271721
-0.247470776892
-0.394537721139
-0.0222901599567
0.104551732121
-0.160933219801
-0.120681287028
-0.17978797286
-0.173976314613
-0.0297460045656
-0.150051656039
-0.357045209999
-0.118830835864
-0.181666139834
-0.188503826959
-0.155379449964
-0.448563671058
-0.2005028429
-0.40383481741
-0.380871401808
-0.181392005876
-0.129567521068
-0.117109245451
-0.157246100101
-0.114530942583
-0.158550259909
-0.238759519779
0.0421411285261
0.054600194795
-0.294846505352
-0.129303029991
-0.239482877176
0.11450067815
-0.15746870117
-0.356138169141
-0.271844814951
-0.0415485817408
-0.0567188945428
-0.169490729204
0.107622148204
-0.222019580133
-0.0792617382226
-0.344217206027
0.0208959610502
-0.211747541929
0.165865783429
0.0858681788467
-0.344303371198
-0.126581476371
-0.210714040092
0.0561639918117
-0.117018650463
-0.328399944733
-0.0940202484825
-0.0836298430725
-0.245443972699
-0.128534670557
-0.101659879212
-0.18659327023
0.0419947318172
-0.0562386428301
-0.0694493216658
-0.273665242519
-0.201818129537
-0.151106996316
-0.0936456583732
-0.103345101199
-0.0388284306716
0.0413423407717
0.119067925522
-0.0331614190188
-0.19479606959
-0.130601216872
-0.0419171706654
-0.213689604572
-0.333239476859
-0.0397028903445
0.161510067917
-0.0754142443286
-0.10752615083
-0.0623458287373
-0.271214840715
-0.41694578307
-0.0271435966641
-0.0959419809271
0.0243467385544
0.0741104661872
-0.293723850726
-0.169760115602
0.0467368275329
-0.0630857038606
0.866263797476
1.28054473194
-0.0494650846763
1.98045654031
-0.392060776401
-0.213499055495
-1.51628680335
0.600033664463
-0.828045141714
-0.631038703198
-0.232850059243
-0.853126083955
-1.55949188964
-0.643560565732
0.357305436894
0.00636754438678
1.19443016109
-0.630181952402
0.194438227413
-1.65921163188
0.188708119457
0.391428459011
-1.13952872585
-1.20711253199
0.500158747557
3.43198423714
0.51500441636
0.0644479931406
-0.956707378305
-1.83788441525
0.856379346327
-0.904588591823
-0.88313716912
-0.834204887232
-0.638999701025
0.110030959514
0.40217604778
-0.911970174223
0.511274272425
-4.23212405255
-0.585625825366
-0.143259524911
-0.790582031062
-0.893321982786
-1.10358576732
-1.18783751962
0.492387703534
-0.558884717617
0.941811445763
-0.343743206703
-0.402605590049
0.687332806233
-0.345651027529
-1.20783884262
1.13928102246
-0.228975174604
-0.518309252045
1.31493836029
1.05144083956
-1.13597446035
-0.113499657714
-1.74148409089
1.23217559968
-0.648850343148
-0.335077551217
-1.28576720981
-2.25569475479
0.385924446074
-0.284437832929
0.154397113809
-0.114182867159
0.142660731918
-0.0554392246943
-0.120000861182
-0.306230027106
-0.0550080808654
-0.353789789734
0.0242349900629
-0.401082534409
-0.0985852394287
-0.106306155635
-0.107982585816
-0.154483665749
-0.21893731804
-0.0731081236611
-0.0485015330719
-0.11224373885
-0.279919150354
-0.153584696608
-0.135461994756
0.0745988361245
-0.0413587520837
-0.159928162063
-0.179204944579
0.0371872407719
0.0308472928195
0.0237734665011
-0.237029566417
-0.252793106867
-0.271665161998
-0.251755443022
-0.293167819533
0.0440520116922
-0.203871953257
-0.00646899308726
-0.347758367094
-0.201699071463
-0.418550786368
-0.0413442116045
-0.333584161755
-0.145471402863
-0.0423454619322
-0.407820869927
-0.21002570919
-0.361078510702
-0.133954099874
-0.163403462659
-0.105114957165
-0.0337744466315
-0.240633214679
-0.0952611000243
0.0519681133155
-0.311061226134
-0.222045388468
-0.180867178231
-0.162901389168
-0.0552367632528
-0.177607821821
0.00304217206377
-0.0300421545899
-0.0580021208946
-0.289372771766
-0.0892958641571
0.0294469035101
0.0467161684133
-0.358242532949
-0.440821190889
-0.180973903318
-0.183642597035
-0.18413615792
-0.0917545259866
-0.27178906166
-0.128703168032
-0.36914852602
-0.317981916154
-0.280295849804
-0.0395599751942
-0.284050413191
-0.372704106002
-0.0922202528564
0.240460742092
-0.122659600067
-0.158608191681
-0.31683127943
-0.0248804893791
0.0281556293137
-0.194513694165
-0.0628916016012
-0.133288812667
-0.114844497245
-0.228861375999
-0.24664082275
0.0586933084401
-0.117224868934
0.115743284055
-0.170563487351
0.0140804062071
-0.233248064208
-0.0438994718624
-0.162078052513
-0.137810356676
-0.185187344101
-0.396990022776
-0.0473359141533
-0.0588731207118
-0.0529349055522
-0.267603286979
-0.383536909278
-0.298312415219
-0.127695460855
0.0606342203576
-0.454857282559
-0.301897848088
-0.264465338562
-0.301047965397
-0.112989725339
-0.11311511149
0.100249036985
-0.191084442455
-0.199873832766
-0.179078860369
-0.218724002903
-0.178227424027
-0.125336109226
-0.3034879991
-0.270219676766
-0.265317581241
-0.101161576625
-0.000966745333182
-0.21206646919
-0.276375634509
-0.165262459508
-0.211099437482
0.047546580767
-0.215613608754
-0.134851067845
-0.206442717859
-0.158321819072
-0.0656155144487
-0.116739503445
0.134701440456
-0.122884687464
-0.518770314811
-0.173487191842
-0.275543592742
-0.408823536557
-0.110516375645
-0.00311537069776
-0.222721225316
-0.12544341295
-0.0303912329479
-0.207459106103
-0.442692196346
-0.162595410556
-0.0472233609499
-0.0802897398193
-0.136736962413
-0.14704143707
-0.129739203273
-0.572015863452
-0.00794300721877
-0.215944087935
-0.254230930057
-0.162966544494
-0.149153649094
-0.239535406503
0.128934261378
-0.216620460604
-0.234623630487
-0.260886598722
-0.160431438166
-0.420977486402
-0.0963063221349
-0.136448966401
0.0446955828026
-0.263897883003
-0.179482593263
-0.219377656446
-0.464894878166
-0.136027748065
0.0361225903305
-0.369455944955
-0.314780118335
-0.198676446478
-0.167664774086
-0.18948827503
-0.181396683898
-0.06142476302
-0.100254674702
-0.380915094613
-0.203165417728
-0.322063443604
-0.196447690687
-0.109351292777
-0.14644085459
-0.0951496180595
-0.0802928166299
-0.139217095943
-0.066205919429
-0.404517735033
-0.497509973713
-0.106928664582
-0.145508859226
0.11962315181
-0.116315309017
-0.395396169161
-0.317018598787
-0.188302562049
-0.068564946013
-0.297032640156
-0.394978547332
-0.379315476469
-0.461240739522
-0.103117317304
-0.113852485744
-0.240409450043
-0.0669554698855
-0.364608522467
-0.257211704628
0.0613089828756
-0.0170860004906
-0.0833408146222
-0.0317652878874
-0.181122223466
-0.112863675939
-0.039792036281
-0.5654680897
0.045303497637
-0.0749128632979
0.0896320333141
-0.280557752976
-0.0310890111798
-0.0500535044317
-0.260504083857
-0.0809216483115
-0.460833408045
0.00062766792981
-0.364280406041
-0.159807419039
0.0176242127224
0.0798279499507
-0.332247266397
-0.0242380551213
0.0975262868616
-0.151439628594
-0.110686591747
-0.219268186837
-0.131224981248
-0.1234432936
0.0441453271437
-0.0353349894169
-0.449932920612
-0.00607795842713
-0.160708713408
-0.00784499436837
0.0871862229501
-0.245405143298
-0.218962226501
-0.0931161985189
-0.147512612047
-0.22856097503
-0.281488465668
0.22077923509
-0.316459285458
0.00904861196858
0.0340114913532
-0.0736000073973
-0.542065374367
-0.212110795246
0.0514797518655
-0.192771871898
-0.102552181225
-0.387837526678
-0.308869298694
0.0624720948804
0.0533882373343
-0.0404295486975
0.0451766384415
-0.265159879063
-0.252405731671
-0.201360404515
-0.3360561522
-0.243475858874
-0.295382021816
0.109080877092
-0.301553133953
-0.0883383231763
-0.150278134054
-0.296682028732
-0.120955084397
-0.0980197737368
-0.137888045666
0.0576374052566
-0.176374420615
-0.143264145973
-0.0534104040437
-0.119664073501
-0.107700425186
-0.078189794244
-0.179078775637
-0.0416405013547
-0.281628749618
-0.1500643769
-0.287975715457
-0.0339882785878
-0.142432517855
-0.141358799157
-0.179387202295
-0.0272934175148
-0.124159844538
0.209872630706
-0.347727902168
-0.270752342938
-0.211494763447
0.0986941961107
-0.0926094831071
-0.12650584707
-0.129400915201
0.129909234966
-0.197029060788
0.0620599331234
-0.180795799248
-0.303826045677
0.0275565861051
-0.149431949212
-0.117757906821
-0.220019409744
0.0249440293429
-0.122795835662
-0.20508760739
-0.149168834515
-0.165828091306
0.0281140754478
0.013682715695
-0.129560944654
-0.0259419372433
-0.0145692973736
-0.248869104784
-0.134551510157
-0.273769424038
-0.0512976420174
0.0173032328285
-0.0594626927204
-0.11135050689
0.180509930351
-0.151314069368
-0.141107665049
-0.207646360752
-0.0383243290355
-0.262977953594
-0.267245418444
0.0617115934153
-0.236612597725
-0.187302709453
-0.227993213278
-0.238082567237
-0.178239065559
-0.390185650748
-0.378462493676
-0.0687087063812
-0.0826510541124
-0.292156828029
-0.256960969537
-0.570589859533
-0.0729613747406
0.0169703720629
0.078861750419
-0.145407958609
-0.0498025291953
-0.479466173474
0.0432744683148
-0.196881298893
-0.128873129751
-0.395944680995
-0.00870780804583
-0.272626249676
-0.294891033962
-0.174569867368
-0.160669631537
-0.105353124383
-0.14244634247
-0.320322519584
-0.197547965126
-0.261394467103
-0.288105299723
-0.289653548267
-0.360433125401
-0.309457800387
-0.118434883832
-0.380668729332
-0.0579781422075
-0.545368746666
-0.433863638322
-0.441659440193
-0.167167083385
-0.221911759923
-0.287309603801
-0.20984104419
0.00351783813683
-0.409260254562
-0.251021440974
-0.17118135869
-0.239405394128
-0.103351530386
-0.367091675275
-0.241976096788
0.0697377535313
-0.0802842148962
-0.109439731028
-0.20322780971
-0.223598270715
-0.0217937882996
-0.229063085167
-0.0502913028642
-0.0864923088104
-0.0521604103043
-0.240239885768
-0.191981201223
-0.0544277743486
-0.456041255993
0.249694815764
0.213826092603
-0.181145877514
0.334382575764
-0.0987026320719
0.159999133717
-0.377123426391
-0.0859611476884
-0.543273177998
-0.547743454352
-0.0939763521663
-0.254402419874
-0.567548363268
-0.340923239917
-0.000672512929423
-0.0345127849998
0.345043271441
-0.209064708306
-0.0215993240816
-0.313030508402
-0.0310442736475
-0.118990737849
-0.0931489723878
-0.378858424057
-0.0610891583919
0.514030423558
0.101423538603
0.0462862743199
-0.193046998451
-0.570212259692
0.1715342642
-0.100925070161
-0.433417813662
-0.257628768599
-0.0647110130643
-0.101626926246
0.121490454657
-0.174647661045
0.073591888729
-0.862720979875
0.00115386294563
-0.229759032012
-0.37596133586
-0.297227725506
-0.22850009139
-0.376421096887
0.294574961931
-0.105738228285
-0.0246547989141
-0.0638024538891
-0.0901984154785
-0.167003025882
-0.107144907848
-0.277726242553
0.286549415407
-0.184832197223
-0.237062516258
0.160950811161
0.189926237429
-0.445672214655
-0.15021310829
-0.583427069023
0.0650726090685
-0.152650179606
-0.379281496881
-0.423491762424
-0.701371296176
-0.0465657789778
-0.0841112210858
-0.0311164483777
-0.1739620876
-0.245110708506
-0.377604195246
-0.17821527709
-0.214401757713
-0.27801863731
-0.241771700814
-0.14906867284
0.0167454086384
0.0444244441515
0.10361648477
0.0354679635727
-0.135152875911
-0.359702184744
0.127836163339
0.0849146302982
-0.0601405276534
-0.0931043360405
0.14211026267
-0.239692544178
-0.131910336496
-0.159309352913
0.0263561428843
-0.0581581165855
0.0603289752948
0.0178340811641
-0.175384264285
-0.1989891797
-0.205183405079
-0.300396346514
-0.0984213403013
-0.114505840748
-0.0813104334539
-0.00938508861072
-0.225034512351
-0.042233242118
-0.250735610493
-0.353016564974
-0.07228955106
-0.26185926749
-0.264350729657
-0.284491289662
0.0515647948221
-0.323085356777
-0.0914618079156
-0.183264463356
-0.0137582889695
-0.0337915960214
0.0680597274151
-0.126103260568
-0.173554180789
-0.185377377505
-0.0842018752932
-0.198925653469
-0.332118977899
-0.111981221203
-0.116125056858
-0.106767192215
0.00256839768617
-0.227904482431
-0.254870589558
-0.200456296118
-0.160738827273
-0.332620349305
-0.198915156738
-0.0941414341065
-0.0834592271292
-0.0185267989879
0.152040567554
-0.283354982879
-0.0205309072171
0.135085162588
0.0991311748582
0.0480140586638
-0.124454685878
-0.0977009058495
-0.283529551239
0.253269195633
-0.244485137837
-0.172775521146
0.0361168764156
-0.17499632438
-0.25091618055
-0.414318207299
-0.0100254718489
0.01644655626
0.0188569593209
-0.021476418707
-0.187013234828
-0.11347917815
0.119251057015
-0.00695926401997
-0.16655489343
-0.160260871024
0.0385413811679
0.173235354581
-0.0653793248413
0.166278724793
-0.0900785329742
-0.124654956154
0.0320604035743
-0.162277670091
-0.222471544206
-0.133763220881
-0.15634099627
-0.00450126699574
0.139197935874
-0.156923603337
0.0580723650063
-0.440329808187
-0.138435443368
-0.247593968838
-0.0279325718305
-0.0649894090469
0.00331227340238
-0.0357068952033
-0.108402528504
-0.08093474527
-0.0637590845075
-0.184898920392
-0.0706258504466
0.00222664591609
0.0383320000471
-0.142009222269
-0.317522229798
-0.163905848629
-0.0885975373454
-0.0191246828607
0.0111267711318
-0.150657809921
0.0403481193521
-0.195708603312
0.164241087436
-0.029483127814
0.122581486234
-0.151526666793
-0.194269212167
-0.0190090246126
-0.0090594823355
-0.0937242268659
-0.428042724219
-0.233187445315
-0.353022759406
-0.0787273716802
-0.177716512694
-0.0969995624114
-0.022329596389
-0.294364967264
-0.0825514174844
-0.0419857908439
-0.0210919925891
0.00797009695659
-0.152476471328
-0.310941226981
-0.0643232039735
-0.0172936843804
-0.305327931543
-0.136798637029
0.0729592441779
-0.122281703505
-0.479548547798
-0.0113538941496
-0.00563314226947
-0.255015675245
-0.249484369344
-0.175722877629
-0.121700858834
-0.180211163696
-0.284318372862
-0.0628370786118
-0.181388990863
-0.415036474697
-0.087982984
0.0700834425452
-0.239198382621
-0.199881180822
-0.303459326222
-0.276316490134
-0.109691770293
-0.0160017274136
-0.26760451526
-0.376383469998
-0.189192591332
-0.288620995469
-0.0883052459125
-0.0705991542399
-0.173407460105
-0.27279346907
-0.0978748833407
-0.224121648355
0.0791999962113
-0.0867385156424
-0.299394977495
-0.0578140977765
-0.108337104394
-0.176896640682
-0.0543142108722
-0.25649373377
-0.0177152121075
-0.179941223511
-0.496627163776
0.0206068595122
-0.263209699307
-0.236451605711
-0.121472549979
-0.0681668560545
-0.236004105189
0.00884680710636
-0.404192834152
-0.234529096767
-0.153238805543
-0.285259905754
-0.219167530462
-0.149194386031
-0.0598390593639
-0.180806302861
0.0313390282526
-0.107749161258
-0.0391258654435
0.062581377356
-0.0678180371527
-0.0178443835622
-0.1608351017
-0.372214159702
-0.0970758632092
-0.118665362856
-0.101010210353
-0.220012395758
0.0369020045553
-0.0209057108846
-0.291966403617
-0.137873900486
0.0906262729603
-0.335931013607
-0.149316760595
-0.571530041079
0.178744780104
0.0482995221364
0.0151046956357
0.00889432386539
-0.0476683053972
-0.325840623031
0.0675003782764
-0.204319071161
-0.144744795319
-0.0435916182262
-0.315044938019
-0.264110930159
-0.463929752322
-0.114030340084
0.167014764201
-0.258282364611
-0.0971398929763
-0.0272115662637
-0.147946080276
0.141174207543
0.0973699193948
-0.0944574299125
-0.167068876776
-0.275005751579
0.0185185205064
-0.0119116662379
-0.136332680821
-0.146790724625
-0.288800589059
0.107591293904
-0.263404073532
-0.180228751
-0.0601614355817
-0.11482902843
-0.195645082696
-0.239413637541
-0.282747415603
0.120864905451
-0.0213137348516
0.0653353747118
-0.230441823096
-0.176971252443
-0.234169011354
-0.258471093116
0.240341226815
-0.186639827022
-0.27505801815
-0.202348720878
-0.325374668915
-0.290909859027
-0.0661581186804
-0.228536348194
-0.388845463882
0.0221718689954
-0.110858702894
-0.332842087471
-0.171879997158
-0.261408691468
-0.0943433401064
0.271088852621
0.0524415694851
-0.04486449307
-0.0115996029459
-0.191681000453
-0.030175594196
-0.0428524510994
-0.0181903058667
-0.37118153511
0.088525239362
-0.259543800367
-0.0125478633227
-0.0442949039056
-0.179063018291
-0.0428878503376
-0.172562403751
-0.142687320461
-0.0911556865302
0.0420595277792
-0.034677491514
-0.285100127395
-0.145481157882
-0.240851871924
-0.00298403937515
-0.0495578599464
-0.380321566118
-0.401615256431
-0.35599874741
-0.207356902687
-0.327667192892
-0.169216631893
-0.195650262972
-0.0580365917646
-0.177218370967
-0.274793479926
-0.343493720555
-0.166716224568
-0.102322085961
0.00750717689843
-0.302707141949
-0.119100760205
-0.176507043435
-0.0935752544127
-0.231071006594
-0.282251995254
-0.392563367539
-0.123966492581
-0.0759447194305
-0.126140431085
0.0875295429124
-0.0430874738144
-0.322668419711
-0.0367387992323
-0.161242772511
-0.381643462736
-0.0152467926918
0.0229648440688
-0.241780238385
-0.104724836577
0.0238558710787
-0.148200019397
-0.274906125957
-0.239534754717
-0.342446780192
-0.00952473010268
-0.0421336930831
0.114505184284
-0.301047361273
-0.13901012719
-0.200905634799
-0.191032665133
-0.140274405361
-0.0799139143798
-0.326743284656
-0.196354700411
-0.27078670417
-0.330595847766
-0.0210030190297
-0.197044959622
-0.218468432793
-0.22093862927
-0.156356821341
-0.0247453170882
-0.110630332125
-0.0471079638495
-0.375239374271
-0.233343729891
-0.0894953386987
-0.0811730784183
-0.0813137350613
-0.17875610981
-0.0456526443189
-0.283152489819
-0.0732404979438
0.0870256191453
-0.0677032678512
-0.208761665477
-0.220777807884
-0.02638812158
0.0751159543465
0.200485189168
-0.104218261224
0.0321228635871
-0.113842247775
-0.496865805858
-0.206633418404
-0.17787688296
-0.148812623113
-0.12861952064
-0.219436916147
-0.0951728597508
-0.0365586941697
-0.18649805497
-0.163163984399
-0.267761333082
-0.424165813889
-0.188269990459
-0.309631791533
-0.0960914753784
0.0422244775182
0.0577261310816
-0.00314063036956
-0.178131468827
0.0224991325342
-0.175183990797
-0.175857283158
-0.040343946944
-0.229419212889
0.00971619511193
0.0306232324801
-0.245593261448
0.0950615677333
-0.207100760173
-0.31502241082
-0.15680479482
0.0764524437117
-0.11722985247
0.025268112317
-0.156486754865
-0.0756285092448
-0.0965212637146
-0.381484483778
0.0355789527866
-0.0606488957929
-0.0244197639867
-0.127687055753
-0.226628777601
-0.0532831789602
-0.167779716795
-0.191862375615
-0.497601442513
-0.245919142767
-0.193663959605
-0.0993583685249
-0.260557129056
-0.0339331335299
-0.225248011368
-0.104371356192
-0.0506971830601
0.0205485575457
-0.216702861599
-0.104875999982
-0.272327911754
-0.0224649905382
0.103873939848
0.120908519041
-0.327630979411
-0.170079700116
-0.273737262368
-0.114382382622
-0.0450552165733
-0.101152698142
0.169553783498
-0.166804525259
-0.178328087381
-0.262438986097
-0.27654309743
-0.0444874693809
-0.150153687665
-0.145789906295
-0.146733829691
-0.270756572439
-0.436099547369
-0.226345727996
-0.0435940602161
-0.154701072361
-0.153086452827
-0.187914550483
-0.109476825063
0.105229174739
-0.0854769048675
0.0681339487044
-0.268618664543
0.0215146731864
-0.238571759049
-0.131675858749
0.0252579207449
-0.217045572132
-0.157966798761
-0.0248281361842
-0.301116786689
-0.000643841080347
-0.175587536719
-0.218689297853
0.0101466539898
0.0406746058856
-0.142568585155
-0.093140595597
-0.237182465786
-0.215666015242
0.145170795193
-0.146971824215
-0.137684042707
0.242256515979
0.0511043387641
-0.00518930878875
-0.307062326777
0.0809852770469
-0.1629022832
-0.080631567302
-0.108675591784
-0.117538017727
-0.132977693925
-0.158943352944
-0.000434786006757
-0.271324140772
-0.270092384818
-0.0664206855526
0.0182358356445
-0.313604091211
-0.115447792282
-0.238239919307
-0.255289007993
-0.172659825669
-0.148916861418
-0.238868198174
-0.125824732873
-0.0100869645083
-0.226183421188
-0.016387869592
-0.0487133934323
-0.187815095038
0.0902038250529
-0.126210078559
-0.0587432433148
-0.00765648258153
-0.288349936374
-0.431627702574
-0.195873597041
0.0651889261051
-0.306201352454
-0.148636789385
-0.0650648287107
-0.00850974536038
-0.153174241055
-0.232657210837
-0.258017301078
-0.19150452972
-0.215285319218
-0.111883712961
-0.350647370126
-0.187675407675
-0.297290315322
-0.0632706047762
-0.171947176679
-0.231209808235
-0.0178059531393
-0.29137118474
-0.128190738623
-0.166308674698
-0.375194819785
-0.0631684079424
-0.0278751952055
-0.05811684286
0.0895953171085
0.181547492844
0.0447206755315
0.0299522518559
-0.0929970299434
-0.151703839393
0.000916048075664
-0.254711223232
0.096807419425
-0.0864818146161
-0.298975162884
-0.496872492684
-0.241833747641
0.18164834097
-0.215045435128
-0.113874748233
-0.621663473637
0.0955564817188
-0.304998895043
-0.261771501514
-0.0143699452817
-0.102864563604
-0.260437760422
-0.101266662663
-0.198892678342
-0.05522048616
-0.00653778634613
-0.228632451794
-0.413304456672
-0.491769513613
-0.160783525416
-0.16384708575
-0.324649104928
-0.133008025464
-0.203594943723
-0.0315434280439
-0.228030887167
-0.145510802069
0.125397738101
-0.12774559262
-0.307531200143
-0.228898462627
-0.148999855492
-0.0949437970873
-0.109290483242
-0.347903428825
-0.0105385357119
0.293766850507
-0.291587060851
-0.111056828004
0.0426431938928
-0.126235340009
0.091288998417
-0.26008138832
-0.102967120502
0.120784048541
0.0531296619056
-0.119743974347
-0.279060847392
-0.114572632209
-0.00580331336938
-0.140332979374
-0.20825974545
0.0928011259938
-0.325301718484
-0.0843572844858
-0.11933954005
0.315873764337
-0.338161233395
-0.27459544994
0.0598174995846
-0.0734733702052
-0.0550535598156
-0.103150066918
-0.0946097951019
-0.109305313477
-0.292920316544
-0.313889828328
0.00605034029401
0.0416783660009
-0.189880588814
-0.275352129715
-0.329683449649
-0.12591200418
-0.142213057938
0.127902205134
-0.202433505993
-0.0551684748731
0.0537331436456
-0.0954226517032
0.0683051843744
0.0322843046653
-0.201408007573
-0.227428984055
-0.0631329586946
-0.117144208222
-0.0858077106336
-0.0971563780824
-0.357905582629
-0.186137952549
0.257597002817
-0.0903201272598
-0.0211235145593
-0.245134901639
0.0481956945052
0.318403908356
0.210574469939
-0.349152004696
-0.103835869289
0.106825149227
-0.30757387621
-0.119867373587
-0.243728187811
-0.0181284329006
-0.18294869838
-0.311434969569
-0.141044219941
0.111288088408
-0.0154480351524
-0.184587466816
0.041075436756
-0.101105020599
0.0745117112051
-0.107937501052
0.0710697750384
0.212725859028
0.0143934920156
0.0912775652569
-0.0910637633906
-0.102330866013
-0.106443008448
-0.240601734202
-0.307932278457
-0.260998734574
-0.313450429274
-0.104590983452
-0.340224401304
-0.136753781443
-0.153401301764
-0.445985260532
0.0663548890181
0.0808504689665
-0.107963137423
-0.326391151483
-0.195945510272
-0.242502306975
-0.141515549651
-0.176090213682
0.0883191484919
0.00151690944484
-0.0511188011841
-0.00498424469184
-0.0497145869521
-0.0948683295826
-0.193314688951
-0.346242103897
-0.340826738662
-0.1206307597
-0.121676938731
-0.208762325806
-0.356453795475
-0.0252920534109
-0.471378622178
0.168128423731
0.00156147196242
0.144761771053
-0.0126201097998
-0.350247899675
-0.0454248914328
-0.081465581334
0.0215244020573
-0.079942784809
-0.125047718776
-0.283016145541
-0.417517966817
-0.261437812154
-0.061618248826
0.014354302505
0.0364562805117
-0.152230478501
-0.126501993147
-0.234628532659
-0.415965247726
-0.123065902951
-0.134365234989
-0.197244813065
-0.158759980146
-0.0368073676768
-0.454532481818
-0.0460254964038
-0.333962395235
-0.290494357023
-0.0551344591791
-0.302228159322
-0.137974961749
-0.123294077956
-0.0199019446992
-0.369229386319
-0.246806624486
0.0147020030243
-0.243515374414
-0.0745465160309
-0.21954870557
-0.37241010108
0.0192442359976
-0.388884758956
-0.248634141207
-0.0268536975562
-0.236310835638
0.0417583407851
-0.117714903699
-0.33819898721
0.0287690297747
-0.374867081345
-0.158118316064
-0.129832748826
0.0103740608294
-0.0531442901886
-0.279818249814
0.165798305223
-0.126370148769
-0.159576602916
-0.202526712215
0.204038778258
-0.476086650473
0.153689834992
-0.23883818415
-0.0283001987913
-0.314826299742
-0.245080134242
-0.0632326969633
0.0886123918987
-0.161187313844
-0.221387523718
-0.0244728541887
-0.137855142703
-0.0589822003426
-0.338888571476
-0.236822816353
-0.0561515623904
-0.169429380637
-0.0616784419697
-0.398322941306
-0.217929602958
-0.369941607
-0.370617251114
-0.063997283541
0.112979894056
-0.171363042348
-0.0803172592312
-0.355345802668
-0.497190276865
-0.23676790679
-0.136180923375
0.0291303338256
-0.389613631614
-0.199543605997
0.00834575677483
-0.208549753271
0.014226606222
-0.116998523923
-0.224087696584
-0.0380103806205
-0.236019427358
-0.168905334717
-0.374015347992
-0.248206968481
-0.366136720404
-0.09383194419
-0.104807443474
-0.321931247995
-0.131936780671
-0.0850079049936
-0.294346896347
-0.334591440873
-0.0478569222433
-0.0236406381784
0.011284328611
-0.114523371012
-0.381130438407
-0.0963068283049
0.0828862364718
0.0549470674222
-0.225308752876
-0.255083443415
-0.166192974479
-0.108282412129
-0.448196066171
0.0576700517009
-0.145637970335
-0.143744824816
-0.0904820318386
-0.179184269793
-0.0723197230219
-0.201785871798
-0.0672183991816
-0.466355747968
-0.0763704808865
-0.408978103574
-0.169477009776
-0.0576516952709
-0.242583030201
-0.166816713931
-0.264450145896
0.0015638693865
-0.0709633199748
-0.309597537811
-0.321010840178
-0.0218634785007
-0.265552735856
0.0808506526473
-0.179281495598
-0.265362353135
-0.164881958141
-0.239572301415
-0.261530867298
0.0147720514119
-0.180528006692
-0.0544845865724
-0.2550817153
-0.154430127571
-0.260529657908
-0.0887767608197
-0.0925187955341
-0.316192651001
-0.353723997188
-0.0751351343472
-0.110015562658
-0.337658689553
-0.135975521688
-0.100221410888
-0.0604591371627
0.0378968874555
-0.299045178322
-0.141632316444
-0.285381929621
0.0215792769702
-0.0542810541037
-0.310692434144
-0.251718545526
-0.301902460197
-0.399317435825
-0.0959475689797
-0.387380661267
0.172067196984
-0.0629067131899
0.0392780606208
-0.0504986955706
0.112716579196
-0.259108348266
-0.167989289641
-0.101689980352
-0.180242437202
-0.354790424202
-0.22980502555
-0.0304379191224
0.304285318454
0.0397200690087
-0.0398468855059
-0.0073114914559
-0.227367714188
-0.13684384792
0.070718340255
-0.00979837512033
-0.448469984701
-0.042164217436
-0.0537203470779
0.118736239319
-0.11072036189
-0.266359903918
-0.246836630223
-0.171535758281
-0.293210258059
-0.152538612247
-0.0494708218586
-0.250373196906
0.125731700668
-0.195767092545
-0.191756946615
-0.000199313292756
-0.473910976454
-0.164132067706
-0.362748881256
-0.28750105807
-0.211496898375
-0.0743973824839
-0.106707054437
0.166201282922
0.0913150302193
0.0139897745029
-0.22909229448
0.0662588679568
0.102794658776
-0.142745289342
-0.40761518584
-0.149899850828
-0.203095308901
0.0258231229034
-0.149867671106
0.160450967099
-0.387923867313
-0.455587825919
-0.34177139865
0.203342075251
-0.26526311194
-0.148996884885
-0.143815313077
-0.573864330674
-0.180964298384
-0.0283681201947
-0.223143422867
-0.179681466117
-0.278294677377
-0.410506915589
-0.528172294302
-0.11167018748
-0.12000292289
-0.0894307842212
-0.372441690207
-0.211967230268
-0.0740724452159
-0.0312880471337
0.0719251563405
-0.203077191214
-0.0768192716093
0.0181972220083
-0.116906956513
-0.268684853617
0.178258975608
-0.313122556224
-0.0277783999354
-0.330168703107
-0.157100980245
0.0685539643081
-0.31926156162
-0.228698880908
-0.35507119988
-0.334349681834
-0.100256154133
0.0506159752642
0.104384850031
-0.24165859053
-0.232840495951
0.0424415380434
0.00178821162737
-0.0310562728648
-0.0241483412826
-0.424247305098
-0.187531267907
-0.122492645083
0.135003613052
-0.0548107906845
-0.538542573611
-0.0755279455585
-0.205313323379
0.00901431252033
0.132570124655
-0.165987337533
0.112822294541
-0.33693183807
-0.39730391544
-0.161244195393
-0.326873655571
0.0264569451462
-0.319940653236
-0.227457352869
-0.282380282204
0.176383297194
-0.503156658214
0.0759466482392
-0.0640904243272
0.196668845162
-0.0314272948793
-0.401739130722
-0.325783230172
-0.0643034196381
-0.146825374799
-0.195670533359
-0.200357741754
-0.105874048535
-0.237909001789
-0.174921291229
0.158583508452
-0.356951470875
-0.221790893983
-0.155775696023
-0.0244841031303
-0.175076147866
-0.0727372490494
-0.0304487862437
-0.128032637021
-0.249058457243
-0.179576287392
-0.228452180245
-0.0603933357681
-0.0797089583657
0.0047034084704
-0.132587284175
-0.0804275347811
-0.0075619225213
-0.53125086719
-0.171756162889
-0.156120520316
-0.00126235134497
0.0155310446687
-0.0672845316638
-0.19983914527
-0.0656857025373
-0.0552567339273
-0.17143665032
-0.275279937206
-0.160039445796
-0.19847642752
-0.00237823407336
-0.0642773629755
-0.135747990019
0.0177543509534
-0.0804610276272
-0.177340294715
-0.211261748612
-0.227369419644
-0.0866786521638
-0.131319678574
0.0212233621847
-0.219545408118
-0.236134117437
-0.0278496781869
-0.162732032538
-0.0822243319886
-0.101386177491
-0.25883432254
0.213516352873
0.126059968215
-0.179041051289
-0.112466080454
-0.219006893145
-0.0670938593889
-0.0213641442803
0.0370931672253
-0.0939779566938
-0.0547754256211
-0.0701921444679
-0.193506340345
-0.10665215231
-0.124779625923
0.0219166096676
-0.0531020963495
-0.243963268621
0.0830910315273
-0.223897472465
-0.145283121242
-0.218950682837
-0.0982583316972
-0.453289953701
0.0934473600257
0.0713928340327
-0.249710388908
-0.332558431461
-0.0898576004591
0.0990306843405
-0.0948873120591
-0.0195543259082
0.0567760217707
-0.0722376101765
-0.176886903718
-0.0559852371788
-0.179594653292
-0.324636898495
0.0945812376066
-0.0226333819841
0.127987079688
-0.0786721819636
-0.00415667957345
-0.0209129488131
-0.324522851654
-0.112887916483
-0.149096907311
-0.0528294686612
-0.12454942681
-0.0502083142798
-0.182491144196
-0.0919178631157
-0.331504424613
-0.121204897988
0.0857284339843
-0.218724035658
-0.223120574105
-0.00963074095287
-0.215090483071
-0.266048119054
0.00612281430435
0.0076227621635
-0.271551920672
-0.175677544338
-0.0790724047084
-0.174129005007
-0.0486830442512
0.0234829715156
-0.00666456665238
-0.0415548272029
-0.301017998798
0.00830570982799
-0.190442257237
-0.300624793058
-0.298916183802
-0.165320983243
-0.000586423971365
-0.109452834968
-0.34153627013
-0.0250236899127
-0.311031952247
-0.221419998125
-0.135554831721
-0.457991946883
-0.168771532471
0.07850755861
-0.0232928890933
-0.258937831855
-0.347461718699
0.0721952914252
-0.160863390876
-0.249021684094
-0.173468488418
-0.376519858157
-0.328334857429
-0.300568284032
-0.285010599881
0.119663902325
-0.35161237698
-0.0192027306333
-0.00804941216261
-0.00938546527795
-0.0234469873605
-0.159866431071
-0.236684243784
-0.242009477694
-0.151910005095
-0.0680990320214
0.258855526978
-0.0876588677767
0.0736848510403
-0.119492013544
-0.303380567223
0.13006850208
-0.15835744889
-0.169550975414
-0.808389215763
-0.0429574898356
-0.0777964836812
-0.14061644982
0.120072201168
-0.308478059914
-0.166606866244
0.166450670768
0.0470951245455
-0.116003105079
-0.15619396877
-0.34432829083
-0.128136501367
-0.202002893872
0.225954931782
-0.187334830498
-0.0283031917349
0.00514781206903
-0.126533687389
-0.0257084621098
-0.188827802916
-0.145739264352
-0.12992195274
-0.222828314852
-0.33262934637
0.0257454170962
-0.229825588663
-0.0134856935355
-0.171845568919
-0.290639861686
-0.248448369435
-0.102149430341
-0.350939993101
-0.42218738847
-0.0253130791406
-0.431664213525
0.0476731553594
-0.354410759685
-0.0721613226273
-0.2029957413
0.205881378853
-0.00218503327733
-0.210294351953
-0.149656528974
-0.0834404753993
-0.630433991865
-0.392842504174
-0.508221819249
-0.349495820158
0.12647790658
0.0600598481977
0.0236333302718
-0.0929660053277
-0.0490248309486
0.191136124572
-0.109722154898
0.0787052371402
0.135032786711
0.00821204875633
-0.109736852374
0.0145321266007
-0.645155413859
0.0884209673477
-0.208235316234
0.661107598083
-0.329717259535
-0.215093849148
0.346288263509
-0.118396174512
-0.525593602492
-0.871615594026
-0.0682168834107
-0.29595345144
0.0329831265831
0.323461148525
-0.455276949646
-0.242231071746
0.0422965535363
0.0463034147598
0.130895193389
-0.241223438715
-0.362343488801
-0.301509649804
-0.0508511509787
0.283051462226
0.0892906512422
-0.424700019237
-0.0668295132397
0.0695994347023
0.105264264622
0.23782942411
0.0824273172525
0.0858880309798
-0.317499723031
-0.295265181454
-0.067590934259
-0.128862924469
0.0201366813495
0.0552892104826
-0.44134568495
-0.241860913322
0.0926776491532
-0.459602455558
-0.427887320462
-0.0918558107423
-0.186221719785
-0.142669626558
-0.439642694095
-0.263131179528
0.0532432976022
-0.125731304354
0.218257707719
-0.362544450096
0.199918077046
-0.218533318866
-0.126055740196
-0.177641905902
-0.21306019
-0.189607882824
-0.0807851834191
-0.331748134362
-0.212571204622
-0.0328743671346
-0.293276851625
0.152054294288
0.0505378717804
0.207010880901
0.0890907024999
-0.136504781352
-0.0550257902228
-0.0965714326845
0.0300682137432
-0.136486110016
-0.0742872874792
-0.0928169278778
-0.196694039646
-0.072378872957
-0.11966928027
-0.197242788306
-0.105617607187
-0.345572959191
0.0243024311526
-0.186674753326
0.0695185896484
-0.0880252117387
-0.0584815943441
-0.190775182232
-0.06036006921
-0.153358105457
-0.391823917433
-0.177845999851
-0.328420517136
0.106593815189
0.00623567890858
-0.0106640240119
-0.0500829193775
-0.386712643648
-0.0983512860087
-0.0657757782698
-0.0395697008845
-0.108518507402
-0.169202804159
0.205637547642
-0.118683647719
-0.173896355079
-0.286356516998
-0.264191564545
-0.138497282337
-0.112718469091
-0.467664572531
-0.15616639409
0.0762513623193
-0.131379114703
-0.0820106829979
-0.133562486008
-0.160366318163
0.102784248098
-0.181722022781
-0.10148948506
-0.135755655996
0.213657679401
0.00710629156737
-0.228883370941
-0.0842917958323
-0.157304718836
-0.000157848383114
-0.0248518921765
-0.339712765638
0.0339881172364
0.00578490979969
-0.440929998459
-0.119973018003
-0.176029082931
-0.438747244386
0.0975272462414
-0.263215795076
-0.0426478676125
-0.344953038173
-0.467252194302
-0.0990604869081
0.000597958279404
-0.0809613845334
-0.00262350292447
0.0897814901472
-0.113462732325
-0.137056624305
-0.177631082114
0.0193676785987
-0.211027435293
-0.075992295855
-0.130345139266
-0.191190043922
-0.16146220651
-0.377541108353
-0.176640025107
-0.0393260173105
-0.399244882659
0.00699005231458
-0.168684123263
-0.101272191519
-0.208238767558
-0.116145384753
-0.432963602439
-0.0458188124079
-0.262952393308
0.0827009212017
-0.243021800294
-0.140492836339
-0.42309300201
-0.0204319461579
-0.1453883882
-0.0829070732832
0.009981166896
-0.126915533465
-0.451707498685
-0.302146601836
-0.0736278206649
-0.442871482557
-0.267022652519
-0.209823784935
-0.122477852228
-0.158859972735
-0.38942654845
-0.123964474236
-0.23703011139
-0.356661397279
-0.315756013321
-0.113456353214
-0.0461387669368
-0.0246994659689
-0.306659655116
-0.295606873395
-0.139225747321
-0.327847761206
-0.207802176531
-0.528444352096
-0.438923090824
-0.554932338205
-0.235248571766
0.106997727951
0.0192475918375
-0.00563488248687
-0.0273653961218
-0.148314759665
0.12878202065
0.182443332338
-0.0820107643721
-0.162316739563
0.0770526130247
-0.394122772857
-0.131937867842
-0.462598710151
0.0159435866662
0.0185755988219
0.29004226906
-0.365632713001
-0.00545966320012
0.141692765722
-0.293609488315
-0.208766115196
-0.652651735424
0.0463409713965
-0.241860021624
0.0969831842597
-0.0299879169454
-0.455752955633
-0.39766494983
0.214886387174
-0.0297799980378
-0.14830914664
-0.354983225038
-0.327831410851
-0.0399148622942
-0.150807005456
0.373905206633
-0.105647139356
-0.304872687469
-0.170388607975
-0.111871950604
-0.115253935185
0.298593979749
-0.0091223717186
-0.137178836751
-0.423148440685
-0.364825672949
0.000164857029356
-0.0248919657663
-0.282522758914
-0.0989892572359
-0.261285777635
-0.290493111517
0.0173977399491
-0.301277560497
-0.144718875355
-0.371564919072
-0.416575775632
-0.334522621554
-0.649651652687
-0.298602942536
-0.0214178182913
0.00462056271262
-0.0540890080612
-0.334820871632
0.154646397117
-0.408680561704
-0.403098254559
-0.0865905242156
-0.269378637133
-0.175470851684
-0.0482987307472
-0.205606185858
0.025188651164
-0.133202729863
-0.136253652514
0.14283372176
0.0893895797308
-0.0783700502098
-0.224031714031
-0.250147557929
-0.0807905996947
-0.134094292429
-0.542012298186
-0.134487461123
-0.125243584001
0.0133924871246
-0.0897754212029
-0.210163047481
-0.197711059112
-0.178561186271
-0.449658486774
-0.374082294859
-0.00034108642385
-0.123214712383
-0.161660066746
0.0591900158653
0.0140717596706
-0.153159882789
-0.0273223941865
0.0641561055929
-0.209322232777
-0.0150143276838
-0.431057940926
-0.176266634808
-0.147325617172
0.00867039492676
-0.258201862461
-0.136492920487
-0.382170487076
-0.084990709525
0.0256490406391
0.0958990991395
-0.311514573261
0.0840970423593
0.0120830147535
-0.310467493227
-0.21362441959
-0.148575213389
-0.390684103972
-0.0803752569704
-0.208630749409
0.00422260794808
-0.0225051111895
-0.355840680723
-0.311198640926
-0.207674587743
-0.279507557963
0.0412361600194
-0.175327448579
-0.163119056387
0.107959865778
-0.129411724943
-0.0969590470127
-0.157364635456
0.218062083849
-0.296964273393
-0.0708531854066
-0.0253437061864
-0.169574156004
-0.0978567154968
-0.265018369296
-0.284672414486
-0.0566448783021
0.196995044454
-0.478469045984
0.0344893904022
0.118256004835
0.0159413869715
-0.154542640676
-0.203081751442
-0.279591910014
0.087755959391
-0.0868335862565
-0.275729077105
0.03211349827
-0.368904004703
-0.336382857902
-0.118857343728
0.0187443961206
-0.316753154948
-0.228271927926
0.0192730095796
0.00533879020049
-0.258766328049
-0.0602696247908
-0.114478338743
-0.128354343153
-0.384432927987
-0.224259033462
-0.00405693993249
-0.191518908181
-0.161217184771
-0.267795827789
-0.30308362624
-0.255650654466
-0.240778203118
-0.171012673863
-0.194590324147
-0.225965327845
-0.235205374478
-0.321955793844
-0.203365517116
-0.0647898465264
-0.0206287518188
-0.160560803309
-0.372079912627
-0.0328936068469
-0.13039650303
-0.207655748322
-0.394140273134
-0.273562063122
-0.00403332831359
-0.0237721379377
-0.198625059027
-0.0857274492132
-0.09964334323
-0.309005999999
-0.0139780497074
-0.162561446952
-0.054128032158
-0.118452386522
-0.211683251709
-0.335908897661
-0.0132902740019
-0.0432451526668
-0.341782507899
-2.03629896181
-2.02619093636
-0.28135151663
-3.23902670063
0.447043245907
-0.311624873016
1.92589962393
-1.57278441317
0.140404382793
0.88561119644
0.328087653076
0.64915690808
2.00795384174
0.50590347148
-0.616506291429
-0.43502318428
-2.96995062746
0.798740279933
-0.114675325499
1.19380988431
-1.01114036905
-1.28264681119
0.828393585637
0.817164021126
-0.603166399574
-4.56248829117
-1.28531907352
-0.357356961631
0.785183421054
2.31769814011
-1.73867909759
0.44021758149
1.4372905479
0.635519378931
0.517080382204
-0.687621976504
-1.08402002831
0.349722150446
-0.834700694239
5.25329683827
-0.0386322879016
-0.179823071385
0.750901944548
1.02359021309
1.25266495528
1.36757422368
-1.61990489294
0.258594740533
-1.52346349875
-0.258265409587
-0.323196736653
-1.09704464813
0.507077172986
1.12981466563
-1.63647494048
0.126638624787
0.305814384329
-2.26276002523
-1.7254923342
1.0730874258
-0.142957553403
2.20097413197
-2.07306472115
0.396163157739
0.445201247783
1.21885840142
3.02343198304
-0.692143518555
-0.0371687009475
-0.339339225543
-0.133738093522
-0.0437172068677
-0.249877048524
-0.0495246638507
0.0459894504025
-0.294423165034
0.0246212694272
-0.082872226353
-0.114106342529
-0.183246474228
0.105209581496
-0.0913814478239
-0.223913732814
-0.146798404257
0.0474918890118
-0.0613503869651
0.0164625820078
-0.300120655957
0.0188541328628
-0.388714467512
0.0402225539953
-0.0271026085507
-0.350545583022
-0.323093522173
-0.0601209695569
-0.248293184898
-0.0410224847762
-0.150155405216
-0.235757001267
-0.131252016047
0.180945105951
-0.360883581252
-0.189591584874
-0.202553363205
0.00637169181874
0.0570082787468
-0.2168208341
-0.118187000218
-0.136573269104
-0.217707871567
-0.124061812664
-0.218509246637
-0.261945364616
-0.328147521252
-0.0679863847036
-0.0913869337942
0.170338605655
-0.112351674892
0.00803836788542
-0.272232837963
-0.198191723171
-0.217881561288
-0.142647916172
-0.0656712088055
-0.0559468348193
-0.226507032162
-0.149319025351
0.00770860389245
0.30994135364
-0.00968918020267
-0.269841560962
-0.213463082712
0.0383818481782
-0.059204559584
0.250202319446
0.0171259800353
0.00656383705862
-0.129475652233
0.0327221606705
-0.112855321243
-0.201997932993
-0.321731038525
-0.158341463484
-0.326368861789
-0.100569900297
-0.373625501932
-0.0860578493153
0.00542550530056
-0.26799197783
0.044042568176
0.119594097539
-0.0749975611429
-0.194251780971
-0.269738468094
-0.248039890831
-0.0909371646668
-0.181619712067
0.101400063143
-0.0937675781725
-0.169216692508
-0.0351725859265
-0.222951390176
0.196926411077
-0.277105362544
-0.0891009204801
-0.300143213875
0.123766222647
-0.0326170109994
-0.0922954342104
-0.124381879026
-0.0529174491681
-0.151647634076
-0.347768961159
-0.0563118496856
-0.0582857536291
-0.28241690851
-0.264903516671
-0.420848776964
-0.325010228076
-0.00100326589143
-0.28540515834
-0.154253948068
-0.226959355369
-0.376070880046
-0.135448274231
-0.127766920425
-0.169542363044
-0.123696907921
-0.116968929582
-0.152821759876
-0.131913708663
-0.177968888876
-0.143304644703
-0.140218676274
-0.118135878999
-0.199721849255
-0.033089204671
-0.270649611986
0.101301542943
-0.180065977746
-0.334802037312
-0.00687927961211
-0.38635152046
0.0246014776231
-0.0466669524858
-0.0324445679087
-0.298030903615
-0.104175981554
0.0200566816747
-0.237830656265
-0.211664071338
-0.18108862938
-0.40539322343
-0.206280171196
0.0538083015426
-0.320006226228
-0.149870136594
0.0541516805846
-0.230952508037
-0.144605953575
0.10118004584
-0.0464343220549
-0.00920051230725
-0.227498081308
-0.0618135864457
-0.0130757558097
-0.0979817050435
0.132041570103
-0.0172017662422
0.0161517008592
-0.214822194963
-0.161287874357
-0.0205072890305
-0.401117193784
-0.16981577391
-0.177457997796
-0.170504558058
-0.0665646542457
0.0897146777087
-0.156450142232
-0.149267349842
-0.22460899171
0.103946959988
0.00624877478163
-0.0996766988267
-0.361582688209
-0.35493298083
-0.266702013087
-0.0670096956854
-0.263197530963
-0.0823946952568
-0.265772765921
-0.175338714788
-0.0722481039219
0.0541567535115
-0.0848607736021
-0.200926820802
-0.00881186537313
-0.10773712667
-0.0645537614678
-0.19610803852
-0.0912120882298
-0.282453488834
-0.158286853404
-0.240936500589
-0.0656245108226
0.0598887279849
-0.385748901652
0.0398498674103
-0.225288194318
-0.214512936625
-0.0752032555342
-0.148057103368
-0.135404393081
-0.00851859953583
-0.181816806113
-0.195896503892
-0.271047625119
0.183473392419
-0.348967833566
-0.176049239683
-0.0571437903071
-0.351089890114
0.0718663497844
0.0656839640724
-0.175963712893
-0.0932076603989
-0.269898332043
0.00463655759304
-0.0322227822878
0.0119779988139
0.0335927122527
-0.0857956939584
-0.112851533142
0.031654116393
-0.0306592159771
-0.145396988968
-0.20427399867
-0.0870976295816
0.0236790313129
-0.0804562082514
-0.0120414058702
0.122182143739
-0.235419986133
0.0510165115461
-0.256544945234
-0.198776866963
-0.176763996793
0.0973952848526
-0.00593050508357
-0.0128385775279
-0.516526428583
-0.220445157451
-0.0653922743054
0.0508809083742
-0.129843982711
-0.198870359362
-0.27600610646
-0.132072955944
-0.260616895287
0.00759992641402
-0.279810570432
-0.0612277742629
-0.0846823952533
-0.115523462304
-0.0070792007392
0.127572634068
-0.0999448617182
-0.190987902687
-0.0194815259782
-0.0361491750506
-0.0061626726933
-0.236803363425
-0.186224378836
-0.0956022468006
-0.0794827859956
-0.103400196074
-0.198552938028
0.120790974375
-0.325048697549
-0.00798315761978
0.092453446557
-0.152205105085
-0.126767513515
0.0586620010237
-0.247902107075
-0.166365228598
-0.253388027311
-0.139538151916
-0.0864021385481
-0.112738273512
-0.145581888733
-0.287969758191
-0.211541394652
-0.250353033396
-0.436018050844
-0.386440577296
-0.0060964193328
-0.349222630272
-0.140413391926
0.311227489632
-0.0592926823402
-0.417527793347
-0.0530970322768
0.134247060445
-0.0626674181235
-0.0638702996767
-0.158443086006
-0.0562638506818
-0.206432224356
-0.0425265471708
-0.123549866896
-0.134121558192
-0.219514942356
-0.0509043123177
-0.0541954693518
-0.201627280878
-0.233488819617
-0.340333311041
-0.0833142204462
-0.266325040687
-0.155641382155
-0.152440895099
-0.179322981558
-0.180381281078
-0.265495174099
-0.332075093689
-0.172528576551
-0.14082095915
-0.348006729769
-0.115222720912
-0.0906422959007
-0.180438044769
-0.230870805574
-0.072660413754
-0.2345384642
0.0322114565797
-0.0687200775592
-0.0262166185239
-0.430810790008
-0.138592868217
-0.312907309745
-0.21669833692
-0.157256834717
-0.320467018859
-0.0819280956665
-0.130865151059
-0.162127065488
-0.104800413931
-0.215064897479
-0.279386810776
-0.268925530467
-0.0958076015587
-0.0118345631689
-0.0884307143476
-0.0552459202064
-0.228212857222
-0.224289220098
-0.22827454567
-0.402315538099
-0.154285812615
-0.174913072556
-0.124922413439
0.00317574975464
-0.23004792519
-0.121348822005
-0.143280165133
-0.23284069858
-0.192092660926
-0.103244752946
0.0131576034553
-0.363018158525
-0.315384054945
-0.162461068107
-0.0743105702975
0.0515981422532
-0.0806874254362
-0.0996398612271
0.190593569646
-0.223365790371
-0.129334495848
-0.265938447808
-0.1865592515
-0.17348092728
-0.175950873446
0.113384972526
-0.00704420468003
0.0240563224978
-0.203457751884
0.060389386434
-0.0219342294738
-0.166968119788
-0.0696854025905
0.131889970898
0.0541878713616
-0.159448625429
-0.225177235997
-0.138680704572
-0.159889141568
-0.334408625787
-0.119949717845
-0.250057540328
-0.228363339139
-0.139588025612
-0.1368223752
-0.164490978063
0.102005647326
0.108909181996
0.0156124954614
-0.393518287539
-0.10374073822
0.140792163952
-0.257612660333
-0.312499930113
-0.268401246319
-0.110218504733
0.113936046534
-0.0233100831338
-0.184689442115
-0.43350360109
-0.360284215096
-0.318026862472
-0.13629569713
-0.155685765877
-0.155684977029
-0.252852636603
-0.427906383285
0.0531935966388
0.0237033220331
-0.122672631615
-0.26220054778
-0.071930838239
-0.413263525596
-0.213609742479
-0.0602662766384
-0.139931648425
-0.124871335241
-0.0731758192293
-0.0404926309036
-0.104084474515
-0.0402284689625
0.0154132165338
-0.11506343615
-0.110612985366
0.0408727626286
-0.213156509142
0.153548423735
0.123384316791
-0.00557915311748
-0.0558097832756
-0.281005419953
0.0262377142838
-0.0762659113091
-0.251345350474
0.194503244655
-0.38202684947
0.00999140755208
-0.15171384633
-0.19431092344
-0.116819733992
-0.128524787627
-0.497996043329
-0.101834081924
-0.134027251117
-0.244296208725
-0.19593040551
-0.306560536675
-0.191612969437
-0.0741309174605
-0.232329128105
-0.100219122833
-0.365650237705
0.0148285506255
-0.210598348878
0.0203024896168
-0.00614012916474
-0.179956810907
0.173931557675
0.189769776007
-0.0982862858016
-0.185290074286
-0.165573411591
-0.232200219195
-0.291774582276
-0.0166909780086
-0.108536599294
-0.120973660224
-0.211653695529
-0.0190334929588
-0.192054458359
-0.00396473359957
0.00122851527393
-0.414620530603
-0.32055174533
-0.0103342986539
0.0458431449527
-0.456145217748
-0.202572831698
-0.103917133484
-0.182399236247
-0.12682653995
0.00105859284688
-0.179155799246
-0.124673556969
-0.0713719043903
-0.296432344695
-0.162681634159
0.13114329874
0.0220361292696
0.105641022556
-0.0841892958124
-0.150792339173
-0.254239197386
-0.144116831679
-0.0273034751588
-0.0630687475822
-0.108575025295
-0.0173129974268
0.191986209565
-0.00828386353632
-0.0134847780902
0.0567797334334
-0.0204174705272
-0.246669424964
-0.162075303627
-0.143521295367
-0.208811431072
-0.131656110074
-0.0972510070847
0.205553236997
-0.323038814168
-0.138897540595
-0.206178852962
0.110705847407
0.00590439559003
-0.280683044814
-0.0209945699355
-0.190605990428
-0.269894040686
-0.409982170926
0.0839636487837
-0.365561073104
-0.157283945407
-0.17202574535
-0.079113958725
-0.0616682722976
0.121954911415
0.250113744605
0.0183050394271
-0.223141869781
-0.208354950418
0.0303309497286
0.0458487201012
-0.0772247348922
0.195047760553
0.00128437649964
-0.0397824777751
-0.00292342183829
0.0543732960791
-0.0665974791722
-0.0825755223924
-0.198349377094
0.00478754276305
-0.0255550771538
-0.043983686664
0.0662487405619
-0.151170636746
0.0181305440134
-0.0883764445239
-0.111093434289
0.0998242934833
-0.284148847412
0.119573873235
-0.699523787348
-0.0263076991915
-0.150689848167
0.214272816519
-0.325753914313
-0.164782632772
-0.0289172466567
-0.0452433762564
0.320743961915
0.358656765224
-0.0298090122054
-0.346420232665
-0.0335749624057
-0.259447146587
-0.254569575201
-0.190300214067
-0.210658225275
-0.179548641787
-0.314810365463
-0.131513939171
0.0509511465421
0.033996798833
-0.46737542372
-0.270110574517
-0.0115918671292
-0.198777889411
0.100010520349
-0.121578879763
-0.158402591177
0.0426432683328
0.0302920646504
0.163597256452
-0.139112676967
-0.239906861294
-0.106743725478
-0.216522256773
0.781887703803
-0.00988577892328
0.182152186642
0.119171631931
-0.079867794294
0.439684453732
0.0376178946038
-0.415797634647
-0.00980594648764
-0.226631884446
-0.200304715684
-0.239766179686
-0.384105152841
-0.019362178579
0.16755200735
-0.273389810463
0.0120645263012
-0.111816915773
-0.0649004546799
-0.268868786241
0.506182370604
-0.169388052725
0.491661133135
-0.328748656008
0.344671887025
-0.213485859971
0.292137700592
0.39582127838
-0.152269708301
-0.166366601594
-0.122880180348
-0.308433905024
-0.159739988812
-0.302433973601
0.0649122084475
-0.0280648240592
-0.111747884582
-0.28360546867
-0.128843336569
-0.32820440315
-0.180881946923
-0.0921738951674
-0.0613446419813
-0.278064047652
-0.144388891764
-0.155525844478
0.167006092074
0.143185805431
-0.0874400679847
0.000913994159087
-0.0921896544321
-0.143182016242
0.0268468783321
-0.158557327557
-0.14107659231
-0.0516420098095
-0.181525131929
0.0436504445831
-0.306735549745
-0.00791540883643
-0.150531297718
-0.175725047079
-0.185124916474
-0.151991116693
-0.197511025164
-0.22210131517
-0.0661817924103
-0.326995180277
-0.263307816717
-0.0378600037358
-0.0552399633646
0.0823683499434
-0.13509301219
-0.190315375739
-0.148064711158
-0.0231347129215
-0.117020712223
0.141815916843
-0.0247354828711
-0.190658358796
-0.115000385146
-0.169180246919
0.120737656807
0.0196920567462
-0.185490774096
-0.180387579837
-0.0817929349593
-0.0760080791521
-0.000676414656759
-0.146902976624
-0.150855940339
-0.168990630873
0.0291119692104
-0.0927179840133
-0.111607448333
-0.0475987542083
-0.263786360341
-0.463796545958
-0.0331344591395
-0.11763527756
-0.565743604681
-0.151002760883
-0.0329724315768
-0.33440603464
0.216232643206
0.0476296099371
-0.122271337176
-0.105719458991
0.000965042027602
0.00085719425456
0.0362066899343
-0.125853140105
0.00485437402003
0.0741112636387
-0.239039279801
-0.0244948671162
-0.0876417269326
-0.0312376368481
-0.0487025944926
-0.0798396372318
0.121696256398
-0.0148922069274
-0.0701879606128
-0.145499156962
-0.255339487766
-0.186120345486
0.064487946492
-0.0331018218479
-0.179977260746
-0.0874127774237
-0.0239330121447
-0.178168532002
-0.357036135464
0.104381081456
-0.0313309553884
-0.0231077991347
-0.0221943771334
-0.280697021748
-0.325087997985
-0.0434205208732
-0.175129997233
-0.0353787865048
-0.0790044252944
-0.193620322417
-0.108466009302
0.0446649835962
-0.0989301971746
-0.0560217493035
0.178092614607
-0.103490566638
-0.307532248222
0.126543438975
0.157327613104
0.0888910774001
-0.0489727443216
0.20072006754
-0.0281306224971
-0.0276947428626
-0.133853592976
-0.0656509870302
-0.230028242941
-0.0289786401108
-0.0155949648771
-0.0564492586629
-0.110345364792
-0.0847979666007
-0.0401485664959
-0.107779128684
-0.340938928019
-0.0594729725653
-0.153649298856
-0.0962283777982
-0.299273568289
-0.0173404315206
-0.354431951253
0.0986747548631
-0.465370680406
-0.134127475613
0.0235541595005
-0.50116547772
-0.020168378945
0.0408095943986
0.022620108989
-0.309311043341
-0.0950467576458
0.0285024475389
0.0863880988461
0.092928052114
-0.0283133503186
-0.0445166532136
-0.339820469119
0.0551459172222
-0.203330499161
-0.131704219239
-0.256155211287
-0.173265989423
-0.284056126249
-0.106153570511
0.102253017196
-0.375283951847
-0.0331220029739
-0.101099633883
-0.159297072289
0.0289260012179
-0.237671970504
-0.326599234075
-0.080879453507
-0.266744470288
-0.40131532377
-0.10052160492
-0.124266831996
-0.0743724673475
-0.0575288662499
-0.0846952179124
-0.31067243321
-0.0574189828892
-0.1502398033
-0.2066695805
-0.212129376707
-0.217820560843
-0.340020758242
-0.122872781505
-0.124211642298
-0.0723934129497
0.0276458320327
-0.316392212328
-0.0585317026841
-0.131262845844
-0.310037084319
-0.186753395922
-0.0724387969753
-0.365017523427
-0.065570149527
0.128374415076
0.119157473646
-0.145346184369
-0.0515735108994
-0.187069707879
-0.322956050055
-0.195587529087
-0.208285325847
-0.148319579979
0.051318719801
-0.123113297998
-0.0864449913271
-0.0454207298757
-0.290698834139
-0.131086654762
-0.0780891045906
-0.088554695288
0.0420892187456
0.144574350565
-0.161076006438
-0.151875473389
-0.247511866084
-0.0869858289753
-0.0644906176389
-0.00920332119369
-0.186385370325
-0.0379119341994
0.0265280123132
-0.214161191057
-0.128129310181
-0.276751569101
-0.257984294818
-0.0903058394383
0.148784634414
0.0621041833058
-0.245699197099
0.123195621022
-0.224431779422
-0.31787575911
-0.172465283568
-0.273255696503
-0.179265443956
-0.13889882198
-0.308074204056
-0.0767571223129
-0.218236715155
-0.180173605697
-0.315843208576
-0.14148540667
-0.217026744105
-0.240779488916
-0.334857347006
0.0520157406805
-0.191432411146
0.07080403319
-0.0438781591655
-0.039032249604
-0.179519409056
-0.0643510797229
-0.143593814584
-0.0226175357785
-0.0111527142457
-0.157739662884
-0.194437965796
-0.057615944306
0.0791811584927
-0.0945428254699
-0.268725115942
-0.330449549098
-0.441395067859
-0.0912317431904
-0.113545908305
-0.0790073184346
-0.0819043320517
-0.233367758403
-0.0616581684447
-0.212145764067
-0.0736872414522
-0.193056291324
-0.35874397567
-0.339640175426
-0.334765852397
0.0774079286566
-0.41337965314
0.0301387225154
-0.307705532956
-0.162274515245
-0.0746158531726
0.102674064992
-0.121048333352
-0.244543684096
-0.278737483246
-0.240865789564
-0.127986299358
-0.296980450959
0.0280986865408
-0.12638871083
-0.100396559772
-0.0165667365529
-0.362843440369
0.137102569787
-0.341714699063
0.0472936166644
-0.530708027809
-0.168672691293
0.0751373398824
-0.0618731816166
0.115478632941
-0.0964326137739
-0.231499140353
-0.147204393933
0.123476063677
-0.0907623046057
-0.280782045034
-0.246480746439
-0.312894577689
-0.373791967601
0.0713278159775
-0.075777106891
-0.283454925816
-0.124302990889
-0.328508661704
-0.0282837055499
-0.0397358797289
-0.145380957139
-0.0469734557217
-0.198558080021
-0.368516267114
-0.112693279533
0.0284447154305
-0.135088617169
-0.0717345843094
-0.545981957461
-0.154119734198
-0.185985009541
-0.337709487652
0.183798921504
-0.315331814112
-0.125305769081
-0.138993048763
-0.232069753109
-0.133608286572
0.0378189203937
-0.238852548841
-0.356895820697
-0.176258810356
0.0540336811601
-0.320522837104
-0.0708440092424
-0.0795451117411
-0.124597192659
0.205705735716
-0.115864196394
-0.0664542963246
-0.323026222037
-0.0883166793726
-0.100520659776
-0.102697738659
0.0646990700563
-0.14552933928
-0.0847522231082
-0.180348826177
-0.085368039284
0.0663904143497
-0.0532230994745
-0.057947279541
0.214053414363
0.0571815178245
-0.0510021907977
-0.179892776343
-0.201502161653
-0.123320816012
-0.094650627369
-0.106728998094
-0.0889754474465
-0.0206321308984
0.0980727393268
-0.186767211373
0.00910244805176
-0.245948839021
-0.110460431734
0.0218079826909
-0.0248971414963
-0.192529091834
-0.257929066534
-0.116392295892
-0.024120111847
0.0910908871713
-0.0283836223541
-0.0747127874447
-0.0633675650994
-0.058399658307
0.00525756621607
0.168690592179
-0.0948817778062
-0.248999935813
-0.00620693835135
-0.0055901040179
-0.108352583264
-0.0190759859548
-0.177613133122
-0.0705271439263
-0.0423147970081
0.0937667958687
-0.0551539248464
-0.0598619466867
-0.165257136783
-0.0974971712946
-0.10452471998
-0.185514950028
0.107874495794
-0.13263043758
-0.0345121019481
-0.181296648564
0.0762950766743
0.027396513768
-0.0451752127427
-0.196650167608
-0.269715026081
0.164554270069
-0.15891784109
-0.0345960865465
-0.208617925971
-0.288358508121
-0.221969772777
-0.148558854669
-0.209604582369
-0.104130956623
0.0420340106779
-0.14261650704
-0.115878761306
-0.27661455794
0.0308778645736
-0.28481171169
-0.105904097457
-0.134622911924
-0.0238024123238
-0.326672043455
0.00121169938298
-0.0399834039086
-0.220848220792
-0.46671169996
-0.0605959612226
0.343836125385
-0.115824101795
-0.0368732906948
-0.255219962837
-0.338466769622
-0.0552024903446
-0.200246054778
-0.209965579315
-0.0654024443397
0.0249373290071
-0.311770269513
0.0742010094468
-0.255745197644
-0.0403589822232
-0.708781105445
-0.0637582385694
-0.318488833112
-0.0500571381663
-0.0424036961204
-0.0804514886572
-0.185759308272
-0.143197425094
-0.0869729892314
-0.222334959593
-0.132725322779
-0.0133607331435
-0.0078622326774
-0.256275983255
-0.0801364784233
-0.0922653315041
-0.250756520139
-0.073907950359
0.0108967264104
0.107022362908
-0.441529260574
-0.167628086596
-0.265126487689
-0.147093271521
-0.115690096302
-0.0692438253715
-0.143127747057
-0.50836992369
-0.0999206625528
-0.0183622767522
-0.109458821408
-1.03891082324
-0.357480199038
-0.842752816396
0.129604074112
-0.064464522704
0.121849681035
-0.00862793370967
-0.155727294494
0.0610029523991
0.238080371371
-0.115394440016
0.0913818247592
-0.0142901933032
-0.155978114675
-0.0288603039735
0.00356981860525
-0.405540997089
0.299847301399
0.177580912118
0.835063487752
-0.360949986611
0.0460381735604
0.38067541742
-0.275069292885
-0.49487157845
-1.06273448663
-0.035891862632
-0.0752895076472
0.172137787522
0.147973827954
-0.462531574052
-0.157854253614
0.127745507443
0.278682076948
-0.0821285482811
-0.264632305457
-0.311016527834
-0.196804275525
-0.244596971889
0.176838782128
-0.0539460607431
-0.661318057853
0.100834345077
-0.00226595293741
0.120205915874
0.37607190964
-0.142836103787
0.218620320348
-0.195158125632
-0.449519281981
-0.142613571863
0.287455614503
-0.233328796888
-0.164228890841
-0.0253230082094
0.0205387011466
0.0498604744377
-0.65904692549
-0.116344984113
-0.526216032623
-0.0310909026878
0.149342586939
-0.369668577108
-0.219343803366
0.182819794624
0.0472393339743
0.108834226712
-0.469969198543
0.209871590763
-0.210195928306
-1.12119916179
-1.17415067379
-0.568123858177
-1.23107791172
0.0528284109905
-0.0872488581766
0.450173350387
-0.621645815338
0.0703634800122
0.128213257817
-0.200952761342
0.171457184408
0.494423163303
0.0631324173328
-0.423952193574
-0.0295701150038
-1.2653230799
0.0725636536546
-0.225850883958
0.402937149561
-0.389390367296
-0.66325153983
0.388931300089
-0.0322241179708
-0.275220471399
-1.69860573459
-0.693759956083
-0.297375411071
0.0232930141719
0.74896698738
-0.734045249688
-0.0329829144571
0.349595953959
0.0650087465114
0.0545413457387
-0.26006570165
-0.766613360177
-0.0157785990407
-0.553867327887
1.47473925662
-0.137534969402
-0.126303367318
0.0677385239342
0.08834059245
0.44247453897
0.47793103922
-0.679119595098
-0.0512099363719
-0.687311843617
-0.407908170405
-0.242047391292
-0.464796276648
0.0103083777747
0.129526059517
-0.938653726455
-0.143328236193
-0.173441556144
-1.03902029939
-0.724324727107
0.278376769956
-0.12178735222
0.676212330247
-0.928617350195
-0.0475871488708
-0.0777668450399
0.381752800372
0.82808854863
-0.466559944854
0.00769350693653
-0.215933900147
-0.289375688422
0.0215433162622
-0.258329303469
-0.243921592034
-0.239359363975
-0.24290906907
-8.76126921377e-06
-0.349522384075
-0.156579957874
-0.0538328644408
0.0809440457345
-0.0280856935302
-0.139513615867
-0.277767182051
-0.072458560564
-0.0855339698973
-0.162987999693
-0.0496356540446
-0.170406362968
-0.301410746621
-0.282134495816
-0.164879966953
-0.374684807725
-0.150036032696
-0.174153937267
-0.210404986233
-0.151632605002
-0.0452296514743
-0.172335006299
-0.245101329777
0.0166005576173
-0.229410066475
-0.204542415504
-0.0444952936128
-0.275138722856
-0.19579868704
-0.220144972948
-0.144303299514
-0.224387431122
-0.170144436028
0.189204151883
-0.368632027675
-0.243283213136
-0.177914531566
0.0146894429592
-0.123104746213
-0.228026208333
-0.07669548179
-0.0268135593383
-0.236484855877
-0.240514833634
-0.412229520437
-0.213030536543
-0.143166169511
-0.315091240339
-0.140464692822
-0.205213156216
0.0766149222128
-0.0812822935252
-0.102176564837
-0.461624826839
-0.103326217505
-0.181700938819
0.0237835506628
-0.0366486291846
-0.0670795149095
-0.057421082703
-0.173276469068
-0.186281595158
-0.193197810596
-0.0563182365495
0.0420434033956
-0.539736303225
-0.18508148801
0.0723449398462
-0.28036757406
0.0153196207534
0.0338345722847
-0.26419117295
-0.0399240791394
-0.0821204968198
-0.264877922876
-0.0621448309498
-0.146133130775
0.069616447491
0.0300985084971
-0.0417339216989
0.0634189935966
0.147635209781
-0.0612634179985
-0.153089745815
-0.0913216530091
0.254291755682
-0.344727175138
-0.209163594431
-0.366372758081
-0.226723385934
-0.261359977079
-0.0627820573809
-0.00142389446698
-0.261523141199
-0.211546727533
-0.0200106852963
-0.138113402943
-0.0311979846478
-0.152377084843
-0.406631187663
-0.258882870366
-0.225322801258
-0.10358380412
-0.115265137899
-0.370232371072
-0.0517779737709
-0.0857247913424
0.100715297871
0.0353049490662
-0.0789786572491
-0.102288970868
-0.0827773404537
-0.172368347524
0.0152885643712
0.0437993764738
-0.184941772552
-0.46278853864
-0.23196719918
-0.266600082085
-0.213261835742
-0.280050717728
-0.156761166278
-0.262370687787
-0.0212109462552
-0.0403256186946
-0.407533659487
-0.285655683273
0.179097472109
0.0180524419551
-0.198577053735
-0.24185470469
-0.221114384822
-0.295034753862
-0.00627557119119
-0.00956977827264
-0.234423911127
-0.324335080015
0.335916615922
-0.277904010227
-0.00848301645515
-0.223342601167
-0.20985040447
0.00370902046901
0.207926239955
0.058813734328
-0.110823452014
-0.118483387859
-0.159241324098
0.0996009296446
-0.154316128436
-0.0282869120834
-0.0675360241455
0.0574557657457
-0.0551227679563
-0.229503101003
-0.0792079483116
-0.139645924626
-0.297581782572
-0.0769566130437
-0.0643434104239
-0.252422438549
-0.0509042677507
0.0468592994788
-0.170289097816
-0.0990294529019
-0.109731692924
-0.134682084299
-0.0970408220302
-0.291842027406
-0.255663226954
-0.302480078107
-0.0578862715456
-0.276584608239
-0.184692182198
-0.0454772774348
-0.320855609634
-0.262061566713
-0.132670782617
0.0318438759564
-0.119536179217
-0.182564123938
-0.0215136375186
-0.479047205063
-0.233646686439
-0.0634068649217
-0.158102110999
-0.401565943064
-0.154942852093
-0.122427885146
-0.0219251683274
-0.0448409859751
-0.082027930502
-0.34004610564
-0.107870688102
-0.100094713861
-0.186050219131
-0.0979825758859
-0.0547834791067
-0.286447615225
-0.219908612381
-0.0698707453066
-0.191512680315
-0.183500816091
-0.310189944131
-0.322174677729
-0.274673952359
-0.513624508203
0.0140400571153
-0.356032375759
0.0861415751178
-0.244596620167
-0.187849756144
-0.0708212549048
-0.194222898298
-0.1810389174
-0.0977792079501
0.0812486907435
-0.0993093982979
-0.0176848352546
-0.369399320599
0.0573345922803
0.101427950498
-0.0549450276843
-0.258137132998
-0.261847703206
-0.0907058147358
-0.377482097115
-0.0299458321832
-0.530787496787
-0.177850840137
-0.364197235837
0.0862388791315
0.170914857027
-0.261746269504
-0.27404100682
-0.0669047588915
-0.12968451071
-0.0545517487489
-0.0470493775038
-0.287875046186
-0.170276685414
-0.213053360289
0.303055228983
-0.0938134737796
-0.534603714988
-0.249065784449
-0.0942781405224
0.143673465927
0.0138553173472
-0.0951638354014
-0.138661370931
-0.12127412633
-0.3086108357
-0.415318337117
-0.412783948866
-0.165731342457
-0.14207321019
-0.411256901638
-0.114210236017
-0.114214064638
-0.40033760548
-0.11850708474
-0.196365678459
-0.360123141851
-0.112709029904
-0.46307370611
-0.181293664725
-0.26906815914
-0.00681975817655
0.0652279603888
-0.109920082494
-0.093188667392
-0.344133680467
-0.137114650702
0.143478037735
-0.269909944976
-0.201718535728
0.065350174016
-0.247170505913
-0.119654773813
0.196254554892
0.0121329636348
-0.111749483283
0.00082933571289
-0.280120123201
-0.369897568257
-0.257946746313
0.115820508486
0.0189598603482
-0.133222835851
-0.0348703972234
-0.11844299405
0.0375704641001
-0.205295590922
-0.0214761870513
0.00234030321037
-0.259722435535
-0.146512932317
0.0850781821386
-0.151741695637
-0.0318052818094
-0.0171307161249
0.0439459521623
-0.0714034393646
-0.245763186457
-0.0410015633485
-0.0488069953691
0.118063905319
0.0358049838486
-0.190353505692
-0.382905839581
-0.214282993027
-0.279252003461
-0.0889867112215
-0.190243876493
0.136602868646
-0.0121004515589
0.0261412661742
0.0653093287638
-0.106723470875
-0.306599558557
-0.154359713518
-0.39949569401
-0.289679448617
0.299021590877
-0.190174315541
-0.16670556615
-0.120465006406
-0.252057047541
-0.0837503627586
-0.101239330955
-0.186198186231
-0.253324882442
-0.257782787303
-0.159910680846
-0.0184511316236
-0.00253471376073
-0.276818212745
-0.181890019672
-0.306234414885
-0.00154336549444
-0.115041582221
-0.302172363148
0.107954203593
-0.253378269577
-0.238054499209
0.512957192676
-0.19067103677
-0.853315740643
-0.0162832832801
-0.0770567217609
-0.0713383252148
0.0924223165867
-0.229508587323
-0.132135656586
0.02481662421
-0.190444330775
-0.456535065936
-0.285157583842
-0.128017744005
-0.762556884578
0.0536617357886
0.299709699211
-1.03490074171
-0.727386958076
0.149886563339
-0.362057587149
0.106032373883
-0.120258731908
-0.67918902592
0.126348967285
-0.088109688387
-0.216518049899
-0.185294449141
0.151334758489
-0.107439530025
-0.0692392523025
0.149504499208
-1.0891499288
-0.290655018864
-0.350539181588
-0.686229852099
-0.23080725606
0.0920790073757
0.414953092157
-0.268839045336
-0.04895501205
-0.322628678008
-0.165680147656
0.889044159948
-0.158377740136
-0.0427493524865
-0.197115852898
-0.974910280459
0.0797446679064
-0.40800221232
0.169031145598
-0.812622374375
-0.0273245885314
-0.608760902454
0.29249326527
0.062924497766
-0.340756814044
-0.429708293649
-0.126034684113
-0.537947007097
-0.585607184669
0.500880349042
-0.240676238228
-0.568937615563
-0.19539736929
0.349164021625
-0.456142370504
0.310083392279
-0.598140012614
0.930158880918
0.00335933970581
0.885326119702
0.490874858117
0.247891929762
-0.299946298191
0.103482006391
0.183796532144
0.0884687753664
0.102378395468
-0.448802914539
-0.27399393172
-0.460220322282
-0.149802586538
-0.536781409045
-0.537759788614
-0.00181099080307
-0.315092205082
0.0718887056516
0.34452018599
-0.401191485818
0.19073790087
-0.346342081786
0.384661897983
0.13103033117
0.16879801289
0.0764086293955
0.0402855885594
0.210260257045
-0.0130118538314
-0.194465653602
0.418284984477
0.0890229799098
0.32734211455
0.176057162562
-0.041037413284
0.173244579102
0.370307167365
0.196975789915
0.130797040768
-0.266660753302
0.277806681484
0.181489986134
-0.646469082671
0.865575078129
0.175893678703
0.0669378578931
0.00483539988439
0.326981818896
-0.700665520779
-0.257732170233
0.445862561282
0.17989323472
-0.0750480518354
0.173050781531
-0.215870807848
-0.125514139085
-0.369447787242
0.357495216592
-0.108509537281
-0.149168020321
0.811319972291
-0.224617879139
0.0761482784865
0.260433213642
0.19561598156
0.0666578771494
-0.157711418912
-0.586955972883
-0.347488386728
-0.683063260585
0.43184103795
-0.0944008003459
-0.0585769758926
0.0296551324089
0.0894199435217
-0.00605192054864
-0.0272640786995
0.082841662228
-0.21381367215
0.172722740049
-0.239155621055
0.72795455404
0.0746779555086
-0.614908986048
0.181041794656
0.314782539331
-0.144420060706
-0.331287509905
-0.715964903839
-0.136499888469
-0.687546181438
0.240555656376
0.293823971514
-0.0877147867647
0.282116552924
-0.12931027036
-0.242894102055
-0.0434592484867
0.213461270686
-0.0211928349337
0.71830763325
0.296220623474
-0.545014433383
-0.0594652174025
-0.397704311431
-0.33618064385
0.15388484522
0.753826513424
0.409429275422
-0.307746799833
0.324491131362
0.39944150102
0.0039619088646
0.366691437217
-0.44601811805
-0.213332751638
-0.18409866137
-0.136291660431
-0.976642647614
-0.0505948358411
0.281213823968
0.0264762628593
-0.216085428288
-0.282272142707
-0.243777417229
-0.276663131664
0.134466296591
0.131381311483
0.312750941012
-0.162825707706
0.75390585581
1.17489115836
0.511983918852
0.0237633048648
0.0429542629117
0.222104605366
-0.0846694169907
0.712633307996
-0.261840126219
0.718627605884
-0.525427659761
0.708977656876
0.317876578851
-0.110731863631
-0.104643669323
-0.103947214319
-0.160653075444
0.00539413313707
0.0623665777306
0.292455557529
0.253751039741
-0.224088778463
0.0837051744715
-0.198143613356
-0.195282230065
-0.419108221842
-0.105247949806
0.0875601307341
0.423162186845
0.324935817446
0.106768376302
-0.160575280185
0.146615717156
0.112899849038
-0.200487906071
-0.342162175305
0.0299089095554
-0.284987259461
-0.242932210782
-0.00190618481926
0.477662999376
0.00254001193811
0.296224548281
-0.288204430208
-0.340077392132
0.114606703772
-0.261504033667
-0.648626638342
-0.0402393652624
0.739540914751
-0.0729918021648
-0.226330560184
-0.21129934685
1.40709614306
0.588350302353
0.119681114901
-0.0869268183186
-0.162901734385
0.141702216612
0.157014920489
0.352558910039
0.277633442018
-0.553933265099
0.280489926583
0.17124001533
0.218676294181
0.204351204493
0.0822087923245
0.239634771411
0.195174801556
-0.244140244087
-1.1219957789
0.349561018892
0.097801341789
0.0838331040462
-0.299397947076
-0.269781787736
-0.857374786171
0.251867905343
-1.07430553446
0.205438513865
0.860212586611
-0.0569600730717
0.483181999786
-0.211760213841
-0.0192230885976
0.746664221841
0.296224417834
0.0403287158713
0.561112333864
-0.197334531716
-0.628452870346
-0.29847693238
0.340241950044
-0.0527587261705
0.186860783266
-0.196215388402
-0.287933766807
-0.576772833151
-0.27475486793
-0.611671584563
0.203169028419
0.288961326972
-0.321716931634
-0.0386347446654
0.204115890721
0.0819113686756
0.152912311964
0.198182470845
-0.487288123084
-0.13122484045
-0.0485207211578
0.0175513397676
0.340232110686
-0.0556077136275
0.232775082693
0.596334639341
0.462809981652
-0.0263671859136
0.231618993072
0.467590691287
0.320077037084
-0.137641660517
-0.95152641314
-0.203102976331
-0.0429868221941
-0.161481071488
-0.164600296015
0.342670888793
0.058984308146
0.178177585882
-0.00992992717802
0.418870000326
0.0232753817426
-0.228483138264
-0.433237548178
-0.716335915845
0.267606202131
-0.000346986164861
-0.528875154477
0.448434517952
0.385180641614
0.0309497588585
-0.0432123190726
-0.358722244742
0.272796109747
-0.0813294890767
1.38050652419
-0.125442770369
1.58905356758
0.349881844448
-0.375999637326
-0.471327519364
0.377009267376
-0.257054323535
-0.760927190062
-0.977974514326
-0.84317933127
-1.09993145583
-0.218866972883
0.0666333585693
-0.913000267052
0.0684917598322
0.104656413567
0.269041562223
-0.530036967188
-0.261922055996
-0.44415571211
0.565118569872
-0.634418501359
0.150534979924
-0.365395425324
-0.610260117609
-0.192705942048
-0.352807720487
-0.275455369678
-0.281672544695
-0.419346462804
0.648066359712
-0.586672795691
-0.15913801657
-0.0476688198823
-0.467598673346
-0.783493239785
-0.305877212677
-1.19525723156
-0.177434970615
-0.741433509853
0.240907769534
-0.732153182207
-1.11866240763
-0.510411289752
0.00913483798004
0.343133723163
-0.123093901375
-0.378950373112
-0.892817578105
-0.694992268559
-0.382447874406
-0.301432021344
-0.690317520861
-0.63520107284
0.93836260931
-0.667138085879
-0.818547615744
-0.124300069358
-0.226086520596
-0.68050859669
-0.182362556151
0.154837393395
-1.52216240372
0.699596848422
0.379992925672
-0.941047644534
-0.450394851797
-0.120250547998
-0.663995137809
-0.117688733704
0.215790690009
-0.172561888208
-0.401786172993
0.563410278695
-0.329332871494
-0.599834505459
0.105533248093
-0.269685167349
0.236046559574
-0.485747467266
0.135509090029
-0.0490803949136
-0.230332285121
-0.130161369356
0.194348551561
-0.160928059637
-0.17669552051
-0.43567884586
-0.15200345402
-0.477444005141
0.301413385866
0.311213327287
-0.177179210089
-0.511344719855
-0.0190894318117
-0.67350244841
-0.298360485326
-0.652437523105
-0.268418907923
-0.464742637852
-0.451501176433
-0.175297774249
0.332526328965
-0.385018943225
0.520904837306
-0.586158077223
0.170481062188
0.00384974687943
-0.510549569961
-0.490259318966
0.0300851813144
0.217394389209
-0.512799048006
-0.180589806018
0.0543997032289
-1.19472350477
-0.177493768181
-0.175012185637
-0.207709465077
-0.195309949125
0.095583998587
0.417465966621
0.228794667662
0.205283540753
-0.598838335121
0.107562913929
0.444957859318
-0.502267204647
0.220666039016
-0.45178716236
0.0843717441879
0.000444529162267
-0.750721029866
-0.253199870949
0.136133566846
-0.418999925269
0.116676762203
-0.530873443788
0.142318625388
-0.452509771916
-0.441186170334
-0.629884319779
-0.367411897377
0.167041558571
-0.148689764919
0.185586113052
-0.726746326331
-0.210015420775
0.136944718901
-0.301412801538
-0.342367026653
0.0826973336335
0.324901836784
-0.39585477806
-0.337874567342
-0.402710185801
0.0129465293504
-0.358385893619
0.0835739820441
-0.25078335904
-0.712421407865
0.122796457318
-0.350762566168
-0.0948261030836
0.15672155436
-0.0500672672464
-0.0295413075277
-0.502751162253
-0.395600762688
-0.101748021996
0.0694970306058
0.0895656916588
0.093283864431
-0.326345567017
-0.808539413237
-0.585990495659
-0.494235518239
-0.440968163474
-0.39697207632
0.0955613879194
-0.3713465749
-0.446366661394
-0.46107555858
-0.147030315636
0.0270785073247
-1.28708990325
-0.0334019010181
-0.309688811932
-0.581601004667
-0.534421191795
0.418083894978
-0.0349945392581
-0.514444442205
-0.179684950258
0.12360833889
-0.240797751019
-0.351682233415
-0.289508273972
-0.47898757481
-0.643265557056
0.192446701301
-0.152247448765
-0.294538101159
-0.241979571182
0.445780725378
-0.498504808024
-0.760028799232
-0.435139602449
-0.758136826308
-1.02477622247
0.0824703074173
-1.79548462408
-0.562983939941
0.0623889807944
-0.540391305597
-0.191579229331
-0.188271812389
0.425618423157
-0.285713385034
0.191291070129
-0.156385788474
-0.240088496963
-0.267072049922
1.88089808994
-0.0253528372569
-0.669121743107
-0.55012117117
0.0300519959377
-0.12478861481
-0.271625503536
-0.5927029812
0.0667665465049
0.152733004689
0.337951658809
-0.143879887775
-0.404169210351
-0.059432248758
-0.0419545359689
-0.00313556434472
-0.264993389753
-0.00630637766246
-0.947358588498
0.300974999955
-0.701629859481
-0.0757527260609
-0.318975346474
-0.200047419405
-0.0158226876546
-0.365036698926
-0.174496664958
-0.247218449876
0.0434449465228
-0.173282013961
-0.290899203597
-0.276619432577
-0.224314870473
0.0941533868405
-0.57859599226
-0.383986915474
-0.270627533894
-0.23857928048
-0.0368974090557
0.456787713529
-0.23269204117
-0.763436556568
-0.0718363510154
0.539208439331
-0.603706791902
0.175584904529
-0.286234890908
0.0120756294256
0.39613404086
-0.0403416368005
-0.261835191103
-0.399543186129
-0.0281285904484
-0.205578078257
-0.249490099338
0.229947786704