4
8
70
70
9
-1.47082419195
0.0828104327915
-1.31773107376
0.871361144393
-0.625956314757
-0.764407590709
-0.599380930727
-0.390724784429
-0.429174209105
-0.239138239562
-2.02668972882
0.911316612769
-0.656612750108
0.0522059565813
0.584908685062
-1.01811267207
-0.399165923649
1.15915939531
-1.46565375608
0.614563500293
-0.711754351289
-0.761877004618
-0.881025375247
0.433187973442
-2.71008392526
0.864722189054
0.612500728938
0.0740640348585
-1.21549625096
0.0792623863165
0.742929952407
-0.473470980135
-1.18812995824
0.677490278622
1.58093540458
-0.739837464111
-1.11200881847
0.434311494807
-0.85708159804
0.346744585139
-0.777526172652
1.43892295967
-0.730128437282
-0.857081676055
-2.00225410139
0.662066853454
-1.99592843796
-1.4427148402
0.46307147441
0.656389892251
-0.31504063606
-1.4660637687
-0.0872562445355
-2.37544590946
-0.720394190818
0.28120464329
-1.10041501722
0.821121186454
-0.430990284468
-0.550644368405
-1.44450519106
1.11864419739
-0.228088670573
0.46959049416
-1.34501811617
0.933327898603
-0.665305111491
-0.241542401541
-1.48104439689
-0.200588874227
-2.26822693853
-1.49453171474
0.442332762158
-2.41948307724
-0.530518137034
-0.638155751558
-1.05420372668
0.890129727055
-0.0355966112971
0.526190601098
0.737975017803
0.0360853195168
-0.110840047337
-5.04112576751
-1.04364067546
0.661214272023
0.536055987711
-0.0232876911453
1.12400569271
0.89498408797
0.412650837178
0.195162271743
0.717100900072
1.30872871074
-1.59031974848
1.11625442826
-0.330752864241
-1.02064746816
-1.26626408695
-0.830590767599
-0.47144907613
-1.93179913172
-0.867046869987
0.396207335598
-0.750130211244
-1.28776993029
0.24728098777
-0.130643547976
1.09069422029
0.0638221887792
-0.804703216008
-1.92716002101
-0.247835688666
0.331029445614
0.606550189538
-0.669605889021
-1.31707110055
0.565769363287
1.26294063301
-1.78154628164
-0.928151970852
-2.52663975954
-0.239433320963
-0.74580283517
-0.67295503257
4.63910731261
1.35253119575
0.00544845018722
0.306387584914
0.799731402945
0.737269730251
-0.670766403421
-0.130326216508
-0.762526798342
-0.194953759483
-0.659433180916
2.25637733998
-0.0883033598993
-0.859951767775
-0.618611568011
-3.91279914545
-3.01582152937
-2.67059319555
-2.4339831298
-1.25048321681
-5.70150049891
0.923230863993
-0.710910098045
-2.9099714798
-0.207204492478
-0.139255994449
-0.922285211156
-0.316330162791
-0.761345778569
3.6514466341
2.75685241945
-0.375911882843
0.161600089579
-0.324223620181
0.687312273081
-0.109788097987
-0.497445553334
-3.93208572452
-1.35186507456
-0.724603016156
0.350843352824
-0.171140321451
0.531172254394
0.139877086202
0.110080725886
-1.58110234329
-1.18934866982
-0.00218795259813
-0.265885579119
-0.270484404815
-0.271997646375
0.010072747362
-1.01905926783
0.172509171722
-1.20235219327
-0.564688447462
-0.51484721516
-0.284347712025
-1.10022534971
-0.446018664197
-0.573271566244
0.285862967051
5.11605677575
-0.58997393094
-1.19045991599
-0.203850616926
-2.81787439015
-0.987619945449
-2.71320092388
5.70316492813
7.72720525401
-2.55197912931
-0.165220145592
-0.157843526065
0.127859530627
-0.0714685541264
-0.516491175296
-1.53715138459
-0.792099174825
-0.528182970408
0.96741990601
0.233223972477
1.28440206231
0.682610833747
0.392686859963
-0.773796580512
-3.95293092171
0.772013184171
-0.388964633542
-0.408929787109
-0.715950472463
-0.539151315767
-0.972899187751
0.647228330209
2.76847947968
-1.03656226613
-0.503748668139
-0.401420384796
-0.848340026237
-0.438261569755
-1.60470590789
0.778292639094
2.23482905131
-1.24729178946
-0.0942926018333
-0.0306899348546
-0.102479459316
-0.106342834168
-0.1939252315
0.107433396253
-0.260669175621
-0.150139190461
-0.427850814406
-0.409684738014
-0.2292757881
-0.150352886132
-0.00832901244384
-3.67243349511
3.13161021723
-0.592703899756
0.152786832491
-0.0989271174596
0.329996605994
0.0962178907748
-0.276432831831
-0.153312449231
-1.24403579736
-0.12985168415
-0.297555256738
-0.518120315719
-0.492293585551
-0.389435116875
-1.33749206964
0.065084591425
0.336297054648
-1.00961777861
-0.573424429228
-0.500493001356
-0.61803447395
-0.432550883193
-2.1897526231
-0.944070455109
2.21284505919
-1.98264461425
-0.755591499808
-0.244482816308
-0.819221978948
-0.319027416702
-1.37362506923
2.80436561016
2.68589987904
-1.04538927131
-0.187024584031
-0.123379640423
-0.497473055999
-0.341740133484
-1.60346328304
1.56594327294
0.977887077621
-1.19101987549
-0.264538217751
-0.508443059308
-0.213133061896
-0.423345813493
-1.10956439051
-3.77250076117
0.0939240472494
-1.19793369349
-1.07698207884
0.0504491772602
-1.98988247425
-0.832426162776
-0.873355145118
2.58995932766
7.89448249791
-1.50924697295
0.129219171309
-0.312387241294
0.351297418821
0.0580646298691
-1.4107592392
-4.05942368675
-0.823385470304
-1.81994166709
0.1164662844
-0.102941258634
-0.0264025067379
-0.171198233074
-0.515675182332
0.315828643265
-0.634562838939
-0.186112855666
-0.384275952452
-0.317441965233
-0.360783014779
-0.328773089473
-0.76584629898
-0.218200464281
0.716043105681
-0.542004328698
-0.311611142355
-0.434655558288
-0.903677302314
-0.438652543639
-0.72987611849
1.38081002365
2.64670219374
-0.675121522355
0.123973842417
-0.454699066167
0.672161602496
0.0635670333536
-1.04584728228
-3.86266635742
-1.62562749277
-1.30264218349
-0.0704991565154
0.0786649891078
-0.120482165445
-0.0705472398397
0.0920828794343
0.057407703875
-0.164751899663
-0.139389605274
-0.490029340018
-0.635200018434
-0.440502911569
-0.53934086454
-1.48992621451
-1.86552910978
0.992220243942
-1.64233609266
-0.120413518954
-0.590583718069
0.275653619404
-0.00789240402639
-0.726836197365
-3.95608831874
-0.130117955172
-0.888686483193
-0.138519432765
-0.330771023083
-0.0137564836298
0.0177108401973
-0.800388231716
-2.99724470258
-0.302743621306
-1.02605870654
-0.226500794051
-0.290050201873
-0.787605521695
-0.299096534701
-0.58516322577
2.66054181904
2.11500062835
-0.412691146796
0.104023911487
-0.582035794375
0.145268731916
-0.115911504631
-0.890261144269
-2.52806401773
-0.615898938081
-1.03199632269
0.24458277192
-0.428653447858
0.807203267617
-0.0318454069225
-0.574263045881
-5.40075719832
-1.92866155692
-0.867395815814
-0.539991027839
-0.402964204163
-1.21574225709
-0.601638207572
-2.70153351715
4.03516079125
3.49702081206
-1.97709721689
0.0234423339159
-0.0177341104727
-0.111780695824
-0.255220106053
-0.0516610501374
-0.159313716216
-0.612974924494
0.0666319986189
-0.384513324268
-0.639369078335
-0.325818404133
-0.183244534615
-1.32214340875
-1.74629551593
2.80217062086
-1.48045379685
-0.367780098152
-0.969294445036
-0.330087474169
-0.549299453437
-1.99538369953
-2.99956602781
0.612215574515
-1.928315641
-0.0390166617343
-0.118541605338
-0.407416159319
-0.206846119982
-0.921427707698
1.3574599883
0.365448612716
-0.928014958368
-0.163773813775
-0.332123614767
-0.267550241515
-0.274008873634
-0.767061445927
0.389630788032
0.567092377315
-0.507327252807
-0.247630063029
-0.540288357388
-0.26909905591
-0.31625446406
-0.846673167092
-1.33384741505
-0.762022250701
-0.749845630718
-0.669076066645
-0.294630884595
-1.10152362589
-0.409173070142
-1.61363722781
3.57310347583
3.00788175986
-1.14347321921
-0.534262905715
-0.756807843587
-0.291927977819
-0.632461030161
-1.23964612292
-0.628100632113
0.4372700868
-1.03185624603
-0.352628133917
-0.338122794442
-0.583577020431
-0.467208427657
-0.624026458268
0.925553041791
0.790682095992
-0.758548346987
-0.185920789982
-0.672135351735
-0.247230532663
-0.279384235019
-1.9554636048
-3.53108258791
0.231076622504
-2.21220311179
-0.403074844635
-0.498333621827
-1.05702534788
-0.239044056001
-2.12077424014
2.17279886348
3.55013807623
-1.81274515994
-0.5528672752
-0.321710169913
-1.18766983217
-0.688128461579
-1.43807994736
2.53035950047
3.70371786173
-1.07660870327
-0.321896307082
0.233237415773
-0.67461693289
-0.197068810348
0.0905284826694
2.01180597016
3.94998376808
-0.135382263662
-0.322129248395
-0.734478527556
-0.43591936875
-0.460923825482
-1.31039843584
-0.598411535154
-0.0518292816909
-1.22662174878
0.0637720946013
-0.134918558533
-0.128266142286
-0.150539171053
0.0911170082096
0.206850779219
0.237312639793
0.0971618549282
-0.556464854455
0.0501614934869
-1.03978937867
-0.378365348617
-1.65515129024
3.80440076856
3.30330404883
-1.4308551451
0.178179220662
-0.456986664631
0.976913899025
0.342140954883
0.172506966503
-3.85250861857
-3.35057269086
0.0241582616653
-0.632931678587
-0.480367104657
-1.30875357156
-0.78129719461
-1.4127722639
0.287421708504
3.58159802894
-1.28193408199
-0.661335640821
-0.551011400853
-0.725164695689
-0.433810743311
-1.29861407461
0.978345290475
1.8985874523
-0.941360290989
-0.299490637609
-0.163645178232
-0.260877864904
-0.03491091565
-0.291317681502
0.653530927135
0.389259452263
-0.373510348666
-0.251337205051
-0.557762699159
-0.180306737776
-0.287220299453
-0.793143849039
-0.168391609678
-0.35463515411
-0.681713481813
0.0352338186205
-0.228316431226
-0.0346632284576
-0.0908923628496
-0.176443335264
0.0815063458939
-0.0845603459865
-0.104388307635
-0.660067756704
-0.264746247061
-0.829550394224
-0.374752855377
-1.81353633086
2.55806001753
2.79233144146
-1.63437779049
-0.387600753575
-0.269295241756
-0.690227507671
-0.104456916721
-1.50340077457
-1.04672406535
3.57021847582
-1.43471421644
-0.899900111925
-0.264644133665
-1.63507253225
-0.68677945406
-1.25705728853
2.67034584996
6.20689459202
-1.20317942391
-0.124495386898
-0.571468779177
-0.129315986374
-0.225516932537
-1.82758786837
-2.93449636528
1.21674637373
-2.14495970229
0.215512810603
-0.0362085184291
0.454391005948
0.147493463208
-0.488329405885
-2.61598089438
-1.58793013496
-0.808495631034
0.338438659242
-0.0525185145834
0.165112801524
0.206083582545
-0.682816182194
-1.61379016986
-1.29297711487
-0.771822922355
-0.306198399939
-0.0991838119366
-0.608991509439
-0.0654524834524
-0.793990497324
1.57243840852
1.30589597816
-0.614406612911
0.40321349668
-0.0864295999995
0.28326082657
0.0767130998149
-1.59409904247
-0.349788497615
-2.0793585067
-0.904917126925
-0.545654849732
-0.409220609589
-0.932795107342
-0.599206831187
-1.03468450313
0.740656768244
1.983515256
-1.05350759209
-0.617810524601
-0.559900897567
-0.243534877914
-0.446482221335
-1.00319721602
-1.90037274896
0.283202468551
-0.859690951756
-0.205518550997
-0.153436027226
-0.228103415829
0.045432539285
-0.589654326601
0.983909541223
0.233939682153
-0.352462053491
-0.352983152945
-0.681795094331
-0.196067222378
-0.316776222363
-1.55883534955
-2.45296158471
0.00136076080333
-1.64410156741
-1.0051640577
-0.252773390875
-1.95968099655
-0.867169241551
-1.27072322118
1.71552257722
7.89937013521
-1.89685617856
-0.261061275248
-0.0957278124036
0.131879289703
-0.128561783338
-0.557622336065
-1.20781737157
-0.991896474156
-0.73628912223
-0.940501479963
0.008030722754
-2.21103291119
-0.740828314862
-1.92003479224
4.45215944129
7.35698641494
-1.994968847
-0.536558593675
-0.549657245593
-0.946544458608
-0.554602171297
-1.32125176723
0.933603336119
2.41054748101
-1.11191022965
-0.22977085823
-0.619017106077
-0.351543548885
-1.31112529005
1.38794879546
0.471600537116
-0.365181850244
-1.40378090501
0.257130391428
-0.0779277981143
-0.195389034558
1.37821187456
-0.954561630487
-0.664882855349
-0.0757416649286
-0.197035972587
-0.645199756168
-0.138188852465
2.04025228365
-0.516659351949
-0.54750594952
-0.0137626755522
0.352789641353
-0.862247817256
-0.188244253134
-0.00761611410755
0.0360137037348
-0.338160660174
-0.166570197373
-0.391852983124
-0.452033758729
-0.529599232831
-0.386263200817
0.522843617113
-0.363916515672
-0.645058117625
-0.375949679256
-0.611630573197
-0.117457875014
-0.384700575479
-0.27701392665
-0.389076670021
0.225509588212
0.400777520382
0.725165745545
-0.664837400999
-0.287224943935
-0.266513584002
-0.973950211887
0.506056976959
0.0621489681963
-0.243672073135
-0.708976674386
-0.174076979552
-0.214206531399
0.91884763374
1.12883775278
0.108109187076
-0.868337050778
-0.949618322698
-0.322755905867
-1.64342432037
0.0962795844066
-0.235949219276
-0.354846541416
-0.463302225888
1.85102562172
-0.621563128878
1.028546113
0.0978473228175
-0.736212240726
0.560822388261
0.119130586526
0.142009871342
-0.314448296444
-1.29012713907
-0.00247053560949
0.164261851829
-0.157123751138
-0.39737413454
-0.00977849144536
0.512270406731
0.00396532684848
0.0354809925908
-0.376505739593
-0.34466073912
-0.547951899867
0.620304623305
-0.644853645099
0.718625265765
-0.242874430652
-0.0377951927887
-0.398981992068
0.671734294627
0.063165206148
0.0810934919844
0.328572026439
0.296810839043
-0.683372724083
0.483984999828
0.418733370566
-0.658477592053
0.0411544267958
0.0971220118273
0.33517685025
-0.318266187511
-0.349816259251
0.25502232943
-0.52325189025
0.123514627321
-0.19220513276
0.421792588478
-0.348868753369
-0.727145587686
-0.781542205483
0.189754136469
-0.0202969751202
-0.644930032753
0.450237779641
-0.378985065017
-0.309229139279
-0.22836254876
0.0739810679915
0.0117112154584
-0.482098427994
0.206237385995
-0.601961285191
0.50389305742
0.311162443288
0.131895385309
-0.286445057241
0.470147638131
-0.344776203737
0.375696745615
-0.103525969733
0.459719184781
-0.660836569195
0.335118827537
-0.981423345186
-0.220553931576
-0.487250515999
0.0213200728824
0.35572756024
0.123682553142
-0.438166898584
-0.895040039683
-0.258102228835
0.313157126926
-0.292880509631
-0.402026823734
-0.172921286583
-0.639249381568
-0.109768263972
-0.207250581475
-0.140363440824
-0.173237871287
-0.106339768827
-0.411088365065
-0.624944088707
-0.0441669991903
-0.0231694008946
-0.232997993128
-0.267813396161
0.0046840692331
0.095436265449
-0.31443995267
-0.167705423431
-0.165562739634
-0.292603954623
-0.229897495369
-0.152155192512
-0.384438245691
0.00889990146533
-0.342446473974
-0.186389235352
-0.170680591417
-0.12583183428
-0.0344571888382
-0.364204135446
-0.108211446581
-0.123458745414
-0.457597913295
-0.33146733636
-0.378833427158
-0.38232819612
0.00466012682274
-0.0956498349699
-0.299507727736
-0.0368932452488
-0.465401930462
-0.32882222301
-0.294622890751
-0.280683782054
-0.192061529951
-0.35284568627
-0.584457324874
-0.469761438815
-0.491304471385
0.0634258117751
0.0178102513906
-0.265495249648
0.174379276458
-0.350323242792
-0.193557735526
-0.181991482795
-0.150997373901
-0.809494297337
-0.180474377405
-0.770445259488
-0.252719598483
-0.0824790495375
-0.117012384998
-0.120574360027
-0.409520144525
0.047281693116
-0.0578506542529
-0.123596374801
-0.0855895952133
0.0602861362255
0.00744228294244
-0.114884207069
-0.138759293448
0.000937182525492
-0.019275415967
-0.125190619504
-0.113884665813
-0.208450601017
-0.0833095495845
-0.228565156504
0.0134289591258
0.102941454442
0.010691801674
-0.0412116008237
-0.177684813563
-0.0359968631869
0.100832932083
-0.189487064355
0.0174963479956
-0.0142027838277
-0.132233395332
-0.363218167565
0.068604598391
-0.0919543723832
-0.0932140035849
-0.143391238594
0.369234501175
-0.209234395263
-0.215895447754
-0.165204826454
0.143335495608
0.0150461734988
-0.115593513568
0.0692662793531
-0.0467337430269
-0.172011967315
-0.203408143434
-0.18784271936
0.015692199404
-0.33937493277
-0.0298979531355
-0.152456726625
-0.21385681568
-0.10377403973
-0.177976014194
-0.138913824297
-0.0293019320144
0.0309109686149
-0.103618404269
-0.0977525966635
0.0960269263669
-0.10391454079
0.0148553842574
0.153322457495
-0.261761274671
-0.23393908285
-0.23635153486
-0.184987270443
-0.191638479855
-0.0018022875271
0.00246479534564
-0.123810007661
-0.212096797768
-0.189664624443
-0.116303872567
-0.114812623127
-0.00611735034313
-0.190704142732
-0.214636238317
-0.244581079968
-0.149518651072
-0.0277843238791
-0.279108244881
-0.2187028912
-0.242235822924
-0.315390498036
-0.233427638736
0.077324093715
-0.287427952285
0.039705899591
-0.261608411452
-0.0280073423499
-0.140425073094
-0.0137817112817
-0.503663624783
0.0472315974599
-0.170952343894
-0.284726362389
-0.228707601381
-0.307541856387
-0.119840282159
-0.201493399848
-0.097250486913
0.0296320936437
-0.0483472136561
-0.330402164321
-0.0459503899169
0.113661922957
-0.433481027338
0.0276252719834
-0.0676295036175
-0.0849178577278
-0.555699102856
0.0459852237643
-0.0469502372756
-0.136740967833
-0.176360158164
-0.161485818818
-0.0353048287139
-0.231192562399
-0.0586545631488
-0.103723168981
0.054135152659
-0.212735942646
-0.0318741487202
0.0819648402976
-0.15649322846
-0.145675569052
-0.232585045557
-0.137241505449
-0.206244173869
-0.23384365837
-0.30332231846
-0.158788755347
-0.0573412110589
-0.12274414716
-0.0352749328783
-0.0840447962247
-0.328782793647
-0.0496993976811
-0.0499477603861
-0.196279758011
-0.121307414768
-0.0851350362058
-0.652768404496
-0.213717123226
-0.327074664644
-0.0699936663686
-0.190559273656
-0.000783789558065
-0.199288798493
0.0167306796957
-0.357507559084
-0.0781704499071
-0.283022835794
-0.132080418914
-0.10447863819
-0.357497115747
-0.0330830791839
-0.28860824698
-0.35668296706
-0.301487409551
-0.164876337102
-0.203656337276
-0.151765409524
0.00485698284865
-0.107087945826
-0.0604073172175
-0.133405434563
-0.434880603853
-0.215618979173
-0.0643521547924
-0.332108305911
-0.257746897232
-0.428213392074
-0.33677959984
-0.130282686083
0.0288878317884
-0.296778100974
-0.160114401373
-0.312800891622
-0.126926276065
-0.220703423202
-0.204060264151
-0.210680505064
-0.207832762521
-0.364006532947
-0.043321562239
-0.203844884687
-0.337044248477
-0.200414985532
-0.201291505096
-0.168182582821
-0.0972965658929
0.26189170576
-0.164074913862
-0.0534686436102
-0.282130832161
-0.214027475171
0.00994391762527
-0.270037100805
-0.122765495558
-0.308137779538
-0.211141542852
-0.481066413634
-0.202184360339
-0.244484990247
-0.187237677901
-0.224189232045
-0.212011105066
-0.190534972734
-0.180561159125
0.0907175542655
-0.0518156775811
-0.231583246459
-0.00410814462299
-0.525711554364
0.080078258891
-0.0125760373666
-0.267268685754
-0.28215870013
-0.104023407307
-0.209193610952
-0.103644194483
-0.475146432603
-0.199755905215
-0.327875066611
-0.326890990032
-0.042833114027
-0.32169711299
0.00739491439326
-0.118623983627
-0.0410765043694
-0.231373211933
0.0328669304928
0.0771169438609
-0.0752526373781
-0.149711770022
-0.167247875134
-0.12092673421
0.0215531893196
-0.0774484538063
-0.386764697703
-0.173391605647
0.0490006764109
-0.289201361384
-0.249765574045
0.0342292195824
-0.147027061416
-0.200111844162
-0.137262387516
-0.137269968989
-0.273042574201
-0.300298031875
-0.215590989712
-0.422322062938
-0.361514044534
-0.00168803110683
-0.322271369295
0.0956967261751
-0.202011557536
-0.244136380349
-0.230711387203
-0.0383436055338
0.0990560605708
-0.302116816324
-0.173415696703
-0.353855746697
-0.0180702807542
0.171479583723
0.201601377093
-0.11772847242
0.0241459662573
-0.513378462139
-0.0884029654395
-0.0266561286559
0.0209045227597
-0.496465078033
-0.23261040203
-0.608128364994
-0.162226328294
-0.554118637289
0.0639386142816
0.0691705368075
0.0479685366451
-0.556575084667
-0.686814764841
-0.26870770775
0.130525605028
-0.505816878142
-0.21194601665
0.0435943352065
-0.415925038108
-0.0404935686357
-0.248941109362
-0.334841336418
-0.294648823954
-0.288532735309
-0.257428894451
-0.522998559041
-0.299652311008
0.0821239158882
-0.0772450691582
-0.48304936483
-0.201476989421
-0.137719234507
-0.299114038715
-0.105819799882
-0.157920362688
-0.229419962036
-0.212820142998
-0.320316955833
-0.266559803505
-0.166420465735
-0.436265467325
-0.385259060229
-0.156444857234
-0.362109627096
-0.396112763501
-0.473289859895
-0.195048337081
-0.0812536169194
-0.501418152052
-0.212300669983
-0.485470914142
-0.385956039064
-0.108099300344
-0.304414308297
-0.496162295405
-0.0575182181592
-0.432723781726
-0.343362007539
0.102968978384
0.00526039242253
-0.0842827954101
-0.332652737503
-0.444906287795
-0.462302355665
-0.284731426416
-0.102610096432
0.0388730470149
-0.089592526629
-0.112926978002
-0.165852600524
-0.539182771098
-0.225996574464
-0.367648021043
-0.665615906902
-0.297352568855
-0.36901051075
-0.531027975589
-0.155987843329
-0.351870525215
-0.144999965273
0.0109162308091
-0.427236257396
-0.687576655133
-0.0568559850874
0.064797326871
-0.204964196029
-0.262347483612
0.00056644611711
-0.246822172833
-0.0312316903202
-0.475932494037
-0.387059087633
-0.271039923313
-0.106799254477
-0.312177931387
-0.572107704983
-0.16890188737
-0.229402323517
-0.261583845798
-0.0561315751941
-0.269375248627
-0.0902522701325
-0.145163546735
-0.198525594934
-0.292943286973
-0.122399165327
-0.10384337095
0.105174918767
-0.296970425775
-0.0166220500628
-0.448527913904
-0.239369133072
-0.0935565558668
-0.0298681106407
-0.230389658835
-0.420217212713
-0.283898039896
-0.271865491437
-0.376100688889
-0.293810770618
-0.359943177332
-0.240934749487
-0.403464570145
-0.0551523103562
-0.381302171281
0.156973035115
-0.208090322988
-0.126561415052
0.0709687528134
-0.0872365925569
0.0297666329683
-0.419744987486
-0.388904737765
-0.230896715587
-0.191945699075
-0.0346400800482
-0.315157346491
-0.109707195309
0.10956842448
-0.191905701065
-0.453017632055
0.0135337569404
-0.0441676514838
-0.609630197233
-0.136232080055
-0.653485057131
-0.348782276592
-0.201779775588
-0.193035189278
-0.270856627543
-0.0945731231971
-0.426172040781
-0.740464715989
0.132561048322
0.369767323337
-0.398915271257
-0.433529811116
0.0309104456228
-0.341480628826
0.0661189854072
-0.259279024254
-0.593842684449
-0.231834552212
-0.269089737684
-0.299635191824
-0.910389798057
-0.162873260709
0.0257135569272
0.110451390677
-0.422321203436
0.0752506728657
0.0858330297319
-0.226308938574
-0.213271037106
-0.266822836773
-0.281549944952
-0.165404179492
-0.00632215943858
-0.453479536004
0.0191883762599
-0.413814142008
-0.233370599455
-0.16504613709
-0.227987129943
0.0925831203627
-0.33919868375
-0.202579866829
-0.16055514278
-0.145979513967
-0.55908993028
-0.436384607774
-0.503011828956
-0.092430282733
-0.10537134499
-0.352463614825
-0.0121535559329
-0.378022888379
-0.26976273854
0.0422809383043
-0.0396610965389
0.0313214322721
-0.495871011536
-0.553143034105
-0.582390541865
-0.333237139443
0.202047058464
0.0345883197627
-0.176825353076
0.00549035613578
-0.453842877832
-0.280788121248
0.0342082444623
-0.225782680997
-0.875326842768
-0.101309221579
-0.791850295425
-0.471903757016
0.0491297483803
-0.413589246316
-0.214791865814
-0.218194862722
-0.347270768967
-0.418534252092
-0.287718983109
0.220915835239
-0.250155153326
-0.195141574605
0.00511194126945
-0.443013265028
-0.0593694370364
-0.106145814082
-0.399768092722
0.0893972262143
-0.0536341434548
-0.39266356584
-0.387902287071
-0.521214129373
0.0415384491069
-0.280735022728
-0.186947954846
-0.318796458037
-0.205042959361
-0.324176767164
-0.22441998613
-0.294384198158
0.122002869099
-0.16534210508
-0.38161523362
-0.175828409744
-0.165298168137
-0.37258009497
-0.463098719671
-0.188829705744
-0.0754203136103
-0.133641432888
-0.156029955457
-0.285975746288
0.0591603511535
-0.292317099746
-0.0490929816265
-0.230461310714
0.163694279149
-0.146267952041
-0.0687028577983
-0.165859976992
-0.0906345989444
-0.12318342017
-0.21372827629
-0.0591851221219
-0.251609430012
0.0706375992172
-0.118340812954
-0.510482025952
-0.25688773583
-0.160896034469
-0.306088854732
-0.126504170407
-0.0198436649512
0.00306389825496
-0.0405972980161
-0.355321062893
-0.0828683166845
-0.575747404848
-0.441445503206
-0.165026909114
-0.342483751272
-0.250231459185
-0.278383787978
-0.198213634923
0.0556330429147
-0.0247385239672
-0.291888045065
-0.455514762387
-0.273773782597
-0.0632392934341
-0.0509788496167
-0.327716594537
0.207332453134
-0.336829018908
-0.280414437382
0.0677600124549
-0.319954314198
-0.0177404138323
-0.132227088149
-0.674431401361
-0.377283005517
-0.284919078418
-0.242654828609
-0.211713473725
-0.0251537128658
-0.193807661634
0.0405504697871
-0.271390094228
-0.251573174084
-0.344304251212
-0.211752886809
-0.0135231459464
-0.163100794902
-0.180467552701
-0.222705827538
-0.23413441855
-0.242876643124
0.0975202098133
-0.144525046853
-0.129385995472
-0.268530963367
-0.219342448115
-0.0762386358741
-0.201583634699
-0.238717590763
-0.310959817737
-0.182567226604
-0.33592368984
-0.132227616236
-0.265779649327
-0.407185877883
-0.0981845398841
-0.0624756717931
-0.192232093513
-0.0839253897991
-0.288816404756
-0.0341296965711
-0.156724658366
-0.41248227186
-0.394528839157
-0.314806474832
-0.159890538678
-0.253540914449
-0.162323502329
-0.411024593579
-0.0386604103541
-0.161858613876
-0.449578955473
-0.471102117084
-0.384329781875
-0.36873460697
-0.154924735332
-0.387327511325
-0.0782823418157
-0.000135995520613
-0.285728170748
-0.172893153841
-0.340500147674
-0.033786333477
-0.462304677515
-0.218696629588
-0.175739854811
-0.142073522842
-0.252512387728
-0.0504621506693
-0.146187834852
-0.30136462145
-0.161960196751
-0.39830309525
-0.290235437235
-0.287617090308
-0.150734180497
-0.15943020102
-0.0617296131775
-0.138007451906
-0.137422884984
-0.0748776987977
-0.236370291476
-0.403080906973
-0.0908171492355
-0.250959566695
-0.229534255705
-0.132576064637
-0.482432295144
-0.0869644538129
-0.216048355928
-0.236675202733
-0.045397225339
-0.161400397282
-0.127046181608
-0.201517873909
-0.0382083816961
-0.20644505249
-0.195586998989
-0.341713898484
-0.403639960036
-0.326602661118
-0.150955534651
-0.217719788515
-0.318019791213
-0.128022401179
-0.301902397717
-0.425135421592
-0.00131010898975
-0.142300418849
0.00757059423958
-0.267080121259
-0.311616330258
-0.244706363599
-0.291797507393
-0.385251535335
-0.130742765198
-0.198372463409
-0.185567603914
0.0179322917146
-0.126598622249
-0.0427693961052
-0.146492289712
-0.218327686489
-0.169865354005
-0.398855016972
-0.214547854539
1.27526377012
-2.20076987506
-1.2757793046
-0.356794304422
0.0940532959048
3.33291090397
-1.07936638794
-1.80261221278
0.209560610639
0.502409627517
-0.22275486174
-2.12552338302
-0.581481324902
-0.111292281032
-0.118887657083
1.47891557735
0.785766543379
-1.8896283979
1.7404028288
-1.61937656056
-0.221290001342
-0.338830796036
0.51443783664
-1.88145075459
-0.0629531309181
-0.7189822121
-2.13671993284
-1.67475709241
0.838488902802
-1.29727708725
-2.85401713868
2.41007068861
-0.523614495567
-0.711921765511
-1.23323177723
0.57398602459
0.048002765324
-0.946410349829
1.75006909915
-0.438158805884
0.317231628225
-1.40130958086
1.44593212077
1.29186237233
0.477807842356
-0.404267022089
-0.36021288346
2.08588298037
-2.8515541986
0.336845170222
0.401873973577
-0.0474414962397
-0.359843452145
-0.0755750459422
1.42458306807
-0.229818919206
1.49956360854
-1.0311258158
-1.5563744512
-1.00499792307
0.681849656545
-0.365888317412
0.28420503503
-1.16138319029
0.336024621826
-1.07660917229
1.25141675039
-0.761224207919
2.6687995037
0.562938007027
-0.679599023416
0.105965268451
-0.021296357064
0.0121767689261
-0.483627075271
-1.43157325904
0.26281773208
0.248694458797
-0.592554719378
-0.331849115441
-0.0439334577003
0.154933188893
0.0232635081159
0.303080995958
0.0450295908882
-0.541037633423
-0.188593882762
0.154652528161
-0.938016374772
0.443813052348
0.0141186973925
0.00111247806609
-0.437581399579
0.362227180402
0.00458046288788
0.0697811297096
0.325735786957
0.117520372319
-0.542922055618
0.362762144044
0.517532219056
-0.749646795136
-0.182805438406
-0.28677252848
0.290986121827
-0.180941431214
-0.261986853048
0.212310214348
-0.713991794101
-0.0620268775372
-0.11844213612
0.196485738982
-0.460625705632
-0.770770109441
-0.590453474215
-0.181493832925
-0.205766802476
-0.602051304294
0.671960572336
-0.480043846731
-0.433990192361
-0.32865977864
-0.0294095049308
-0.0827706673111
-0.41440140032
-0.344022608846
-0.932477316453
0.0973401639795
0.207080002691
0.14744853742
-0.21150873497
0.0327542784534
-0.380698772897
0.0493630011862
-0.197021668315
0.250924834013
-0.834760832745
-0.066239139202
-1.11355113491
-0.179235309475
-0.0858130016966
-0.0790851886192
0.0590405535679
0.126644839705
-0.406968956626
-0.548465055532
-0.230887493513
0.308869651541
-0.0835795435063
-0.435092440262
0.0527806160963
-0.460727593828
0.0247029397644
-0.218054737155
-0.536798923553
-0.206452363786
-0.149859790233
-0.248068282643
-0.536822347947
-0.541086675034
-0.0860889861807
-0.222381113221
-0.172174350696
-0.250346184923
0.300148086484
-0.379183535093
-0.359953564191
-0.330093543143
-0.0126657165909
-0.431894226904
-0.369306636033
-0.200928814795
0.168807274993
-0.672515889768
-0.489780953742
-0.0497650025226
-0.108697587949
-0.243891292435
-0.00551335151904
-0.198332948122
-0.0347451570608
-0.548712021071
-0.101764685909
-0.179555815782
-0.0350002580758
-0.0539102681676
-0.102031712519
-0.250781473148
-0.0346333068822
-0.366841067565
-0.133181885101
0.0671460384132
-0.0909379443872
0.0515518659541
-0.40058325642
-0.440800315679
-0.400522604853
-0.555524670029
0.0628080400425
-0.270869724172
0.0555729340994
0.0694503501596
-0.375291410221
-0.317696699589
-0.0421204834363
-0.0802034667679
-0.800804572045
-0.107118449234
-0.498366840011
-0.583097638109
-0.429218281279
-0.215128790991
-0.00744924867233
-0.000159185456468
-0.408755840112
-1.01960699509
-0.0755127610115
0.393614317407
-0.282246198038
-0.403187638964
0.203520947269
-0.312540639092
0.219475701577
-0.062172446331
-0.218252476302
-0.22062029415
0.0114915310437
-0.253065214074
-0.556086947347
-0.181129993951
-0.0931543574858
-0.377538230569
-0.302633010972
-0.0480564670486
-0.153224756053
-0.461455990075
-0.118090767972
-0.174790912763
-0.00765740986925
-0.321904359711
-0.0258945423074
-0.4750405244
-0.0102017054097
-0.734274251057
-0.616676058162
-0.294283433848
-0.172548995786
-0.102766357316
-0.241477461669
-0.174175428738
-0.125725932575
-0.475041504844
-0.521527099245
-0.354001693781
-0.233785767159
0.000858733215158
0.114044287259
-0.0565861409623
-0.0157757341733
-0.456293980899
-0.413328793095
-0.0970699866388
-0.120932637456
-0.0848427349698
-0.403227365497
-0.569919137819
-0.745973286436
-0.347606041205
0.0361596310107
-0.227081838088
-0.220057581488
-0.0751546505988
-0.312422830899
-0.181923804956
-0.0584164061084
-0.221745329647
-0.67333752364
0.104144077257
-0.514927273
-0.179322243803
-0.258262855321
-0.304432617586
-0.0193154946452
-0.190431073608
-0.209093996406
-0.117275071257
-0.307521581125
0.109187196093
0.00420992771411
-0.22612412527
0.0254260262165
-0.252894559185
-0.337622930887
-0.51149092315
-0.253693677702
0.092507978298
-0.333372132234
-0.277914430765
-0.335108992206
-0.121935495764
0.107962437695
-0.00530379240244
-0.0318744574028
-0.364140135177
0.0372031316514
-0.307588674515
-0.202578876405
-0.366934176392
-0.217645046859
-0.102572580549
-0.463111318049
-0.233804721148
-0.0559877886814
-0.147199740905
-0.311880610144
-0.171806916774
-0.0542570537445
-0.209734500726
-0.116641592823
-0.173983955414
0.057348273093
-0.179982465181
-0.21858776236
-0.0703659991392
-0.0383702110195
-0.316048784246
0.0739001375204
-0.0449789844979
-0.503868712602
-0.191596574172
-0.140729282675
-0.100425364669
-0.239912891493
0.0846208999693
-0.164693416076
-0.403439325236
-0.100472774547
-0.186188578479
-0.374943102311
0.0571220078969
-0.0106052027875
-0.289835164571
-0.342266397366
-0.354304007604
-0.0269425155176
-0.376900219033
-0.113939734821
-0.309626058542
-0.0275453369893
-0.200976159679
-0.337318341555
-0.144126651022
0.111108774788
-0.357810404956
-0.337748750152
-0.46920129857
-0.0160480104964
-0.242847965772
-0.289445632348
-0.508413240054
-0.163913679422
-0.518948213556
0.0171665725563
-0.12750176104
-0.604451572529
-0.271846489906
-0.406027662939
-0.385594038803
-0.687821391396
0.0513180845942
-0.234248351451
-0.269949070742
-0.379150358822
-0.328100118266
0.275107171608
-0.351341663451
-0.230059820644
-0.262709503559
-0.428395677869
-0.229172163597
-0.212339420194
-0.350005395186
-0.0799587487491
-0.360657475178
-0.405104512332
-0.0640367351652
0.03800388071
-0.0813378549749
-0.0187064359017
-0.363313761892
-0.0419544435919
-0.285585712381
-0.286878179808
-0.195983606932
-0.405231779611
-0.296727404728
-0.207942478154
-0.228627869362
-0.303980021216
-0.264709856091
-0.116294683275
-0.0220185617259
-0.31371673657
-0.0509027449675
-0.271680103491
-0.378570551829
-0.549941983521
-0.398645692732
-0.131975999218
-0.112205133457
0.0603032753175
-0.254233028169
-0.373629064223
-0.0866911847547
-0.163743783743
-0.292846918294
-0.490272592202
0.0094548903254
-0.47919740816
-0.47629570951
-0.470995040287
0.12546626118
0.0299065195563
0.0777472355345
-0.687600788482
-1.31346270206
-0.101520298592
0.517705752813
-0.441575117498
-0.539836952302
-0.0522067504831
-0.404862147856
0.2541575654
-0.345129084378
-0.302953675329
-0.425671632642
-0.19971017075
-0.0623005244619
-1.04579210999
-0.0636874792393
0.276803071813
-0.215143098596
-0.434252952545
0.133678015313
0.2976957518
-0.0768121887885
-0.130141128488
-0.219099279664
-0.28541303049
0.12189421506
0.0476671977147
-0.673913895837
0.088250253625
-0.459169552417
-0.21399575342
-0.484452295471
-0.21367363659
0.0707590873224
-0.60566138466
-0.332306173572
-0.208346347873
-0.382920745174
-0.613843855178
-0.457020932723
-0.577405152168
-0.209534701988
-0.0681978487167
-0.666281046239
0.295231213232
-0.62890214085
-0.44926596665
-0.202990876639
-0.0716252705618
-0.104186343559
-0.500862338324
-0.683974508904
-0.987724456625
-0.43992786633
0.0909802460761
0.0137951782127
-0.214802356715
0.0956013096261
-0.217094991951
-0.217563881662
-0.189225892947
-0.247998899696
-1.06039855892
0.133737280784
-1.35804640885
-0.453176673381
-0.0896075123212
-0.388318824142
-0.0154968517523
-0.147317344307
-0.471334476849
-0.580772034148
-0.0351253155478
0.0259832006299
-0.353725139238
-0.102253313452
0.0291316268029
-0.469256009765
0.245159944771
-0.26914778006
-0.201891160814
-0.227442518621
-0.232676669129
-0.265562968546
-0.289890299133
-0.339294610596
-0.245903603118
-0.227519764742
-0.156306781588
-0.208816356904
-0.0416306229133
-0.354327635678
-0.146870904042
-0.485863240443
-0.190617086455
-0.293805298165
-0.2036829696
-0.283642728327
-0.152222540107
-0.300604890362
-0.409685657111
-0.128716795258
-0.0740994279562
-0.288685635831
-0.140076203433
-0.3412792497
-0.271062038087
-0.341222776846
-0.431103131862
-0.430828601711
-0.496746530544
-0.323793727557
0.152771285662
-0.334639764153
0.00958981459315
-0.397633140084
-0.278285358853
0.32543599918
-0.0976362900873
-0.0800197570202
-0.170969349528
-0.420024380175
-0.60997978361
-0.404216977604
-0.3156567554
-0.128352465699
-0.0832142539072
0.122524756435
-0.317569803306
-0.213751721629
0.0696152813899
-0.111469329258
-0.672085021962
0.0776416230626
-0.665544202089
-0.295072128356
-0.0519516656487
-0.494612998049
-0.158946509729
-0.443513751189
-0.111650326391
-0.174256824797
-0.0949758917193
0.0284941557037
-0.0955459250537
-0.584151788739
0.0832861247443
-0.417748540616
-0.0128529824641
-0.229085535792
-0.22283591878
-0.1789034274
-0.126395251315
-0.602100083563
-0.193658665668
-0.3278118877
-0.112725476904
-0.0385164737062
-0.155637408539
-0.243451674096
0.106232197867
-0.538338318178
-0.471003735476
-0.207827682577
-0.118222898464
-0.305990075724
-0.415075324635
-0.0764657016946
-0.0208271633498
-0.254744420455
-0.295714404328
-0.057355562814
0.0770191562564
-0.089220581487
-0.0302409662563
-0.124461278638
-0.000897413890818
-0.278356303633
-0.264521882414
-0.137709086838
-0.0429615219965
-0.18721272689
-0.0747768272753
-0.104435877033
-0.318922761812
-0.00110526477908
-0.236400247512
-0.0863737834171
-0.32224052268
-0.111010221758
-0.082531976775
-0.115180962193
-0.210265669594
-0.134966705197
-0.0687351650675
-0.234551087608
-0.1699657531
-0.222745092564
-0.0948863979807
-0.279030714488
0.224237686228
-0.376685342019
-0.11444926359
-0.155114243597
-0.0728333800406
-0.0260244208524
-0.177034249769
-0.0251560043896
0.0178795816296
-0.168196941896
-0.269951926368
-0.840540482111
-0.0651936631379
0.158532733712
-0.137183948757
-0.391834474101
-0.155414298496
-0.576267332776
0.066613642519
-0.296117122439
-0.39294840317
-0.473331197051
-0.346574697073
-0.398939253632
-0.638568210744
-0.247327329591
0.0708239691757
-0.245186222473
-0.267752125023
-0.295725614863
-0.16711793177
-0.0814522031531
-0.223948873467
-0.0682289019208
-0.39811182006
-0.233817010982
0.0165869212034
-0.489421946424
0.0531165166265
-0.596471547114
-0.408413172452
-0.212221762753
-0.0160010898305
-0.202961555882
-0.261590919103
-0.223157832385
-0.0549969439251
-0.369961166914
-0.41433286116
-0.30717929192
-0.183828901519
-0.116520429454
-0.0726677413953
-0.493104703276
0.0964374310968
-0.491405057512
-0.272969008198
-0.0727555117664
-0.0909747549103
0.1871855654
-0.396162449879
-0.456676417226
-0.473699200911
-0.560088669425
-0.169298480146
-0.0600041829366
-0.34454651968
0.0112547108684
-0.264467233437
-0.225301833511
-0.0896686862229
-0.337648873769
-0.632886134705
-0.140670524638
-0.864466245382
-0.421599072379
-0.337922095998
0.245237108269
0.212802020433
-0.168190102961
-0.671904164757
-1.38662552134
0.0200759289377
0.573460105022
-0.595186826084
-0.589433456132
-0.218103960519
-0.454422190442
0.00298693190118
-0.319174880872
-0.538790913994
-0.368788888286
-0.57280987725
-0.392100973587
-1.15777211226
-0.0108758944759
-0.0167720906192
-0.219334823741
-0.503836031242
0.104835390581
-0.0179400709577
-0.310330935075
-0.0881964654673
-0.0456408026967
-0.371418254041
0.00846733574195
0.10140175119
-0.849055304272
-0.121174928777
-0.473702101672
-0.479187255008
-0.0324815913587
-0.139331146735
-0.13615656145
-0.765677534779
-0.27777315369
-0.352300076789
-0.281301755472
-0.834313535418
-0.387858803826
-0.28959598833
-0.279535146534
-0.229984112865
-0.868696941826
0.414314558904
-0.616999603218
-0.483522220346
-0.0709822059761
-0.104593896488
0.110848469258
-0.759328941945
-0.835201876336
-1.14492808236
-0.503313148991
0.0770222716934
0.0368278637722
-0.275619241141
0.00269475103922
-0.355728222848
0.0614491926465
-0.259780166576
-0.170762110322
-1.20356401593
0.156418072369
-1.14873878278
-0.340816492068
0.0577665595708
0.00121124016093
0.0797367100824
-0.48948558023
-0.109209216763
-0.15486417136
-0.249575335868
-0.282955760229
-0.102114185045
-0.278050849688
-0.127203053417
0.0470924807887
-0.123573174252
-0.219246291024
-0.0552486652481
-0.17866275643
0.0492567183352
-0.0422647857221
-0.118059263327
-0.0616094474225
-0.163603977574
-0.16983945834
-0.319700884188
0.0173097189231
-0.0189072626025
0.0735696649259
-0.0928475200623
-0.293333905773
0.0415009300687
-0.0828832698525
-0.244380249723
-0.242195142986
-0.0664005797679
-0.0689984851329
-0.0219290569445
0.111819285287
-0.135820914752
-0.276643604471
-0.231725759988
-0.217101433481
-0.00349457911953
-0.307643117555
-0.0199444860471
-0.16382256519
0.0105174178348
-0.198184325673
-0.0139811162718
-0.131436645304
-0.130775716578
-0.0195259741274
-0.168336364972
-0.144044825571
-0.0611748839769
-0.00243965534308
-0.169894666607
-0.116920309595
-0.219944258339
0.057051511689
-0.136510659013
-0.0413922037925
-0.114317366438
-0.294268371888
-0.0250800934266
-0.0573745861375
-0.130776650286
-0.101830386723
-0.0215088892995
0.0761692426602
-0.128779951024
-0.13100314935
0.103104116347
-0.143583046936
0.0174806693353
0.254792573532
-0.645203057138
-0.964424397618
0.0196044663287
0.517776623182
-0.474877363369
-0.514961918561
-0.13823263797
-0.50954933766
0.106962369491
0.00285178302509
-0.669327103968
-0.437583585747
-0.0699353809591
-0.0711477940774
-0.797280436925
-0.529183707785
0.00834230292675
-0.227450762038
-0.18882273701
-0.411380200242
0.0415637580088
-0.573887861961
-0.455213302325
-0.267308703072
-0.101911958771
-0.230755817629
-0.216303276207
-0.556973874406
0.10839231871
-0.594025778524
-0.775463419478
0.12590578604
0.054333587051
-0.00437829925436
-0.257372439542
-0.247354431323
0.0369054169787
-0.645842287661
-0.579768496837
-0.3914391352
-0.350780774645
-0.108541853287
0.133544637117
-0.333962834439
0.241820961679
-0.555252500081
-0.0558310253687
0.0873459346711
-0.151410148695
-0.152718854142
-0.172858621661
-0.52839665124
-0.499394369761
-0.693746124588
0.0433017631435
-0.192916440883
0.00180825640303
0.172976362146
-0.261214480179
-0.287453635407
-0.0159129970672
-0.398851238967
-1.02829726072
-0.117498930112
-0.696674171651
-0.268868363396
-0.050943125504
-0.223498994295
-0.02044478107
0.130717915646
-0.198315435984
-0.313944560006
-0.150316896333
-0.0703494691986
-0.234736672964
-0.182111585463
-0.18672122637
-0.302626181734
-0.158281626608
-0.259816061297
-0.330676007452
-0.234478959383
-0.322667604803
-0.0906414120091
-0.394367919947
-0.105208651892
0.0469608756836
-0.0854567344492
-0.28934966665
-0.163245932116
-0.0106351988127
-0.447319002437
-0.057260929113
-0.0142997171991
-0.133922602951
-0.025135427352
-0.168052877112
-0.410144699794
0.0802934523595
-0.122720616313
-0.228334639266
-0.214453315669
0.0608710721109
-0.0535086716194
-0.119478471117
-0.356409012391
-0.144681704763
-0.114411904607
-0.329821783586
-0.159241980936
-0.0802789924786
-0.214319007901
0.0722919072732
-0.111783853977
-0.0569401822168
-0.173220900394
-0.23228342109
-0.0135925514539
-0.279512956323
-0.170146738703
-0.21495230785
-0.0941909674451
-0.232968732569
-0.326895736537
-0.0683299956884
-0.0879763549047
-0.127227360063
-0.0300349632862
-0.179095612593
-0.0355198110206
0.00501790226523
0.0864138514911
-0.32328346493
-0.0439940188521
-0.316117500279
-0.479694174741
0.0164729534564
-0.0769398068111
-0.256203432379
-0.190947828787
-0.303166568304
-0.198602309256
-0.100817835977
-0.0733689064387
-0.121940622239
-0.222812895923
0.149279430105
-0.0906879819257
-0.227197422591
-0.158266033524
-0.037286894811
-0.145176843996
-0.171581915128
-0.263065581936
-0.0880318739093
-0.20503075986
-0.097494506431
0.0123789217788
-0.202267398708
-0.168208341142
0.0972838064686
-0.0578904978714
-0.0113497908435
0.0537479754503
-0.265118268882
-0.0311712525802
-0.0806777755934
0.0258851743909
-0.236690471458
-0.206599073082
-0.120868907121
-0.145493429039
-0.0779737437646
-0.208639147589
0.0740765994571
-0.223894224947
-0.231536431491
-0.345228589899
-0.143305249234
-0.163584471021
0.140485273694
-0.102687622129
-0.0170557392675
-0.0752579454863
-0.272444962531
-0.0407980763581
-0.398659699548
-0.0107674895478
-0.180048219864
-0.00233994605919
-0.125466863552
-0.257283049869
-0.0491905082538
0.00141994033996
0.0534635393368
0.14503603238
0.0515598640976
-0.181037552795
-0.317161923418
-0.134058665381
0.0545015536081
-0.126411867207
-0.286457014757
-0.147608910831
-0.37089873313
-0.178231152229
-0.00926977430433
-0.216881549893
-0.0768795412257
-0.281490725751
-0.236195442578
-0.322196869454
-0.0454273836755
-0.194262900393
-0.0178162168646
-0.277374979702
0.118842147992
0.185745897306
-0.0361388699994
-0.150779085384
-0.0295400144679
-0.10569801305
-0.254025745141
-0.0649695775037
-0.221092377401
0.105058427584
-0.260243309015
-0.136315423205
0.18334256362
-0.17706849223
0.14406542251
-0.275470886033
-0.215838266784
0.0301550877525
-0.304045955441
0.0109868246324
-0.23917363212
-0.0768795273059
-0.0407559434536
-0.212634614779
-0.305054083821
0.00444064074989
-0.00506297958004
-0.044986173768
-0.0522080143198
-0.0683160547078
-0.187630617032
-0.250992370597
-0.317966992069
-0.176894892547
-0.0726445405657
0.0345757070795
0.122901805325
-0.478828406613
-0.0600534299544
0.100428828372
-0.261885551244
0.108749432819
-0.122473456082
-0.0296587063388
-0.103945249233
-0.0464652551626
-0.213244668052
-0.261087780646
-0.271112357485
-0.043368969641
-0.17924525474
-0.328031950439
-0.152148218436
-0.139254389614
-0.198748833113
0.0210065509022
-0.317952582956
0.0078083199499
-0.223949687395
0.0330788734031
-0.00228304359536
-0.192906646306
-0.00245538411137
0.0308121425475
-0.374325223455
-0.342929401576
-0.212163660147
0.111801647896
-0.306370666358
-0.224768476372
-0.0152797570445
-0.303333165714
0.061374205259
-0.00396602808379
-0.0427318022476
-0.228377003636
-0.325074661112
-0.170360316045
-0.274607118615
-0.426874004685
-0.036109849682
-0.146856563541
-0.4045531398
-0.0327650814139
0.01044963818
-0.177449193235
-0.130929238236
-0.357734882037
-0.0585288826676
0.0432090146395
-0.250201264782
-0.349990026829
-0.0899899447418
-0.0930224372002
-0.191654951293
-0.0986956633493
-0.0722741651519
-0.0669863501068
-0.122356321842
-0.312811233578
-0.330694924022
-0.197709645726
-0.172505440988
-0.144698936114
-0.333325037947
-0.130388632633
-0.281009882972
-0.264210437729
0.0970106276604
-0.318700061948
0.052277672072
-0.0739998630211
-0.0795978188416
0.0335334284875
-0.221443458368
-0.314273910239
-0.224888782813
-0.00258998621441
-0.0394091977475
-0.0421774706102
-0.101755979521
-0.335591652031
-0.18958234289
-0.122606412645
0.0836454384487
-0.0643415493431
-0.610776740208
-0.288347223178
-0.502181758938
-0.297976193886
0.395214298487
-0.295093032272
0.0267952541765
-0.239871779841
0.168319243874
-0.156945618012
-0.0535837569676
0.0466094284618
-0.120063527822
-0.0558777707298
0.020619571777
-0.294116446215
-0.0407440845856
-0.244234314205
-0.542042697985
0.133997973932
-0.155533668982
-0.349209811547
-0.117206358668
-0.336960910765
0.166745806683
-0.285491189811
-0.0250203232653
-0.133629390651
-0.00349128701108
-0.244051526784
-0.309127228744
-0.214733411344
0.365101857992
-0.154633942763
-0.203374308253
-0.0181915178112
0.0358806079092
-0.306905212632
-0.217630855962
-0.105820008712
0.0365598702551
-0.141218611322
-0.0688536625501
-0.0931886520896
0.12346541132
-0.281539102309
-0.204442095166
-0.0803343638001
0.389491026539
-0.181268449209
0.166446935865
0.010842312331
-0.112474655539
-0.36117457715
-0.175179199349
0.0497184685007
0.0528859045233
-0.00519702891675
-0.24727402154
-0.243874477979
-0.178086901513
-0.408603243075
-0.0849052188118
-0.147462988831
-0.109623034066
-0.292026064547
-0.0304535097988
0.0106598490751
0.0458529544693
-0.248142389445
-0.244025431277
-0.212451877689
0.0889081468806
-0.251099915895
-0.1659035521
-0.046306743318
-0.0105023378053
-0.296465153765
-0.105200612396
-0.499254642631
-0.229911852492
-0.0196588785867
0.0466285901116
0.000222365218002
-0.0562956304457
-0.167602177798
-0.0749238557511
-0.157947854171
-0.130401281099
-0.183020516274
-0.148065438176
-0.288764807239
0.0157767614706
-0.215707269937
-0.181294676394
0.0587254957443
-0.127022867628
-0.152391636802
-0.192057002155
-0.018143438334
-0.10556389464
0.0764570103004
-0.251314132751
-0.178089398099
-0.176842519318
-0.0688940021558
-0.00502154542231
-0.239781416163
-0.0567284236292
-0.203268841696
0.00807088426851
-0.138776578859
-0.0674272252731
-0.152611035784
-0.101286018391
-0.200243970129
-0.132191709185
-0.0794773814577
-0.3515686778
-0.232774011399
0.123060399349
-0.315203035197
-0.055640476825
-0.179654328562
-0.105781922039
0.0573896343501
-0.00098052788291
-0.177316926859
-0.109405527403
0.00329952109885
-0.187082283226
-0.237162191156
-0.19015644734
-0.106162179203
0.00386538990614
-0.109041989823
-0.148535466317
-0.198515162347
0.110532198366
-0.0130429961002
-0.283400922591
-0.195778013908
-0.0905731573439
-0.0597032425607
-0.546142741373
-0.0182081779034
0.117371037819
-0.179786847289
0.00575362562751
-0.385015371618
0.0504669065272
-0.14793353015
-0.398799388423
-0.319913217983
-0.0416730706737
-0.326711076527
-0.195714131561
-0.110578468464
-0.196132615222
-0.19046383476
-0.24524625509
-0.277124925785
-0.241370329995
-0.381328078221
0.0357204562615
-0.180759725575
-0.239517446693
-0.0815608456619
0.0777318716949
-0.296787374128
-0.256329501466
-0.19446253003
-0.137081998357
-0.0712311592165
-0.022247026752
-0.179809100748
-0.0655592231047
-0.175952204559
-0.318707082754
-0.323170814322
-0.0879482107993
-0.240460060342
-0.257738435381
-0.233276434625
-0.201253291495
-0.130947502266
-0.36142731938
-0.311077210197
-0.276683562698
-0.012211450019
-0.00201576450527
-0.0881549838618
-0.122892807617
-0.0880981125859
-0.40189754874
-0.0317243461165
-0.0222951179782
0.147870478454
-0.199323545308
-0.255702153767
-0.309813900127
-0.316322937965
-0.165381233429
0.0728079733316
-0.154890277375
-0.116557307367
-0.305437535958
-0.0706928691672
-0.00436210973352
0.0824778925962
-0.0766807097919
0.0582274129928
-0.517348397903
-0.15944299632
-0.330961697062
-0.334175066282
-0.0653215984862
-0.313204922446
-0.361105206969
-0.645724721169
-0.131109214393
-0.0178511703415
-0.281990219707
-0.199636846011
-0.158419193358
-0.410496425762
-0.0581699695815
-0.267846609912
-0.125574450466
-0.216611194709
-0.353736480042
-0.235669827949
-0.642158299315
-0.212908903585
-0.0974291278934
-0.23413012473
-0.261370398653
-0.376621285724
-0.0409364138798
-0.427963075692
-0.186468357279
-0.0353791827135
-0.10543206454
0.13337044729
-0.253785718245
-0.507732995948
-0.097423409178
-0.284381660058
-0.200273071321
-0.225252141868
-0.152258761273
0.0219129751317
-0.249935061254
-0.324841658137
-0.0824253247588
-0.637519320707
-0.23319038286
-0.358255363222
-0.162843236713
-0.423110738025
-0.0972490124918
-0.22185883191
0.24079267307
-0.663184310093
-0.24097562526
-0.273498536729
-0.22140131322
-0.0317969501394
-0.092074396096
-0.246558857503
-0.368330081612
-0.424307247213
-0.0917122673632
-0.0781922678269
-0.0614280596488
-0.109987882128
-0.161542537903
-0.391477628639
-0.127599262053
-0.39809218719
-0.552659832476
-0.296997669228
-0.167856909148
-0.323865282334
-0.0201560891406
-0.136700974439
-0.214371329699
-0.0618857801583
-0.192120065666
-0.242007529821
-0.102291865287
0.0469258723949
-0.190216505793
-0.116640899315
-0.0599070167265
-0.22984087337
-0.0361265599115
-0.366505612808
-0.401542866154
-0.252997719898
-0.185832569472
-0.248798917993
-0.0906290678659
-0.269937653809
-0.0736113819832
-0.0653258138048
-0.0472691879582
-0.130804119791
-0.134206376599
-0.283039957143
-0.277982491348
-0.241087391906
0.0645529836665
-0.24342059546
-0.123855922079
-0.064537472261
-0.0181447811371
-0.204190318738
-0.191421048473
-0.0135313263887
-0.188028409057
-0.00187912289866
-0.119678946821
0.0176903808813
-0.326781973581
-0.30134788134
-0.126090507314
-0.298024231477
0.110664912767
-0.146934758427
0.0214538652332
-0.171856842316
-0.0378772393014
-0.188836691816
-0.0906804689057
-0.295356259091
-0.150940601787
-0.263390821954
-0.14556482219
-0.0875323843204
-0.131345790441
-0.204549673491
-0.150575254254
-0.152710433856
-0.14590184566
-0.0279340064566
-0.092879847952
-0.224459047519
0.0661188916524
-0.161929938343
-0.440846064189
-0.0118966123384
-0.0665870322623
0.0298564027718
-1.87951975985
1.20110580622
0.448130106775
0.0273859987002
-1.22785638672
-2.50124503
0.362048851657
0.0533232639529
-0.771072077745
-0.728538641075
-0.0299046910779
0.331022601769
0.0425604124208
-0.214285102881
-0.0788104167866
-1.35667597359
-0.544709792253
0.892801715383
-1.88891885092
1.38489670189
-0.123963324887
-0.285761380917
-1.09554581688
1.32914874611
-0.205883368111
0.449576891337
1.19334499325
0.828352061942
-1.44457235349
0.640409493054
2.01511573967
-1.48418583675
-0.158571587646
-0.0182617660189
0.799253188337
-0.390635800305
-0.480452509876
0.409067139983
-1.63156593278
-0.079188084667
-0.38894116088
1.16379610475
-1.00475983573
-1.40289232586
-1.76878782695
0.118647653895
-0.472166644504
-1.37798859342
1.17894812342
-0.785227110905
-0.791752379427
-0.442396329141
0.111336698232
-0.0697842564535
-1.05187809873
-0.190396372378
-1.76759655933
0.77814335151
1.03219978027
0.723814695278
-0.707694750502
0.471655673126
-0.657318165916
0.185947339594
-0.522385981885
0.580565494258
-1.70424733955
0.374636089978
-2.21595539748
-0.811351540167
-0.391417545734
-0.287167850655
-0.280573245791
-0.339903937364
-0.224224759283
-0.386758601808
0.0280932396878
0.0052209008546
-0.455132017438
-0.0555041603027
-0.058753602996
-0.251679062169
-0.0769455197825
-0.209228352817
-0.432344079251
-0.275454390836
-0.153785653465
-0.210729179814
-0.230674260675
-0.462772914525
-0.0702880891316
-0.267970603687
-0.111689952732
-0.242648281173
-0.138273106975
-0.286602760104
-0.131530170655
-0.261912998891
-0.0583235338046
-0.21973781411
-0.13920351545
-0.408544108539
-0.0343331688284
-0.114003190108
-0.454318704494
-0.117475429325
-0.0283419978067
-0.146820747537
-0.287646746353
-0.248098234018
-0.174365783611
-0.361891907796
-0.322235653201
-0.371169932515
-0.150877895967
-0.131525715767
-0.043514183551
-0.112594777498
-0.270942351988
-0.21042502066
-0.217631189634
-0.107611656233
-0.241168503803
-0.115113654854
-0.21940935714
-0.300827899357
-0.204433376085
-0.439918059647
-0.0411121208711
-0.231984282791
-0.133131796731
-0.0371294228998
-0.455747656797
-0.330431728876
-0.131178845227
-0.153891120924
-0.742393864392
-0.263677347254
-0.600201832112
-0.332488218666
-0.105399278908
-0.168493464228
0.0747950998619
-0.293691994872
-0.218370273421
-0.486709909531
-0.144391871533
0.112136405491
-0.289465656002
-0.0987371356429
0.219733959148
-0.137997215159
-0.0505027242969
-0.244395605186
-0.379445208569
-0.213255243665
-0.0949282213046
-0.198593957187
-0.083018674756
-0.259856614027
-0.115017913967
-0.164458148848
-0.367872913217
-0.0731110040394
0.135751873184
-0.499546875575
-0.067094273513
-0.345031507515
-0.086701863229
-0.0455405667628
-0.203949320556
-0.28313101687
-0.0106902904746
-0.366383845191
-0.504807199741
-0.102443355215
-0.206166251888
-0.123403446942
0.00588050439576
-0.429809784082
-0.184139284063
-0.55149500492
-0.349940694554
-0.0402936177879
0.0395436423144
-0.319173613319
-0.168621962351
-0.239634521063
-0.190753368869
-0.0147353282888
-0.242294476134
-0.0538952313547
0.0420876256756
0.120506254899
-0.231621347756
-0.364715833999
-0.488938589023
-0.318208645122
0.00651749529228
0.0276651848461
-0.091997815708
0.0203629119124
-0.0371180791279
-0.187027118533
0.0471428268345
-0.326282757676
-0.165961601183
-0.0695220947423
-0.274596721026
-0.199897829882
-0.46579938068
0.0628631603361
0.115640696812
0.140828329106
-0.542143983492
-1.15490064355
-0.0405042624624
0.508852136091
-0.354139580041
-0.522919972761
-0.019191944196
-0.314977551951
0.271572195469
-0.41754741829
-0.521170637591
-0.517583106987
-0.277462734372
-0.0114701748503
-1.04063577754
-0.150441889913
0.00285090130427
-0.219539496895
-0.232607172338
0.0151018678247
0.217256039184
-0.350320541204
-0.229161652676
-0.0151952993624
-0.420040616846
0.0380285279224
-0.217108223501
-0.681584181585
0.0835979156421
-0.554092305464
-0.269647577898
-0.116220486296
-0.134607961229
-0.235454109451
-0.460242098004
-0.20852790528
-0.252965536862
-0.488165081923
-0.538923862098
-0.841781910944
-0.506275868886
-0.364609233049
-0.0912267615355
-0.449655624168
0.323952986452
-0.681006674727
-0.301590605727
-0.264351110876
-0.108475333622
0.120874757624
-0.594748720513
-0.61640812025
-0.784026791153
-0.348728563354
0.0659989054422
0.00105306282574
-0.613556656322
0.0714912072451
-0.456619464096
-0.413457015131
-0.0741056701109
-0.301841224439
-1.00215740764
-0.0666928398054
-0.969464086224
-0.369458046744
-0.099792522355
-0.173774123277
-0.105836108654
0.239468521217
-0.370767012439
-0.504601898166
-0.138103193203
0.258091936592
-0.309399486553
-0.243344813158
0.119239258813
-0.351986834005
-0.0874108024823
-0.0550881904226
-0.506473666711
-0.18174589561
-0.0358021835148
-0.255551345753
-0.588926716338
-0.187529513084
-0.00275443048592
-0.338506131211
-0.252776472942
-0.0485386961138
-0.00564239012534
-0.199777519456
-0.178130025885
-0.437499269826
-0.325961373144
-0.224746385848
-0.195092029074
-0.239186334508
-0.107141549039
-0.488353022837
-0.367430453542
-0.154816310428
-0.197942788271
-0.0564569546228
-0.209200492582
-0.463201904206
0.00662512796263
-0.310106067746
-0.539039036382
-0.292111515595
-0.302371800173
-0.0441230918467
0.129065677039
-0.191952761864
-0.157678749257
-0.31981892327
-0.169205876487
-0.150054559814
-0.0269671742476
-0.0201545422815
-0.199550611082
-0.504256351504
-0.581046401659
-0.39410003688
-0.0605513673718
-0.355690610687
-0.0198963425787
-0.176277341679
-0.106504106988
-0.0876174118237
-0.0733949752005
-0.167124978574
-0.604690640442
-0.423719923037
-0.42820424232
-0.227543116264
-0.0125836613882
-0.413643352484
-0.0883273936229
-0.179539966276
-0.525730370418
-0.350102385178
-0.0809545904084
0.0238648257902
0.128248455855
-0.321294288439
0.254696664247
-0.185172129097
-0.141816166122
-0.0741405310053
-0.361823177005
0.0771466378705
-0.152262765033
-0.425215715703
-0.107057391256
-0.183680238952
0.0977738624049
-0.000984586270321
-0.0311434021223
-0.190460582479
0.0308544240835
-0.179529549633
-0.36897851077
-0.189749436878
-0.270669739159
-0.21394059356
-0.142112945256
-0.191785584317
0.115698877256
-0.299361626893
-0.085508115938
-0.212849417085
-0.11294830058
-0.364871698309
-0.00737740008696
-0.173599396907
-0.0783347973909
-0.12202764079
-0.421043242397
-0.0450594950377
-0.361323147422
-0.389844471125
0.174688050302
-0.130144690249
-0.117841682862
-0.362120485802
-0.135797598911
0.00380550603657
-0.116543782732
-0.0399785601584
0.0596894180932
-0.246128090487
-0.23194256049
-0.225905186606
0.00656482693384
-0.105935624957
-0.0484248896565
-0.272146030866
-0.279566823681
-0.240290604481
-0.140148863783
-0.246936472711
-0.299302156056
-0.113762822205
-0.107952888774
-0.136970287379
-0.0871672039604
-0.0100963710486
-0.261939205874
-0.242379068052
-0.1478454605
-0.16937771144
-0.0643961285577
-0.0953242454582
-0.136412299094
-0.189743062181
-0.105935749728
-0.0649271642452
-0.0407440810716
-0.0988377429944
-0.110486240284
0.0743718535657
-0.0190791500918
-0.24194936323
-0.025014053813
0.0655610265871
-0.0973015619889
-0.0424653093275
-0.0640248233297
-0.257918508476
0.0727246486191
-0.307014781991
-0.0601926784612
-0.248251762677
-0.135401077886
-0.0390804219445
-0.317917701193
-0.195233439564
0.0041556817491
-0.287561372294
-0.221268783739
0.0593630898106
-0.243239678484
-0.129829563196
-0.041416454015
-0.119415178244
-0.188891557488
-0.186568070932
-0.0495659399133
-0.0363721532646
-0.158347613135
-0.235223243857
-0.0896545874737
-0.060840428892
-0.35486715931
-0.0955821498344
-0.29022371218
-0.00753414429308
-0.276428076235
0.112025819652
-0.137468919025
-0.0329463560951
-0.0389837093528
-0.333953816689
-0.0460901218597
-0.190447112337
-0.110741480512
-0.0806767417516
-0.370138589788
-0.0501684969714
-0.00741950975794
-0.0337475598625
-0.078467792649
-0.103034551663
-0.135484280178
0.000497484035514
0.0174705839067
-0.192422398956
0.143343733253
-0.0661446399048
-0.174851532305
-0.157413907253
0.0311288507432
0.275353135832
-0.233968883758
-0.279835038238
0.00859930676881
-0.241084556466
0.0236919066186
-0.268321318886
-0.378563633467
-0.133824053116
-0.161852579308
-0.506841904978
-0.314369263786
-0.498248828334
-0.0798921748479
-0.253083522134
-0.0180228132504
-0.37480565561
0.105302602632
-0.31544321844
-0.418318079167
-0.138421191354
0.15112681289
-0.223809363396
-0.262752642101
-0.267190408256
0.130642818078
-0.25025024128
-0.222657895743
0.0123775160293
-0.205707461783
-0.0578600649725
-0.0269990781804
0.082961656734
-0.0973482037876
-0.646445562877
-0.102989807482
-0.0796384943508
-0.148599296272
-0.0374185642388
0.0528077065904
-0.136419099146
0.070313096733
-0.397455128988
-0.322921098602
-0.0156262176155
-0.01193547672
-0.15717372599
-0.290499044368
-0.437503776973
-0.310764828923
-0.528276963958
-0.138770352955
0.0420188545714
0.148046516048
-0.0286793994255
-0.258452704219
-0.190847119242
0.07843063674
-0.235470711851
-0.644905328141
-0.216421974645
-0.552549932802
-0.0695492868465
-0.0170901267536
-0.135078592686
-0.0186528038026
-0.222850044974
-0.376822661467
-0.332454690233
-0.147201730539
0.0309734364672
-0.0939351123077
-0.202882413499
0.138865336635
-0.296780839171
-0.102563104767
-0.427482351132
-0.219280517508
-0.0787051895111
-0.126238436234
-0.286747011454
-0.210645552823
-0.241217614587
-0.109281378555
0.00538750810435
-0.321427791825
-0.397117831457
-0.0480679938543
-0.466732910046
-0.333843426761
-0.148660745924
-0.125938866943
-0.201402619657
-0.374035244463
-0.215053641684
-0.0708423365798
-0.381275298297
-0.21057283936
-0.0372022641066
-0.217296184551
-0.157725217356
-0.0720547156738
-0.224651274875
-0.088337882696
-0.292411007998
-0.00316148300588
-0.124396153613
-0.246727837427
-0.112533775127
-0.16056833594
-0.16217786425
-0.131614435623
-0.34406896879
-0.302226864678
-0.141569013894
-0.108680210739
-0.153688722856
-0.175577272772
-0.133876841284
-0.0903952069604
-0.239478450446
-0.101523643574
-0.193404500786
-0.0990872059848
-0.11849985106
-0.12779270033
-0.131246828783
0.0116843084484
-0.268423005371
-0.164333018088
-0.262599618611
-0.390112006304
-0.378063909843
-0.170927735406
-0.00271248774313
-0.0959342932989
0.0638989725537
-0.522367958111
-0.488636893976
-0.245763018025
0.114807955749
-0.351737646281
-0.264964121438
0.0846863930715
-0.368180746409
-0.190134964004
-0.418887227685
-0.527042621014
-0.34097452696
-0.078330637165
-0.363591918091
-0.489916736319
-0.495680706776
0.0178312893274
-0.0723114810527
-0.381109127113
-0.156176184253
0.151755045528
-0.00866260639179
-0.444551312271
-0.340657141329
0.0119392476296
-0.316462751296
-0.0864097292002
-0.326026686109
-0.166743314334
-0.380823178712
-0.326678875811
-0.065769129864
-0.262653308285
-0.0251274815104
-0.232836388623
-0.205914909308
-0.323117233446
-0.548837748594
-0.198025564087
-0.282982411054
-0.23469728017
-0.302149810886
0.00486146963817
-0.142642805145
-0.0244570686184
-0.540084884168
-0.341263453612
-0.106095082323
-0.123965617725
-0.165402511143
-0.349373396103
-0.637352805943
-0.398737500186
-0.632688458042
-0.0479674417693
0.092184481001
-0.179887214513
0.0084798787612
-0.0955578372583
-0.148020570029
0.205468959178
-0.25974152127
-0.543703894899
0.00326567048465
-0.660462516731
-0.120035729968
-0.227001045901
-0.15906138929
-0.126303954499
-0.0192007177126
-0.275281549824
-0.182924403816
-0.202661481352
-0.0712571218324
-0.185760825602
-0.181978646119
-0.116648978978
-0.324121870842
-0.28827779213
-0.119491215847
-0.280532921828
-0.0611987209184
-0.316576824368
-0.395194158507
-0.443033041138
-0.116999991223
-0.118563302551
-0.282419320829
-0.0140420930985
-0.401129067018
-0.325975431899
-0.23830364349
-0.249384411955
-0.00575413035092
-0.0723129785857
0.0338027319042
-0.165515427997
-0.24003048244
-0.139745318586
-0.228501900065
-0.207031894408
-0.159220351803
-0.111160841847
-0.101198298978
-0.230762543848
0.0337420177999
-0.176148761125
-0.221200819597
-0.177597054279
-0.336278156752
0.0867246310884
-0.31712116432
-0.1423908874
-0.262205688976
-0.192871257308
-0.298390259151
-0.189108291563
-0.107203521442
-0.0263005067619
0.0345859741257
-0.103691616424
-0.0609347655063
-0.280275829478
-0.280476302639
-0.218807915176
-0.27667699542
-0.359800960331
-0.320081101698
-0.25525195068
-0.194238770876
-0.167047630952
0.0169333663503
-0.458018190469
-0.0309730207234
-0.222977694032
-0.0463601696562
-0.122942034154
-0.162495209053
-0.225641935493
-0.145179467224
-0.100411975095
-0.354866681024
-0.186234627136
-0.114568253547
-0.262729880549
-0.0726081048506
-0.109996251795
-0.259362013079
-0.319826782009
-0.241472259117
-0.208603837634
-0.255526398885
0.109093552674
-0.135799574796
-0.165339022699
0.122761033545
-0.130792610103
-0.0438008707874
-0.425694534455
-0.129234386164
-0.109102825017
-0.181635062918
-0.475467186422
-0.22974364455
-0.306271176728
-0.0589231649492
0.0584936029979
-0.227459957321
-0.301586830787
-0.262345933789
-0.0342097238604
-0.131930032277
0.0370220774954
-0.084090838615
-0.06717745673
-0.0790904661968
-0.133623619423
-0.239626909562
-0.106849544872
-0.196224470492
-0.336823659605
-0.137842160135
0.0192579605093
-0.233935461166
-0.378785900191
-0.115313009881
-0.0968845129903
0.0364719844402
-0.145101626853
-0.0014717741531
-0.0685258829598
-0.187791045461
-0.395998249506
-0.24725391143
-0.160215655119
0.260420881649
-0.13861786039
-0.107796657858
0.00806334533591
-0.230785921196
-0.0461686559618
-0.127361237241
0.160156462415
-0.316784790637
-0.137357468203
-0.260445277437
-0.473587327505
0.187511640763
0.28009314627
0.109697674193
-0.726893399196
-1.66242069012
0.161297623203
0.727909691573
-0.605135457281
-0.774679592252
0.0544451508801
-0.20929349617
0.302249859422
-0.0800213532559
-0.599017555971
-0.463010772868
-0.420777112474
-0.140602210647
-1.49135330668
0.0470945145657
0.0539667690495
-0.434584280415
-0.49859468795
0.116336297441
-0.150460080532
-0.47574402982
0.0183741411341
-0.0377074360628
-0.620067855743
-0.0203512441417
0.214515910707
-0.956670839903
0.170323403129
-0.402748815335
-0.282274871749
-0.0698243396676
0.0266669411857
-0.180472183569
-0.716621651005
-0.238989717266
-0.282252031468
-0.377097417241
-0.7049591899
-0.660856044873
-0.629417696648
-0.0116382787051
-0.0419052823723
-0.821139081786
0.488697747336
-0.671723801005
-0.469627336563
-0.295264371127
-0.316641492947
-0.0709921621437
-0.674698367932
-0.660047896247
-0.773023766617
-0.193347345814
0.323849315099
0.197978205693
-0.368272902849
0.0563242651522
-0.470592868831
-0.187784063147
-0.00430801953067
-0.158768286863
-1.28018994866
0.0809521028182
-1.6276569146
-0.510481753828
-0.244140550458
-0.133326723258
-0.0273873366805
0.0861674168647
-0.516416672969
-0.921188001298
-0.115333596986
0.157007273321
-0.449850677969
-0.380286146189
-0.0750402402631
-0.224467336766
0.0187997653059
-0.256413409104
-0.475467034502
-0.238400377501
-0.395716344102
-0.414652489759
-0.878942115977
-0.341305966059
-0.0769878283908
0.182084165247
-0.256726853106
-0.173653869742
-0.185780994941
-0.277037784232
-0.226435450801
-0.249549794402
-0.302302282189
-0.298549215687
-0.16810104714
-0.554431128073
0.147425196345
-0.185468721937
-0.538936477985
-0.240630293961
-0.285487933939
0.0665235573617
-0.547292669444
-0.204838679201
-0.237921072965
-0.440634475501
-0.723014565953
-0.431537851402
-0.434725473481
-0.254348540705
-0.0508770300019
-0.429721542408
0.0568092449053
-0.500914148301
-0.357225879383
-0.354757530301
-0.049298773107
0.0180811312557
-0.377094703674
-0.461453227223
-0.680517325637
-0.508298941908
-0.243230146254
-0.0954298850793
-0.23675737399
0.120688441598
-0.279588790307
-0.341428712777
-0.109220630427
-0.364629567437
-0.647140659946
-0.0557206899142
-0.795639036797
-0.351451002513
-0.299773407239
0.0443807650713
-0.0208995632162
-0.187953901007
-0.0757763387171
-0.197950475471
-0.216477413894
-0.193050880658
0.0153699713151
-0.0633607149442
0.0257388626634
-0.0570888250665
-0.16207888863
-0.0155016472027
-0.282300345755
-0.00745999098796
-0.137584494201
-0.280562562548
-0.103931061161
-0.270710957804
-0.0768773144404
-0.271229670482
-0.108049045987
-0.111222213924
0.0974121799048
-0.0618237735324
-0.12114367308
-0.159360928984
-0.113761654415
-0.129484410433
-0.056276642284
-0.0373426608116
-0.0343816244916
0.115575009051
-0.305123547912
-0.221175471288
-0.083333184767
-0.274430412762
-0.214323811621
-0.238071204053
0.0874771731639
-0.149068018517
0.00544497872802
-0.21527525016
-0.0757703705888
-0.140840552016
-0.101250615043
-0.345322468083
-0.247251876625
0.0759419644511
-0.111270047708
-0.0198215760663
-0.354204468095
0.127694546667
-0.444324203671
-0.166659689605
-0.260631755321
-0.223103152515
-0.0845260311991
-0.19289296792
0.00226247302096
-0.178536225563
-0.0818991047005
-0.179265072601
0.0869299956302
-0.0427540837843
-0.364121757998
-0.0609670959845
-0.156124594669
-0.223318823219
-0.166672841868
-0.252055021104
-0.0635780815024
-0.204801453009
-0.00872311463497
-0.453866672417
-0.155010816803
0.00983491711589
0.0354319642283
-0.378973798638
-0.0540054739739
-0.147553475883
-0.258189156739
-0.0846771388261
-0.296069222044
-0.264534226244
-0.0986992834508
-0.169141271711
-0.535555413851
-0.189798794706
-0.0643402552338
0.0963492325299
-0.123693268605
0.0709898315076
0.113273652364
-0.279484447472
-0.166132077879
-0.251029659887
-0.151088937574
0.00665157545101
-0.0370799412839
-0.459966499159
-0.24012306936
0.00218384902403
-0.226952119393
-0.14698847927
-0.124279561762
-0.3868365496
-0.0676483329568
-0.131815585668
-0.335096688316
-0.109604271921
-0.501078854089
-0.365891542528
-0.0951785866891
-0.0455727310089
-0.114471475621
-0.460784418205
-0.451917464889
-0.133847666901
-0.32887836238
-0.241864582992
0.0307397913787
0.00688214775384
-0.0332399763992
-0.284400736815
-0.172148567657
-0.0961026512739
-0.148532248606
-0.213386525953
-0.112579195768
-0.189107414163
-0.279687117699
-0.161230790955
-0.141492299838
-0.0837978359076
-0.310846354119
-0.0311522389483
-0.550230063547
-0.276617826166
-0.165701685479
-0.608376262914
-0.575294823236
-1.32344968669
1.97055422919
0.526495990322
-0.828968128631
-1.86330321299
0.570744671025
-0.0371615570623
-0.457383973266
1.87550260553
-0.923184036257
-0.79313704031
-0.12480376507
-0.105674417668
-0.926717298841
-0.414267883159
2.61959733469
-0.722188807377
-1.04860133759
-0.276017750495
0.383892823289
-1.15678641137
-0.122425506914
-0.231740635145
-0.230663950264
-0.580191023213
-0.144582049674
-0.657296572775
-0.768391267275
-0.796037636801
-0.421028210231
0.65488854947
-0.606413798047
-0.886263888459
-0.243063811693
-0.880497763659
-0.528841785484
-0.592194659327
-0.339179726265
-0.867960277994
-0.0685800539031
0.252227083177
1.30419657693
-0.911352173913
-0.0496990775885
-0.240211969768
-1.38801023389
0.84693772487
-0.22238688972
-0.450680676956
-0.888875405992
-0.330098249606
-0.401949828749
0.820262591993
1.69794062226
-0.40549243436
-0.716378338063
-1.00792225444
-0.146766022146
-1.85468229538
0.014293195136
-0.435731979968
-0.675639747133
-0.73402368943
2.41972405446
-0.806074668848
1.26242850377
0.156828827983
-0.2089698074
-0.220182192595
0.071018985571
-0.242568033452
-0.258462215776
-0.143630010279
-0.307090155303
-0.210555134637
-0.366074908443
-0.151042987115
0.00386230176463
-0.210407080073
-0.262235186221
-0.29008504794
-0.175978877329
-0.442374559726
-0.396501705332
-0.0372002345265
-0.446350303959
-0.365961813676
-0.0149256195644
-0.29744822624
-0.0950654858416
-0.0782519451052
-0.0563832345516
-0.372946794662
-0.225339380369
-0.123245075112
-0.206994079649
-0.29260275298
-0.25196518984
-0.215180339411
-0.0439983223259
-0.279921927481
-0.171231433544
-0.228382779506
-0.165975511037
-0.152952036186
-0.0922778948492
-0.307742367674
-0.396838669266
-0.285210889301
-0.110654600967
-0.304101024877
-0.245993467657
0.0134368569664
-0.0757379388037
-0.34002976346
-0.240315308911
-0.079775674451
-0.205656662015
-0.29327406799
-0.153027452932
-0.112536295438
-0.376077158496
-0.081294874399
-0.378006587776
-0.248979338906
0.0136211033459
-0.214661876973
-0.111251971895
-0.177087726052
-0.203503134437
-0.24310143345
-0.163911028109
-0.271840827681
-0.402287778775
-0.0550966957629
-0.303862697339
-0.224491360279
-0.186269490571
-0.140025166844
0.0344839063406
-0.16575445015
-0.176135445662
-0.590117299109
-0.0397733425353
0.0509091470639
-0.0654532431785
-0.213707073625
-0.218265677176
-0.254109669925
-0.167181579465
-0.260770378971
-0.400408029476
-0.39306312151
-0.208025162159
-0.0526659861038
-0.314625063192
-0.232511701722
-0.0796371066328
-0.10958890449
-0.118194683954
-0.299764576407
-0.0531806438209
-0.24155050777
-0.209158323212
-0.0204542118237
-0.339100712042
-0.120709126521
-0.26529939183
-0.213085992844
0.0123282185562
-0.287302922209
-0.363113822583
-0.196344590304
-0.323335510443
0.0734821417639
-0.334897333555
-0.164675189956
-0.032144083452
-0.359903039514
-0.412462085809
-0.140306600937
-0.234962518074
-0.0698263884488
0.0847035570335
-0.0263198454938
0.0374313545825
-0.0544620979146
-0.172537754575
-0.279818614621
0.0556657631166
0.143337314754
-0.210957810894
-0.180924244505
-0.324808705471
-0.0451193328681
-0.026900352575
0.136819693446
-0.163445849711
-0.416832047837
-0.291907382391
-0.241173474222
-0.0874753220921
-0.476799490096
-0.371003941875
-0.0987077769113
-0.21500214775
-0.213726056445
-0.0696404264603
-0.17929061879
0.105382125024
-0.152697713828
-0.443484985227
-0.328847736333
0.148838775811
-0.0116643364293
-0.0721058874423
-0.128203944788
-0.0815014810635
-0.0875796628064
-0.0460862048607
-0.088398093774
-0.54566394141
-0.209291223103
0.0813096769182
-0.257529769302
-0.399673268013
-0.123115528377
-0.15891037265
-0.218102801569
-0.0579028530549
-0.10781087452
0.0361253366085
-0.236349718828
-0.270632854035
-0.36836831367
0.0988267223152
-0.136451307278
-0.136843339942
-0.359967734553
0.153576634846
-0.237085625673
-0.328897235466
-0.12880533934
-0.18725786289
-0.213587002009
-0.127989743678
-0.112824631325
-0.109659091269
-0.180276594938
-0.227790134937
-0.10407820035
0.00454793298433
-0.0311876802734
0.183192949359
-0.123598474462
-0.106666384454
-0.0884862799755
-0.258584754619
-0.201417502015
0.0314462048121
0.0774228318348
-0.268768064693
-0.146124155043
-0.179852068926
-0.345424829184
-0.106625200195
-0.203910833086
0.109702525451
-0.215587627822
-0.36755016922
-0.0107406732255
0.0828641653374
-0.121820117704
-0.324748105405
-0.181967802507
-0.189323081259
-0.132216179383
-0.799524682488
1.35998745888
1.04285946427
0.755660240411
-1.47796191306
-3.4784742292
0.80167923185
2.09099164906
-0.827583171761
-0.672744670026
0.443616623668
-0.443589452412
0.856768774475
0.0144483636801
-0.670301661128
-0.961549638243
-0.246533052874
0.671868327225
-3.00539533636
1.0821122873
0.535100168636
-0.00355848801367
-0.851088974255
1.43442691766
0.00163882180006
0.0526234490405
0.8296597188
0.644808258871
-0.496129296597
0.769953620247
1.79843834903
-1.28772061698
0.615097357036
-0.692900804706
0.311857354126
-0.233444689219
-0.0031792402275
0.693910675007
-1.03830095842
0.149964227941
-0.227711400637
0.564342048272
-1.34504129797
-1.2277386493
-1.1173590713
0.273624025555
0.0927950262461
-1.23368145332
2.02679062067
-0.964415049537
-0.500488676666
-0.0341438148616
0.358935710289
0.0897093214343
-1.07295940018
-0.95469607596
-2.28197036224
-0.0576350561395
1.13438992283
0.904306456115
-0.472951705386
1.33554586814
-0.647051448016
0.353136298462
0.0312444469021
0.481980648523
-3.02204562061
0.900357508026
-3.10612554299
-0.836867149783
-0.300153110816
-0.182179241635
0.32277766377
0.169129603664
-0.761839731978
-1.14948068139
0.0751523687832
0.419518723324
-0.331535863906
-0.146677752045
0.0491783404282
-0.48692172095
0.0382511977008
-0.251726885225
-0.568483074742
-0.331119434009
-0.273692290654
-0.353932829518
-0.941679330807
-0.259105246197
0.00338996429896
-0.270954704325
-0.168845784619
0.0171323802434
-0.0861629686387
-0.479557954243
-0.390320539378
-0.227787727641
-0.0756149380098
-0.175721182097
-0.0382945365771
-0.578710772962
-0.00579616242521
-0.623383746921
-0.651647170117
-0.181522953839
-0.0500458390726
-0.120550173161
-0.376320247846
0.0162115661753
-0.00101885551791
-0.444420633516
-0.533818953809
-0.478489546548
-0.435762310695
-0.393782907144
-0.177634827957
-0.612799476474
0.0828166627862
-0.425297859521
-0.328901438981
-0.131135719351
-0.1333488476
-0.0755970750741
-0.629992967338
-0.541631017305
-0.83111387419
-0.463907738639
-0.0539871391667
-0.0136908949317
-0.229176985078
0.131135527666
-0.320084328113
-0.237995112283
-0.0652780623298
-0.48430228619
-0.982920727383
-0.170171757594
-1.01359883182
-0.330282451495
-0.259375082873
-0.170830774851
-0.355604439147
-0.335431861119
-0.118733931561
-0.39146476739
-0.340514413331
-0.0452371034977
-0.22433482024
-0.319752710312
-0.00596259275876
-0.284099009427
-0.310249445225
-0.149605510502
-0.379774213785
-0.216088683228
-0.0569703804969
-0.293081590676
-0.217915966165
-0.18135531355
-0.166068782064
-0.269332593213
-0.205158753693
-0.403953237287
0.0903615322085
-0.173452013602
-0.127708309174
-0.191133411563
-0.297962716372
-0.370727727063
-0.0617897285209
-0.324608240534
-0.0608952898178
-0.381390545517
-0.167498957797
-0.357701914679
-0.329044347264
-0.26756057556
-0.368872501042
-0.129488808794
-0.232559489136
-0.378801423153
-0.219497474451
-0.311535894811
-0.206422339136
-0.339889837906
-0.0863895879935
-0.177255616846
-0.0775068340208
-0.269678034065
-0.425689144319
-0.259635075658
-0.0373671836132
-0.0772640800722
-0.0828186655173
-0.49995089937
-0.465326141856
-0.343149092427
-0.227176239675
-0.115924728364
-0.159027465555
-0.197323404278
-0.298191459287
-0.119989608067
-0.0313179755625
-0.26018117405
-0.287973406688
-0.215109132686
-0.37272202199
-0.319997099974
-0.431023307539
-0.0312777268134
0.0156914091726
-0.252115118235
-0.306373385413
-0.846579328536
-0.143673786716
0.060742316199
-0.345882274
-0.305914958294
-0.1199833883
-0.267907570601
-0.0416391123795
-0.357625573996
-0.330952680087
-0.356508527704
-0.123659508518
-0.226211716226
-0.505755924707
-0.260347287155
-0.372841389511
-0.085515990285
-0.220054572506
-0.137098810494
0.0905868676546
-0.271765226146
0.0456043253131
-0.381487847353
-0.18965238047
-0.00294475608326
0.00279631550739
-0.563786943501
-0.0283765896975
-0.21542718986
-0.198474290672
-0.328939966905
0.0619216150866
-0.216376550326
-0.581747976962
-0.290406214898
-0.277485474365
-0.252952492251
-0.491192568631
-0.196741160635
-0.344355697058
-0.0687809581523
0.0205051075931
-0.187434852276
-0.175468152917
-0.237289228738
-0.367527840423
-0.122824640214
-0.0109029407751
-0.0662423043009
-0.45492260836
-0.297469958337
-0.601885330609
-0.222799807051
0.0562257217218
-0.0778661348709
-0.330930785064
0.161578099232
-0.3307743626
-0.361149446118
-0.174847914789
-0.179011563306
-0.657229743066
-0.00876204649491
-0.63042893853
-0.409529808541
-0.259034385068
-0.183286736951
-0.0791313299994
0.0636064919392
-0.679566546314
-1.02188509525
-0.135642765026
0.135309544968
-0.305688083001
-0.334884986429
-0.157591650609
-0.54629028818
0.156390827972
-0.0677773479247
-0.573361998135
-0.230032041519
-0.33464206329
-0.160449997383
-1.06135712561
-0.110604472526
0.118117957388
-0.121234304141
-0.322638904241
-0.00743311594632
0.143567072833
-0.172322203435
-0.155723368829
-0.430471530114
-0.236155256617
-0.180959601628
0.110185713015
-0.673687988642
0.170694679752
-0.445592980234
-0.323808104429
-0.0403016930297
-0.347187892913
-0.0262873351097
-0.447937089615
-0.0126360996113
-0.321013553169
-0.546596815103
-0.493293490063
-0.517889909893
-0.328931173867
0.0765752136219
0.126888037349
-0.246642311719
0.338119124103
-0.519737890811
-0.25565602508
-0.0543718286713
-0.0270865702624
0.0499577219642
-0.359466195116
-0.595126113033
-0.786206624418
-0.581350934261
-0.000623727379265
0.133142754773
-0.275162019173
0.0673451365617
-0.297134000565
-0.228051265224
-0.213045527422
-0.513073931892
-0.732378702949
0.0513847215184
-0.896673535337
-0.318811748707
0.103867249238
-0.187763277223
-0.0222912035563
-0.182283534914
-0.135438138952
-0.259673920067
-0.102466863027
0.153922126485
-0.0316814873403
0.0962740091976
-0.0336872843691
-0.350287181841
0.0646961759806
-0.0917319128664
-0.469753290711
-0.118330431481
-0.161821186046
-0.445073478665
-0.183207567386
-0.290799082701
0.037705023593
0.129288711229
-0.0372647857615
-0.231040675599
0.0544354536145
-0.578515061867
-0.484541574341
-0.347398402264
-0.0184528768241
-0.226066978514
-0.189607961486
-0.348666673907
-0.0987248238375
-0.364806572824
-0.562575984402
-0.0149848276479
-0.245665497125
-0.065755775806
-0.0379185944854
-0.340578860428
-0.0799706615424
-0.296742183083
-0.623669897279
-0.219523944275
0.170310257901
-0.265011201579
-0.122378542413
-0.108882760725
-0.296639758108
-0.370920657328
-0.347878657605
0.199101909728
-0.125536701041
-0.230711999271
-0.148107906918
-0.179012942408
-0.438168097252
-0.522830047717
-0.226048734346
0.0295995590601
-0.083990076009
-0.0432256098817
-0.102114502622
-0.173412569334
0.0694663376975
-0.402704252748
-0.280320257568
0.0235145843271
-0.207421188173
-0.184717093931
-0.0304904994807
-0.119779925837
-0.273779901299
-0.0802214090831
-0.370338883181
-0.395856270547
0.0629878710104
-0.229611316217
0.0565958181876
-0.203498361873
-0.0924019210365
-0.360945625259
-0.243436561929
-0.14107566341
-0.105136780893
-0.0082247189846
-0.46003269942
-0.103377401696
-0.260051239884
-0.29853686161
-0.0308665537125
-0.103121795768
-0.238132392256
-0.348367822363
-0.201174284687
-0.0818915610028
-0.0417927748555
-0.231485650107
-0.193133917703
-0.267574890654
-0.077800043373
-0.259125021455
-0.00261688514909
-0.256027925902
-0.123036257562
0.121663383163
-0.260284160102
-0.124451405799
-0.0557791278275
-0.211456796092
-0.0330138247622
-0.312719757551
-0.33191949532
-0.231667313042
-0.38124837317
-0.34006392153
-0.0146700311026
0.0662398573801
0.152743077869
-0.416744935989
-0.173686544276
-0.0697613161475
-0.0497649382537
-0.140885821562
-0.104527330437
-0.161257676615
-0.225898817027
-0.269910968062
-0.103307954924
-0.104049898048
-0.0255879709909
-0.106820633961
-0.253329025605
-0.246691064343
-0.00737608308565
-0.357691405906
-0.359589232478
-0.13052998003
-0.355559383172
-0.0506309720604
-0.246605310645
-0.0348556240419
-0.0805282826404
-0.160796210289
-0.309406751488
-0.295472678018
-0.146686276312
-0.186402865098
-0.220939817562
-0.395248383494
-0.0764355707596
-0.232804756852
0.0503831213912
-0.2333861561
-0.0178949512512
-0.550422273558
-0.220756816935
-0.272509948053
-0.116992967062
-0.178604660182
-0.0656763437153
-0.150419963007
-0.1997180664
-0.204797559722
-0.162762826861
-0.108621771686
-0.0233188815505
-0.289051653176
-0.065695420821
-0.126350934585
-0.206589542341
-0.340904847341
0.00342995593044
-0.128930842564
-0.292038730855
-0.261015054001
-0.062906851654
-0.292432627129
-0.0365751207465
-0.448966493907
-0.253273519823
-0.280864745844
-0.285292061909
-0.201459288598
-0.340605539896
-0.302304383578
-0.202824388073
-0.0787907289982
0.0214270151707
-0.369895091517
-0.0929085989276
-0.0573291056873
0.11777632782
0.16106979319
-0.401941467505
-0.0833965366966
-0.387130489735
-0.115331456391
-0.0781145972844
-0.183364410553
-0.00839701200599
-0.39797887307
-0.31354038879
-0.135686560813
-0.2203463277
-0.201657989756
-0.193065887563
-0.0716428632263
-0.354874214053
-0.0959890940741
-0.0746776269261
0.123126206091
-0.15374379105
-0.00315030317164
-0.128062005057
-0.336254968406
0.0396018299023
-0.135049008744
-0.237909037793
-0.0544487451514
0.0250932247721
-0.304971894146
-0.0139514004884
-0.0207910452098
-0.113362796868
-0.203347543441
-0.123311401157
-0.317416806125
-0.44601281017
-0.299712533675
0.237915555956
-0.0366282369081
-0.189583318023
-0.196930671258
-0.00642639708955
-0.102822231062
-0.172550424708
-0.159727774745
-0.104583879261
0.150625656276
-0.0240174916999
-0.312286522931
-0.182016010937
-0.0802697253571
-0.314201114376
-0.0444231857535
-0.234344422624
-0.15542078456
-0.125712589118
-0.228487489649
0.245722826904
0.0182385150255
0.0196691991013
-0.289925978883
0.0279162303684
-0.354547770914
0.0712498604353
-0.153929343556
-0.182305101971
-0.0346812839043
-0.0475801078957
-0.0248610579458
-0.0554742059033
-0.2349646628
-0.119389847741
-0.456805240684
-0.166840167256
-0.461907858241
-0.102141657648
-0.215597403645
-0.0126078287716
0.0562755754175
-0.215649726446
-0.182232209884
0.075520964825
-0.0392237163127
-0.0854160400625
-0.204496105273
-0.192062529744
-0.251113932468
-0.223447638856
-0.118909248697
-0.238430020887
0.0165033678186
-0.229420522434
-0.548268951778
0.0179765518152
0.125065710767
-0.309681739795
-0.204672187862
-0.164621701876
-0.271683581361
0.0664263163471
-0.305456689044
-0.477493700011
-0.161189730554
-0.0245472725319
-0.187649008995
-0.374574434813
-0.146458134603
-0.254248499175
-0.420932116613
-0.167038887761
-0.160804366992
0.0774076082175
-0.443786434034
-0.303838746784
-0.101732629151
-0.425198116808
-0.256275311376
-0.42296218371
-0.215089388003
-0.0338826890995
-0.509402982439
-0.310889642551
-0.214821499893
-0.172804176564
-0.0479352203156
-0.269546668433
-0.32111841008
0.0656331270668
-0.256916303593
-0.246428827359
-0.162648510978
-0.367207297332
-0.01662896265
-0.0666722188278
-0.302653969721
0.0874168175238
-0.348610636119
-0.243261185604
-0.00925401848827
-0.146200400576
0.142711426178
-0.146739453798
-0.193111928158
-0.514035056092
-0.324111437399
-0.0707512706856
-0.0214858389788
-0.283951068043
0.117827352675
-0.124176723922
-0.165810963903
-0.0897155307023
-0.271278649093
-0.574759340485
-0.106229202586
-0.538970900848
-0.498603864956
-1.787252995
1.30055585092
0.443252598975
0.121396212315
-0.453525197966
-2.45515737975
0.530466413716
0.0975899975849
-0.373933703842
-0.109212976454
-0.0280409475753
1.0334579874
0.135144206208
-0.00881453865904
0.451910822287
-1.00674465416
-0.475679236311
1.35922043428
-1.62006818708
1.66302855318
-0.176413369796
-0.179928743432
-0.639105856437
1.43656144768
0.0799157894609
0.737642037367
1.17548992371
1.00070778078
-1.37674188572
1.05789366074
1.86852001413
-1.256908182
-0.0464418635614
0.803067489932
1.12429991309
-0.221258777144
-0.145500380007
0.46396262698
-1.36274431573
0.31283245802
-0.401129922419
1.56292164085
-0.714492862203
-1.08637978178
-1.19396560567
0.468182535106
-0.279582382662
-1.59468118196
0.8732564002
-0.116454123043
-0.456647187368
-0.330435932404
0.124562144434
-0.126357767078
-0.867840980785
0.323338723923
-1.47668449642
1.18058078225
0.945344079598
0.591556371816
-0.689199711596
0.569124080561
-0.290167461784
0.646252114018
-0.339611720327
1.0808828537
-1.03645079698
0.502347858636
-2.10419486018
-0.286924284092
-0.346221696027
-0.120343609368
0.116401186865
0.0416813653957
-0.720902602981
-1.50247600615
-0.254586208778
0.55861887661
-0.484747574732
-0.385614137043
-0.109194257666
-0.654702462199
0.212841067111
-0.102535217257
-0.826401738352
-0.489043891466
-0.440048658761
-0.541456791836
-1.1447642855
-0.578624598758
0.1467024443
-0.169970768139
-0.363190157367
-0.209386941666
0.0555893771251
-0.701004749526
-0.304569787952
-0.0151424128679
-0.273832888356
-0.164592279968
0.00133485484784
-0.717719845446
0.31777196596
-0.654593853607
-0.623554830592
0.0288094113352
-0.220915873547
-0.0464132639525
-0.440968479916
-0.397886094607
-0.264319515243
-0.420458049142
-0.510339877244
-0.732936397461
-0.346149709629
-0.370449871284
0.0090296444601
-0.456435290714
0.678503347738
-0.772232986943
-0.38831738704
-0.101801758616
0.0422801819799
0.0397075552268
-0.576985416299
-0.632531998108
-0.565109267744
-0.685617137108
-0.0269586403745
0.199722580433
-0.147383472098
0.229211988865
-0.366335499619
-0.345131439587
-0.280027959075
-0.56179970471
-1.41519503857
0.23550512104
-1.33086043866
-0.291752446454
-0.254839591918
-0.137014313654
-0.00359223189222
-0.140350279465
-0.396755975242
-0.608684794143
-0.090233582865
-0.0805682152087
-0.202924500814
-0.351720811458
0.218904727248
-0.361064627187
-0.359240820003
-0.29001812467
-0.216994217778
-0.138951934608
-0.288023648554
0.0347762950325
-0.441227148398
-0.218805828599
-0.1517334745
-0.165556546859
-0.193273972402
-0.145751829068
-0.116640652141
-0.226123833729
-0.243375417875
-0.151805949199
-0.302705853877
-0.159246260778
-0.00850612824888
-0.197719950872
0.0455999161157
-0.344174999505
-0.358608452608
-0.161034941006
-0.185435104368
-0.400458682024
-0.321151004251
-0.320432356663
-0.252234919585
-0.280970591498
-0.353943294654
-0.213326202446
-0.211597587304
-0.49042530616
0.0243891641067
-0.229908766648
-0.182184984478
-0.461117789321
-0.345164045802
-0.0472159895037
-0.243554513254
-0.0146865921462
-0.256913897408
-0.178873529426
-0.229234820336
-0.386259103208
-0.203305000564
-0.381297264345
-0.138536278348
-0.231371588826
-0.0722361752381
-0.254841338107
-0.0468112713561
-0.259472156488
-0.371360649745
-0.28837807475
-0.540374889731
-0.281391710079
-0.235287855025
-0.119483511982
0.112737383742
-0.130136911416
-0.129743885006
-0.686472543503
-0.20999356612
-0.1214121582
-0.225602227722
-0.112863510691
-0.22247573886
-0.161515447015
-0.231461295611
-0.102060150624
-0.296170723197
-0.384956021439
-0.151794390953
-0.295004663379
-0.411887976958
-0.0196229512937
-0.0401298169301
-0.0810379624328
-0.197024526374
-0.276754484612
0.124735160559
-0.209522308855
-0.0911498371813
-0.0646845403852
-0.383987895789
-0.134903324347
-0.122395867301
0.0334073639052
-0.152251652863
-0.289534803777
-0.121018290531
-0.145610870604
-0.20790281035
0.0995494742139
-0.268968118408
-0.218651231823
-0.0864448030659
-0.0953603081773
-0.150588642343
-0.383024542688
-0.106014603731
-0.262155926342
-0.0439333355761
-0.0621475427754
-0.144763662653
-0.174982362849
-0.259048644511
-0.155316531803
0.00628517873451
-0.166587906293
-0.325884883097
-0.168120014248
-0.123285116579
-0.286125098104
-0.0336604978344
-0.169308659645
-0.147813000163
0.141571844702
-0.323792029594
-0.160053062509
-0.164919912473
-0.28575041647
-0.24538041217
-0.0546061422102
-0.275657584075
-0.158767986849
0.144607190154
-0.0936777059588
0.0524639513635
-0.2265314469
-0.125099166734
-0.259466534696
-0.334168832016
0.0699909815494
-0.179946670075
-0.151086856914
-0.091876433939
-0.337523644567
0.0578343413616
-0.234133038011
-0.264744816487
-0.240236551422
-0.157028196356
-0.425871848281
-0.296215048315
-0.309488952129
-0.127234057359
-0.0593834628181
-0.213635460626
-0.229832921609
-0.187317276602
-0.173838116404
-0.163045822561
0.122606119609
-0.340150800887
0.208201092384
-0.169994699275
-0.125804684332
-0.0735616960187
-0.108046226309
-0.3566386578
0.318555758665
-0.11207855123
-0.357022726988
-0.0472197447342
-0.221913544012
0.0696235578049
-0.286980800058
-0.294670417593
-0.228639688642
-0.0199519552585
-0.1135373649
-0.167519573275
-0.0606562754955
-0.0129109520025
-0.130944832205
-0.0913510135407
0.0810049246118
-0.129678831217
-0.111017496117
-0.0207565192909
-0.197200239212
-0.0430363105517
-0.0500456876759
-0.0797020013479
-0.137941553776
-0.103410963923
-0.315105938716
-0.229663726003
-0.00477097136725
0.0143600697612
-0.0520547972291
-0.127762822191
0.109357877223
-0.0922489750915
-0.141196320469
-0.00571100800459
0.6564833092
0.141005821411
-0.161385401944
0.812867922337
-0.0220274441811
0.170835933105
-0.226540015038
0.389110935276
0.0433634880598
0.534726002557
0.576947303929
0.182235307671
-2.26660134515
0.209835129879
0.465963322845
0.182495674333
0.212135001309
0.258281070124
-0.235326573675
0.346555339295
0.501768176588
0.128476752726
-0.593398087393
-0.0772959156729
-0.0976721238043
0.599338402381
0.609514839812
0.00915095879627
0.092905199053
0.757180053397
-0.213884330695
0.224080871605
0.281469803169
0.323930386041
1.11687365927
0.258970592498
0.525374784863
-0.419748801341
0.258299819183
0.16604988517
-0.049288985808
0.231244457334
0.449882710283
0.340029280995
0.227464554423
0.677432691649
-0.491185911595
0.107047567935
0.0471713582582
0.217466452639
0.445917469007
-0.083667359209
0.0558144709731
0.467719903267
1.94933194677
-0.313478202611
0.238890495224
0.070572404546
-0.218091070217
0.776278363373
-0.0246560088615
0.416987450296
0.549296111133
0.0115624474696
-0.65438445221
-0.555720282886
0.0140567616363
0.226400771316
0.176821503313
1.66899464074
0.502182412444
-0.29627663359
-0.284129861058
0.39667051219
-0.134331837275
-0.00149997111018
-0.564505469052
-0.124063153267
-0.298500052838
-0.21567388453
-0.0667199425194
-0.154002947362
-2.45100321636
-0.0777006961426
-0.152149985638
-0.349002938805
-0.045491634466
-0.190651636074
-0.472146263069
-0.484987658479
0.0882180819817
-0.170784583002
-0.678705343981
-0.231722120514
-0.357057467062
-0.0288898828702
-0.03906726857
-0.0664077743268
-0.211093372544
0.778142383042
0.0959278755511
-0.273823385287
-0.201592870014
-0.020126073089
0.396983848453
-0.257204428068
0.221659074877
-0.549778903475
-0.673747385073
-0.119757631592
-0.231261885638
0.12393370699
-0.229257246551
-0.621301812192
-0.302699171299
-0.029843145038
-0.714626970749
-0.160858057394
0.284360826242
-0.254342068159
1.97404582563
-0.417330412759
-0.243933274789
0.00304766105295
1.15287290596
-0.594736092342
-0.317297617866
-0.262023400104
-0.548474696108
0.187730799388
-0.319007911145
0.0148730360503
-0.033568934972
-0.586046138691
1.6875072595
-0.623146054738
0.517368658026
0.0411340578305
0.00250046948806
0.859394661466
1.15366267391
-0.27062318846
-0.578577993286
0.102820674146
-0.402497261048
0.120724140929
-0.305359193489
-0.322459952807
-0.236597243481
-0.234719230273
-0.331077392397
-0.151299091861
-2.51736924718
0.711285148174
-0.475523714294
-0.312737293443
0.392944841756
-0.244709463714
-0.0134029902296
-0.833184996382
0.140487716581
-0.404095271963
-0.271519250495
-0.0210275621568
-0.904126087372
0.525045448342
0.409226563326
0.150702354736
-0.162784618786
0.482136004443
-0.367268418826
0.213918593563
-0.368697945926
0.519932481101
2.41718669184
-0.41919918588
-0.118711416053
-0.372038719642
-0.687343946562
-0.251968794242
-0.235247514539
-0.202314843142
0.0289716439432
-0.372168119553
-0.0380288444547
-0.0461714282494
0.0430595857286
-0.591951647451
-0.13503565123
-0.21621500227
1.34120489485
0.443840230836
-0.109782277682
-0.178425627845
1.77081016232
-0.856888836833
-0.59653866471
-0.0100756429856
-0.52703579455
0.0587240211187
-0.133926259828
0.0856305738255
0.487794806636
-0.632125077433
-0.453859368191
-0.94860646492
-0.618500250398
-0.00951834207772
0.310536758805
1.84138463957
-0.0782766404923
-0.858975944314
-0.146555911195
0.0463913145929
-0.271485248
-0.264506109801
-0.767477810462
-0.648728222948
-0.767886707456
-0.540827671567
-0.827109246089
-0.573522134581
-2.36781869692
-0.850037359261
-0.731119317909
-0.636997238623
-0.590874939876
-0.679965461428
-1.27050877206
-0.702483933631
0.010556404582
-0.537257441186
-1.57588266384
-0.00789866155001
-0.92047635996
-0.318003595214
-0.0800249911434
-0.0853284548362
-0.54625719077
-0.190932355117
0.140963048883
-0.0162601745342
-0.372424027168
-0.406050623535
-1.27955885296
-0.389036701201
-0.239715295151
-1.19030979424
-0.62116312451
-0.467000500829
-0.281703193405
-0.705028568207
-0.109359107266
-0.347769706066
-0.241926873072
-0.0722048527211
-1.7961745987
-0.483163220988
0.11895279199
-0.491719327535
2.52503496815
-0.405263218798
-0.351589400875
-0.894649976618
2.964164431
-0.989218011104
-0.478114795739
-0.464137534093
-0.980750447753
-0.164895109578
-0.217100326087
0.257048032316
0.00532389163351
-0.59143066155
0.893629406997
-1.10525841733
-0.0170367523066
-0.443630278089
-0.347379062575
-0.590639387267
-0.470459956932
0.4378349408
-0.301082882325
-0.413559297001
-0.223604189679
0.191186528673
0.236529711578
0.316182670057
0.598548591628
-0.614242263978
-0.279833128382
-0.142607757341
-2.15105236363
-0.302402900624
-0.272208367842
0.497082155313
-0.617698908519
0.0352706870919
0.775556713955
0.33457442914
-0.961211959305
0.508215523811
0.696246442212
-0.12767353775
0.277963443076
0.199966215398
0.345855498165
-0.192168825518
-0.0304276394494
-0.474846166151
0.234389370054
0.196510094948
0.0951071639828
-0.253525054122
-1.75307233738
-0.115387644822
-0.138909287492
0.739054949687
0.0914060510088
-0.183837682396
-0.0354648353863
-0.498809960283
-0.178134384176
0.139243740499
-0.152386887018
-0.147084354933
0.393138357446
0.679406475556
-0.183755400479
-0.0266007322659
-0.880384297774
-0.122043063301
0.0868083919493
-0.158464311145
-1.24304605206
0.651978365968
-0.218383532506
0.429866487838
0.623959863004
-0.424832190196
0.186657397645
0.17775587824
0.102298803389
0.100757274021
0.520055430125
1.1975924492
0.495192588412
0.0972941919532
-0.180935601615
1.99091973032
-0.657518931914
0.885090310478
-0.168906372866
0.00728531029611
-0.0474948747814
0.224757834153
0.725282786746
0.822975844036
1.01772088512
0.483196106473
0.23919118234
0.429064295445
1.52084958631
-0.457248358234
1.04476189039
1.13383048766
0.352307847174
0.804485312845
0.722344424456
0.711654080815
0.330180825286
1.21820947702
0.59868151508
-0.242261860557
1.14216472682
0.581027456526
0.0359097958047
0.144883098612
0.449189130354
0.528545796994
0.198948874508
0.479850509397
0.848901290586
0.380528049601
-2.02418045898
0.648904558439
0.676148100845
0.826364275276
0.632662833107
0.508542318211
-0.00649489201298
0.819809288422
0.400660031313
0.954250696274
0.203290119654
-0.073514428331
0.143086152749
1.30007087813
-0.136827084292
0.0203806802976
2.67201978564
0.246305628667
0.490271290987
0.682563789036
1.84036429327
1.09983906298
0.194203997795
0.764088310945
0.918961584497
0.560948941825
0.543232613781
0.440649974929
0.59563668496
0.980722825305
-1.75087562308
1.22770928647
0.496012795109
0.26582665955
0.303193130684
-1.34943310986
-1.17075031606
-1.05974033007
-0.151085770441
0.107916000826
-0.35596948792
-0.753420720204
-0.767302495987
-0.595835500226
-1.33985310863
-0.848915466734
-0.554224422645
-0.684351590673
-0.623219378615
-1.51838987328
-0.681883305251
-1.31598263582
-0.86845590785
-0.895658631795
-1.5425087226
-0.765734912768
-0.4043813125
-0.518393874485
-1.63798711972
-0.553729866541
-1.35437579607
-1.02524487594
-0.379122995663
-0.809285207032
-0.767434340711
-0.224900625133
-0.497211787264
-0.455712207342
-0.816596555214
-0.779634167483
-2.26496294176
-0.593104920482
-0.741233156335
-1.36568802623
-1.0766903996
-0.483542685801
-0.304957050299
-0.829936329357
-0.717671407787
-0.772415579372
-0.503030829031
0.148060934412
-2.02791910948
-1.23524497629
0.275079435746
-0.563154013339
-1.87950087812
-0.654459885052
-0.579127374838
-0.668929308052
-1.13924224854
-1.26197225239
-0.70891276602
-0.94275333434
-1.53116320226
-1.03220827811
-0.568202661097
-0.669762319856
-0.403355271064
-0.479024847653
-4.87186575246
-1.34585412504
-0.50836749402
-0.494009308972
-0.377773281217
-1.99541224076
-0.821119539207
-0.627787815771
-0.397726116632
0.561963054122
-0.0809247355082
-0.343301903219
-0.399742990963
-0.233485200127
-0.716350236713
0.743303514784
-0.0795901795398
-0.00647555608918
-0.161878087434
-1.61711816434
0.282491623287
-0.184479758456
0.236383536202
0.284814653209
-1.41850030683
0.140059743533
0.395424418285
-0.211973227195
-1.66159966178
0.509409170655
0.108815617337
0.281797840396
0.706391978585
0.16119678936
-0.0334556195716
1.16175660812
-0.107324922463
-0.325498206087
0.0200146667647
0.388327512994
-2.43876618804
0.104149208302
0.413080398194
-1.21439842415
-0.0231411997773
0.164463207125
-0.234704339557
0.258934136957
0.772112886656
0.249554331162
-0.268479829881
0.1338554288
-2.13344330861
-0.202994848727
0.158841808752
-0.28268450667
-2.04998837153
-0.150310555736
-0.0640516039899
0.982760080181
-3.02847345127
-0.833437863993
-0.132916695459
-0.520085429062
-0.856323729112
0.839187469408
0.283028090257
0.262155070025
0.641205086789
0.326764340209
-5.59331852441
-1.27709974237
0.0179673440692
-0.0532864629802
0.997211928288
-1.96182060294
-1.16832364287
-0.213717343284
-0.244003261426
0.251955277507
-0.393691439846
-0.551797661973
0.334774723568
-0.138970724466
-0.290134678326
0.737593198595
-0.0223740640899
-0.384096487084
3.9831789015
-1.541256883
0.970129753608
0.0698984386148
0.358310973507
0.386644203951
-0.845085927114
0.384601764212
0.818431436394
0.016612861366
-1.44641656049
-0.506054462512
0.954577192269
0.285451754322
0.0409530361915
-0.187530424686
-0.315341463229
0.529217330029
0.167129117464
-0.0770184869254
0.121089513851
0.433352743039
-1.96328953778
0.0426321547619
0.211570468824
-1.06112052395
0.092995377594
0.261351102794
0.101304759742
1.09652483718
0.531997504131
0.560196050069
0.241071534833
-0.432785430057
-1.5976701324
-0.166633285702
-0.181310561767
-0.660967079645
-3.37474870306
-0.0463362603045
-0.331401066893
-0.391208137581
-0.330848347145
-0.410401371548
-0.207785283304
-0.39177406904
-0.417271120968
0.855292196548
0.318033255621
-0.00298682428185
0.176725733929
-0.228049126373
-2.97917443572
-0.527307822482
-0.206914955596
-0.376302192337
-0.00585370204196